-0.981748 -1.0029 -7261.54
-0.589049 -1.0029 4402.84
-0.19635 -1.0029 -6531.42
0.19635 -1.0029 -11942
0.589049 -1.0029 -2260.73
0.981748 -1.0029 -9636.21
1.37445 -1.0029 -9561.93
1.76715 -1.0029 -1195.45
2.15984 -1.0029 -1106.17
2.55254 -1.0029 -11389.8
2.94524 -1.0029 -9014.41
3.33794 -1.0029 4476.3
3.73064 -1.0029 649.312
4.12334 -1.0029 -144.542
4.51604 -1.0029 1017.45
4.90874 -1.0029 -9089.76
5.30144 -1.0029 -10635.1
5.69414 -1.0029 1559.65
6.08684 -1.0029 4066.25
6.47953 -1.0029 -311.721
6.87223 -1.0029 -1954.37
7.26493 -1.0029 9191.38
7.65763 -1.0029 14661.6
8.05033 -1.0029 13374.6
8.44303 -1.0029 8810.23
8.83573 -1.0029 1739.92
9.22843 -1.0029 7449.54
9.62113 -1.0029 10742.7
10.0138 -1.0029 11473.8
10.4065 -1.0029 11427
10.7992 -1.0029 144.073
11.1919 -1.0029 -13481.2
11.5846 -1.0029 -7261.54
11.9773 -1.0029 4402.84
12.37 -1.0029 -6531.42
12.7627 -1.0029 -11942
13.1554 -1.0029 -2260.73
13.5481 -1.0029 -9636.21

-0.981748 -0.9971 -7261.54
-0.589049 -0.9971 4402.84
-0.19635 -0.9971 -6531.42
0.19635 -0.9971 -11942
0.589049 -0.9971 -2260.73
0.981748 -0.9971 -9636.21
1.37445 -0.9971 -9561.93
1.76715 -0.9971 -1195.45
2.15984 -0.9971 -1106.17
2.55254 -0.9971 -11389.8
2.94524 -0.9971 -9014.41
3.33794 -0.9971 4476.3
3.73064 -0.9971 649.312
4.12334 -0.9971 -144.542
4.51604 -0.9971 1017.45
4.90874 -0.9971 -9089.76
5.30144 -0.9971 -10635.1
5.69414 -0.9971 1559.65
6.08684 -0.9971 4066.25
6.47953 -0.9971 -311.721
6.87223 -0.9971 -1954.37
7.26493 -0.9971 9191.38
7.65763 -0.9971 14661.6
8.05033 -0.9971 13374.6
8.44303 -0.9971 8810.23
8.83573 -0.9971 1739.92
9.22843 -0.9971 7449.54
9.62113 -0.9971 10742.7
10.0138 -0.9971 11473.8
10.4065 -0.9971 11427
10.7992 -0.9971 144.073
11.1919 -0.9971 -13481.2
11.5846 -0.9971 -7261.54
11.9773 -0.9971 4402.84
12.37 -0.9971 -6531.42
12.7627 -0.9971 -11942
13.1554 -0.9971 -2260.73
13.5481 -0.9971 -9636.21

-0.981748 -0.990315 -7269.34
-0.589049 -0.990315 4425.66
-0.19635 -0.990315 -6534.54
0.19635 -0.990315 -11947.7
0.589049 -0.990315 -2249
0.981748 -0.990315 -9641.36
1.37445 -0.990315 -9574.56
1.76715 -0.990315 -1183.24
2.15984 -0.990315 -1087.95
2.55254 -0.990315 -11400
2.94524 -0.990315 -9024.94
3.33794 -0.990315 4494.13
3.73064 -0.990315 640.26
4.12334 -0.990315 -159.979
4.51604 -0.990315 1034.2
4.90874 -0.990315 -9095.97
5.30144 -0.990315 -10634.6
5.69414 -0.990315 1565.98
6.08684 -0.990315 4069.75
6.47953 -0.990315 -304.748
6.87223 -0.990315 -1968.67
7.26493 -0.990315 9193.29
7.65763 -0.990315 14661.3
8.05033 -0.990315 13378.3
8.44303 -0.990315 8816.17
8.83573 -0.990315 1729.5
9.22843 -0.990315 7456.84
9.62113 -0.990315 10757.3
10.0138 -0.990315 11469.8
10.4065 -0.990315 11425.7
10.7992 -0.990315 145.771
11.1919 -0.990315 -13491.8
11.5846 -0.990315 -7269.34
11.9773 -0.990315 4425.66
12.37 -0.990315 -6534.54
12.7627 -0.990315 -11947.7
13.1554 -0.990315 -2249
13.5481 -0.990315 -9641.36

-0.981748 -0.981237 -7300.44
-0.589049 -0.981237 4471.8
-0.19635 -0.981237 -6543.16
0.19635 -0.981237 -11970
0.589049 -0.981237 -2213.12
0.981748 -0.981237 -9670.69
1.37445 -0.981237 -9607.95
1.76715 -0.981237 -1154
2.15984 -0.981237 -1025.72
2.55254 -0.981237 -11423.9
2.94524 -0.981237 -9073.82
3.33794 -0.981237 4547.57
3.73064 -0.981237 625.791
4.12334 -0.981237 -213.607
4.51604 -0.981237 1077
4.90874 -0.981237 -9100.07
5.30144 -0.981237 -10616.3
5.69414 -0.981237 1561.1
6.08684 -0.981237 4062.12
6.47953 -0.981237 -283.579
6.87223 -0.981237 -1994.59
7.26493 -0.981237 9204.78
7.65763 -0.981237 14660.9
8.05033 -0.981237 13395.6
8.44303 -0.981237 8832.39
8.83573 -0.981237 1688.16
9.22843 -0.981237 7472.82
9.62113 -0.981237 10807.2
10.0138 -0.981237 11474.6
10.4065 -0.981237 11409.5
10.7992 -0.981237 128.672
11.1919 -0.981237 -13517.8
11.5846 -0.981237 -7300.44
11.9773 -0.981237 4471.8
12.37 -0.981237 -6543.16
12.7627 -0.981237 -11970
13.1554 -0.981237 -2213.12
13.5481 -0.981237 -9670.69

-0.981748 -0.969125 -7330.63
-0.589049 -0.969125 4555.81
-0.19635 -0.969125 -6547.05
0.19635 -0.969125 -12006.1
0.589049 -0.969125 -2157.32
0.981748 -0.969125 -9703.68
1.37445 -0.969125 -9680.19
1.76715 -0.969125 -1130.06
2.15984 -0.969125 -881.342
2.55254 -0.969125 -11430.6
2.94524 -0.969125 -9197.7
3.33794 -0.969125 4655.01
3.73064 -0.969125 633.725
4.12334 -0.969125 -319.276
4.51604 -0.969125 1166.24
4.90874 -0.969125 -9115.56
5.30144 -0.969125 -10657.5
5.69414 -0.969125 1563.73
6.08684 -0.969125 4118.89
6.47953 -0.969125 -261.142
6.87223 -0.969125 -2070.53
7.26493 -0.969125 9252.36
7.65763 -0.969125 14646.2
8.05033 -0.969125 13446.5
8.44303 -0.969125 8860.15
8.83573 -0.969125 1557.75
9.22843 -0.969125 7496.14
9.62113 -0.969125 10904.2
10.0138 -0.969125 11514.4
10.4065 -0.969125 11384.9
10.7992 -0.969125 32.1884
11.1919 -0.969125 -13546.4
11.5846 -0.969125 -7330.63
11.9773 -0.969125 4555.81
12.37 -0.969125 -6547.05
12.7627 -0.969125 -12006.1
13.1554 -0.969125 -2157.32
13.5481 -0.969125 -9703.68

-0.981748 -0.953025 -7513.97
-0.589049 -0.953025 4776.66
-0.19635 -0.953025 -6443.89
0.19635 -0.953025 -12228.3
0.589049 -0.953025 -2119.57
0.981748 -0.953025 -9796.23
1.37445 -0.953025 -9800.45
1.76715 -0.953025 -1017.12
2.15984 -0.953025 -605.51
2.55254 -0.953025 -11484.2
2.94524 -0.953025 -9386.86
3.33794 -0.953025 4761.13
3.73064 -0.953025 583.374
4.12334 -0.953025 -344.918
4.51604 -0.953025 1358.03
4.90874 -0.953025 -9269.45
5.30144 -0.953025 -10739.3
5.69414 -0.953025 1717.08
6.08684 -0.953025 4254.88
6.47953 -0.953025 -294.971
6.87223 -0.953025 -2270.5
7.26493 -0.953025 9315.88
7.65763 -0.953025 14582.6
8.05033 -0.953025 13556.2
8.44303 -0.953025 9018.94
8.83573 -0.953025 1298.81
9.22843 -0.953025 7425.25
9.62113 -0.953025 11137
10.0138 -0.953025 11565.4
10.4065 -0.953025 11194.9
10.7992 -0.953025 44.0597
11.1919 -0.953025 -13483
11.5846 -0.953025 -7513.97
11.9773 -0.953025 4776.66
12.37 -0.953025 -6443.89
12.7627 -0.953025 -12228.3
13.1554 -0.953025 -2119.57
13.5481 -0.953025 -9796.23

-0.981748 -0.931728 -7594.21
-0.589049 -0.931728 5503.82
-0.19635 -0.931728 -6617.02
0.19635 -0.931728 -12597.8
0.589049 -0.931728 -1972.29
0.981748 -0.931728 -9856.73
1.37445 -0.931728 -10076.6
1.76715 -0.931728 -1222.66
2.15984 -0.931728 147.079
2.55254 -0.931728 -11249.4
2.94524 -0.931728 -9935.97
3.33794 -0.931728 4798.02
3.73064 -0.931728 628.723
4.12334 -0.931728 -190.987
4.51604 -0.931728 1384.48
4.90874 -0.931728 -9700.12
5.30144 -0.931728 -10603.7
5.69414 -0.931728 1677.88
6.08684 -0.931728 4577.28
6.47953 -0.931728 -307.165
6.87223 -0.931728 -2524.95
7.26493 -0.931728 9753.64
7.65763 -0.931728 14224.8
8.05033 -0.931728 13691.4
8.44303 -0.931728 9100.05
8.83573 -0.931728 938.759
9.22843 -0.931728 7622.21
9.62113 -0.931728 11674.8
10.0138 -0.931728 11434.6
10.4065 -0.931728 10594.7
10.7992 -0.931728 136.503
11.1919 -0.931728 -13709.5
11.5846 -0.931728 -7594.21
11.9773 -0.931728 5503.82
12.37 -0.931728 -6617.02
12.7627 -0.931728 -12597.8
13.1554 -0.931728 -1972.29
13.5481 -0.931728 -9856.73

-0.981748 -0.903736 -7560.35
-0.589049 -0.903736 6119.53
-0.19635 -0.903736 -6367.34
0.19635 -0.903736 -13167.9
0.589049 -0.903736 -2192.54
0.981748 -0.903736 -10463.5
1.37445 -0.903736 -9771.69
1.76715 -0.903736 -991.482
2.15984 -0.903736 504.482
2.55254 -0.903736 -11273.7
2.94524 -0.903736 -9857.87
3.33794 -0.903736 5198.86
3.73064 -0.903736 383.389
4.12334 -0.903736 225.044
4.51604 -0.903736 1442.36
4.90874 -0.903736 -10487.9
5.30144 -0.903736 -10430.9
5.69414 -0.903736 1964.69
6.08684 -0.903736 4774.85
6.47953 -0.903736 -20.5804
6.87223 -0.903736 -2859.76
7.26493 -0.903736 9843.12
7.65763 -0.903736 14000.4
8.05033 -0.903736 13678.9
8.44303 -0.903736 9085.82
8.83573 -0.903736 897.274
9.22843 -0.903736 7682.98
9.62113 -0.903736 11770.5
10.0138 -0.903736 11657
10.4065 -0.903736 9860.64
10.7992 -0.903736 -543.571
11.1919 -0.903736 -13347.7
11.5846 -0.903736 -7560.35
11.9773 -0.903736 6119.53
12.37 -0.903736 -6367.34
12.7627 -0.903736 -13167.9
13.1554 -0.903736 -2192.54
13.5481 -0.903736 -10463.5

-0.981748 -0.867255 -8648.4
-0.589049 -0.867255 6276.09
-0.19635 -0.867255 -4769.93
0.19635 -0.867255 -14272.8
0.589049 -0.867255 -4275.88
0.981748 -0.867255 -11333.5
1.37445 -0.867255 -7785.92
1.76715 -0.867255 -110.139
2.15984 -0.867255 524.641
2.55254 -0.867255 -12537.8
2.94524 -0.867255 -9573.46
3.33794 -0.867255 6606.86
3.73064 -0.867255 291.166
4.12334 -0.867255 399.751
4.51604 -0.867255 577.834
4.90874 -0.867255 -12118.4
5.30144 -0.867255 -10117
5.69414 -0.867255 3984.78
6.08684 -0.867255 5630.81
6.47953 -0.867255 -1191.38
6.87223 -0.867255 -3551.21
7.26493 -0.867255 10395.3
7.65763 -0.867255 12827.4
8.05033 -0.867255 14564
8.44303 -0.867255 10225.6
8.83573 -0.867255 -222.68
9.22843 -0.867255 6578.85
9.62113 -0.867255 12431.2
10.0138 -0.867255 12494.5
10.4065 -0.867255 8724.44
10.7992 -0.867255 -467.162
11.1919 -0.867255 -11619
11.5846 -0.867255 -8648.4
11.9773 -0.867255 6276.09
12.37 -0.867255 -4769.93
12.7627 -0.867255 -14272.8
13.1554 -0.867255 -4275.88
13.5481 -0.867255 -11333.5

-0.981748 -0.820231 -8807
-0.589049 -0.820231 5168.03
-0.19635 -0.820231 -4039.74
0.19635 -0.820231 -13717.3
0.589049 -0.820231 -5603.73
0.981748 -0.820231 -13132.1
1.37445 -0.820231 -5885.29
1.76715 -0.820231 1130.84
2.15984 -0.820231 -1499.8
2.55254 -0.820231 -13423.5
2.94524 -0.820231 -8767.81
3.33794 -0.820231 6054.97
3.73064 -0.820231 2572.88
4.12334 -0.820231 2326.13
4.51604 -0.820231 -2262.48
4.90874 -0.820231 -13355.2
5.30144 -0.820231 -8582.73
5.69414 -0.820231 6555.9
6.08684 -0.820231 4545.73
6.47953 -0.820231 -2468.7
6.87223 -0.820231 -5000.83
7.26493 -0.820231 8597.92
7.65763 -0.820231 12846.8
8.05033 -0.820231 17291.4
8.44303 -0.820231 12064.2
8.83573 -0.820231 -1762.24
9.22843 -0.820231 5875.77
9.62113 -0.820231 12999.3
10.0138 -0.820231 11063.7
10.4065 -0.820231 8430
10.7992 -0.820231 1397.81
11.1919 -0.820231 -10626.4
11.5846 -0.820231 -8807
11.9773 -0.820231 5168.03
12.37 -0.820231 -4039.74
12.7627 -0.820231 -13717.3
13.1554 -0.820231 -5603.73
13.5481 -0.820231 -13132.1

-0.981748 -0.760465 -8927.82
-0.589049 -0.760465 4723.75
-0.19635 -0.760465 -288.232
0.19635 -0.760465 -14040.8
0.589049 -0.760465 -8979.74
0.981748 -0.760465 -14697.6
1.37445 -0.760465 -4276.32
1.76715 -0.760465 4389.13
2.15984 -0.760465 -2900.43
2.55254 -0.760465 -13556.3
2.94524 -0.760465 -9978.31
3.33794 -0.760465 3676.49
3.73064 -0.760465 8062.49
4.12334 -0.760465 6400.31
4.51604 -0.760465 -9006.89
4.90874 -0.760465 -17274.2
5.30144 -0.760465 -3485.05
5.69414 -0.760465 9189.73
6.08684 -0.760465 2412.36
6.47953 -0.760465 -2097.41
6.87223 -0.760465 -6949.96
7.26493 -0.760465 6814.93
7.65763 -0.760465 14885.1
8.05033 -0.760465 18022.8
8.44303 -0.760465 14340
8.83573 -0.760465 -4615.93
9.22843 -0.760465 5968.02
9.62113 -0.760465 15208.8
10.0138 -0.760465 9071.44
10.4065 -0.760465 6692.68
10.7992 -0.760465 70.2307
11.1919 -0.760465 -8844.93
11.5846 -0.760465 -8927.82
11.9773 -0.760465 4723.75
12.37 -0.760465 -288.232
12.7627 -0.760465 -14040.8
13.1554 -0.760465 -8979.74
13.5481 -0.760465 -14697.6

-0.981748 -0.685849 -10859.3
-0.589049 -0.685849 3500.66
-0.19635 -0.685849 1803.58
0.19635 -0.685849 -15518.7
0.589049 -0.685849 -12215.3
0.981748 -0.685849 -12634.5
1.37445 -0.685849 653.497
1.76715 -0.685849 5096.2
2.15984 -0.685849 -6030.94
2.55254 -0.685849 -14746.9
2.94524 -0.685849 -7507.59
3.33794 -0.685849 6524.13
3.73064 -0.685849 8080.79
4.12334 -0.685849 7720
4.51604 -0.685849 -11538.2
4.90874 -0.685849 -20080.2
5.30144 -0.685849 -2776.97
5.69414 -0.685849 10966.8
6.08684 -0.685849 3195.43
6.47953 -0.685849 -4794.73
6.87223 -0.685849 -8204.54
7.26493 -0.685849 4808.3
7.65763 -0.685849 19021.6
8.05033 -0.685849 18882.4
8.44303 -0.685849 13048.6
8.83573 -0.685849 -2847.1
9.22843 -0.685849 7276.8
9.62113 -0.685849 15906.6
10.0138 -0.685849 6931.61
10.4065 -0.685849 4149.59
10.7992 -0.685849 -805.589
11.1919 -0.685849 -6835.22
11.5846 -0.685849 -10859.3
11.9773 -0.685849 3500.66
12.37 -0.685849 1803.58
12.7627 -0.685849 -15518.7
13.1554 -0.685849 -12215.3
13.5481 -0.685849 -12634.5

-0.981748 -0.594734 -10813.6
-0.589049 -0.594734 5767.32
-0.19635 -0.594734 -1256.9
0.19635 -0.594734 -19281.4
0.589049 -0.594734 -11697
0.981748 -0.594734 -5931.03
1.37445 -0.594734 2791.42
1.76715 -0.594734 5060.48
2.15984 -0.594734 -8178.25
2.55254 -0.594734 -16022.6
2.94524 -0.594734 1009.73
3.33794 -0.594734 3036.86
3.73064 -0.594734 3433.13
4.12334 -0.594734 10965
4.51604 -0.594734 -13033.1
4.90874 -0.594734 -20834.3
5.30144 -0.594734 -6835.65
5.69414 -0.594734 14796.7
6.08684 -0.594734 4966.01
6.47953 -0.594734 -7860.03
6.87223 -0.594734 -7825.02
7.26493 -0.594734 8313.86
7.65763 -0.594734 22520
8.05033 -0.594734 11294.7
8.44303 -0.594734 9339.68
8.83573 -0.594734 3269.93
9.22843 -0.594734 10108.9
9.62113 -0.594734 12608.1
10.0138 -0.594734 11344.3
10.4065 -0.594734 434.124
10.7992 -0.594734 -5638.76
11.1919 -0.594734 -5708.19
11.5846 -0.594734 -10813.6
11.9773 -0.594734 5767.32
12.37 -0.594734 -1256.9
12.7627 -0.594734 -19281.4
13.1554 -0.594734 -11697
13.5481 -0.594734 -5931.03

-0.981748 -0.486425 -2885.77
-0.589049 -0.486425 8064.48
-0.19635 -0.486425 -10739.5
0.19635 -0.486425 -22000.4
0.589049 -0.486425 -5628.73
0.981748 -0.486425 -867.986
1.37445 -0.486425 -5419.94
1.76715 -0.486425 -1609.41
2.15984 -0.486425 6628.86
2.55254 -0.486425 -13834.3
2.94524 -0.486425 -8353.48
3.33794 -0.486425 7311.82
3.73064 -0.486425 665.954
4.12334 -0.486425 5146.75
4.51604 -0.486425 -3697.73
4.90874 -0.486425 -17033
5.30144 -0.486425 -12886.8
5.69414 -0.486425 9383.46
6.08684 -0.486425 7334.43
6.47953 -0.486425 -5220.39
6.87223 -0.486425 -9153.92
7.26493 -0.486425 3916.9
7.65763 -0.486425 23438.1
8.05033 -0.486425 12909
8.44303 -0.486425 784.538
8.83573 -0.486425 8029.61
9.22843 -0.486425 22906.8
9.62113 -0.486425 11880.2
10.0138 -0.486425 5204.75
10.4065 -0.486425 -1499.46
10.7992 -0.486425 -7978.45
11.1919 -0.486425 -4716.82
11.5846 -0.486425 -2885.77
11.9773 -0.486425 8064.48
12.37 -0.486425 -10739.5
12.7627 -0.486425 -22000.4
13.1554 -0.486425 -5628.73
13.5481 -0.486425 -867.986

-0.981748 -0.361703 -3691.13
-0.589049 -0.361703 10376.4
-0.19635 -0.361703 -11139.2
0.19635 -0.361703 -12874.3
0.589049 -0.361703 -7083.57
0.981748 -0.361703 -1813.35
1.37445 -0.361703 681.934
1.76715 -0.361703 -3996.76
2.15984 -0.361703 3485.64
2.55254 -0.361703 -12933.1
2.94524 -0.361703 -7888.64
3.33794 -0.361703 9326.8
3.73064 -0.361703 5188.86
4.12334 -0.361703 -2456.81
4.51604 -0.361703 -11080.7
4.90874 -0.361703 -11053.1
5.30144 -0.361703 -13326.1
5.69414 -0.361703 9092.39
6.08684 -0.361703 12505.6
6.47953 -0.361703 -15465
6.87223 -0.361703 -4608.81
7.26493 -0.361703 16681.5
7.65763 -0.361703 16212.9
8.05033 -0.361703 -144.06
8.44303 -0.361703 -691.403
8.83573 -0.361703 7390.84
9.22843 -0.361703 24932.7
9.62113 -0.361703 27098.9
10.0138 -0.361703 -5872.19
10.4065 -0.361703 -5665.21
10.7992 -0.361703 2535
11.1919 -0.361703 -13679.9
11.5846 -0.361703 -3691.13
11.9773 -0.361703 10376.4
12.37 -0.361703 -11139.2
12.7627 -0.361703 -12874.3
13.1554 -0.361703 -7083.57
13.5481 -0.361703 -1813.35

-0.981748 -0.223212 9377.22
-0.589049 -0.223212 20828.1
-0.19635 -0.223212 -17169.6
0.19635 -0.223212 -25402.4
0.589049 -0.223212 -1082.6
0.981748 -0.223212 7501.22
1.37445 -0.223212 7534.31
1.76715 -0.223212 -8254.04
2.15984 -0.223212 -16651.7
2.55254 -0.223212 -10645.1
2.94524 -0.223212 2742.62
3.33794 -0.223212 7676.91
3.73064 -0.223212 3028.46
4.12334 -0.223212 4357.71
4.51604 -0.223212 -12434.2
4.90874 -0.223212 -26362
5.30144 -0.223212 -9899.44
5.69414 -0.223212 9157.24
6.08684 -0.223212 11899.4
6.47953 -0.223212 -13516.5
6.87223 -0.223212 -15382.8
7.26493 -0.223212 22773.4
7.65763 -0.223212 27129.9
8.05033 -0.223212 -11371.7
8.44303 -0.223212 -4187.98
8.83573 -0.223212 15330.3
9.22843 -0.223212 22758.4
9.62113 -0.223212 23994.7
10.0138 -0.223212 -3300.44
10.4065 -0.223212 -8466.24
10.7992 -0.223212 -4194.8
11.1919 -0.223212 -7454.06
11.5846 -0.223212 9377.22
11.9773 -0.223212 20828.1
12.37 -0.223212 -17169.6
12.7627 -0.223212 -25402.4
13.1554 -0.223212 -1082.6
13.5481 -0.223212 7501.22

-0.981748 -0.0754897 7524.95
-0.589049 -0.0754897 11084.3
-0.19635 -0.0754897 -19940.6
0.19635 -0.0754897 -19178.1
0.589049 -0.0754897 -4747.49
0.981748 -0.0754897 4233.01
1.37445 -0.0754897 12419.6
1.76715 -0.0754897 -12904.1
2.15984 -0.0754897 -25479.7
2.55254 -0.0754897 -3851.37
2.94524 -0.0754897 21560.4
3.33794 -0.0754897 12742.1
3.73064 -0.0754897 -6609.82
4.12334 -0.0754897 -1958.02
4.51604 -0.0754897 -15051.9
4.90874 -0.0754897 -23281.9
5.30144 -0.0754897 -2734.01
5.69414 -0.0754897 6638.73
6.08684 -0.0754897 -3326.42
6.47953 -0.0754897 -17207.2
6.87223 -0.0754897 -4588.08
7.26493 -0.0754897 29494.4
7.65763 -0.0754897 24167.8
8.05033 -0.0754897 -4958.55
8.44303 -0.0754897 1442.17
8.83573 -0.0754897 14080.9
9.22843 -0.0754897 8162.53
9.62113 -0.0754897 21429.4
10.0138 -0.0754897 -2353.63
10.4065 -0.0754897 -11621.6
10.7992 -0.0754897 9658.12
11.1919 -0.0754897 -4526.31
11.5846 -0.0754897 7524.95
11.9773 -0.0754897 11084.3
12.37 -0.0754897 -19940.6
12.7627 -0.0754897 -19178.1
13.1554 -0.0754897 -4747.49
13.5481 -0.0754897 4233.01

-0.981748 0.0754897 7277.45
-0.589049 0.0754897 15648.6
-0.19635 0.0754897 -6372.74
0.19635 0.0754897 -18889.7
0.589049 0.0754897 -5121.06
0.981748 0.0754897 659.768
1.37445 0.0754897 -2751.31
1.76715 0.0754897 -5323.21
2.15984 0.0754897 -19534.9
2.55254 0.0754897 -4498.76
2.94524 0.0754897 21612.3
3.33794 0.0754897 10750.5
3.73064 0.0754897 -7953.02
4.12334 0.0754897 2110.1
4.51604 0.0754897 -11413.1
4.90874 0.0754897 -39699.6
5.30144 0.0754897 -14870.5
5.69414 0.0754897 12882.2
6.08684 0.0754897 4278.29
6.47953 0.0754897 -10820.1
6.87223 0.0754897 -12430.5
7.26493 0.0754897 26611.3
7.65763 0.0754897 33990
8.05033 0.0754897 -3218.45
8.44303 0.0754897 -7135.29
8.83573 0.0754897 7523.06
9.22843 0.0754897 23254.6
9.62113 0.0754897 10460.2
10.0138 0.0754897 -1814.24
10.4065 0.0754897 -710.069
10.7992 0.0754897 -1031.05
11.1919 0.0754897 -3115.12
11.5846 0.0754897 7277.45
11.9773 0.0754897 15648.6
12.37 0.0754897 -6372.74
12.7627 0.0754897 -18889.7
13.1554 0.0754897 -5121.06
13.5481 0.0754897 659.768

-0.981748 0.223212 16277.9
-0.589049 0.223212 4302.79
-0.19635 0.223212 -9483.99
0.19635 0.223212 -7487.98
0.589049 0.223212 -6336.66
0.981748 0.223212 -1000.7
1.37445 0.223212 2318.89
1.76715 0.223212 -9090.89
2.15984 0.223212 -15260.5
2.55254 0.223212 -2871.64
2.94524 0.223212 131.422
3.33794 0.223212 11374.4
3.73064 0.223212 7092.43
4.12334 0.223212 -11718.4
4.51604 0.223212 -13135.5
4.90874 0.223212 -31697.9
5.30144 0.223212 -4141.72
5.69414 0.223212 7791.66
6.08684 0.223212 -4879.64
6.47953 0.223212 -9982.78
6.87223 0.223212 -5268.43
7.26493 0.223212 30050
7.65763 0.223212 26944.8
8.05033 0.223212 -1986.03
8.44303 0.223212 2464.38
8.83573 0.223212 7625.96
9.22843 0.223212 14571.4
9.62113 0.223212 10980.8
10.0138 0.223212 -2439.9
10.4065 0.223212 -6892.84
10.7992 0.223212 -8932.78
11.1919 0.223212 10653.3
11.5846 0.223212 16277.9
11.9773 0.223212 4302.79
12.37 0.223212 -9483.99
12.7627 0.223212 -7487.98
13.1554 0.223212 -6336.66
13.5481 0.223212 -1000.7

-0.981748 0.361703 9410.17
-0.589049 0.361703 1695.08
-0.19635 0.361703 984.441
0.19635 0.361703 -7350.98
0.589049 0.361703 -9169.2
0.981748 0.361703 -12631.9
1.37445 0.361703 -3522.11
1.76715 0.361703 -7541.46
2.15984 0.361703 -17191.1
2.55254 0.361703 -334.763
2.94524 0.361703 6526.01
3.33794 0.361703 8658.6
3.73064 0.361703 3311.33
4.12334 0.361703 -17966.5
4.51604 0.361703 -9198.98
4.90874 0.361703 -13700.6
5.30144 0.361703 -15238.7
5.69414 0.361703 6429.45
6.08684 0.361703 -303.379
6.47953 0.361703 -12452.4
6.87223 0.361703 -3860.65
7.26493 0.361703 28887.9
7.65763 0.361703 32977.6
8.05033 0.361703 -3523.24
8.44303 0.361703 6411.91
8.83573 0.361703 13185.3
9.22843 0.361703 1350.74
9.62113 0.361703 10512.2
10.0138 0.361703 -3630.19
10.4065 0.361703 -14036.9
10.7992 0.361703 1271.54
11.1919 0.361703 20217.4
11.5846 0.361703 9410.17
11.9773 0.361703 1695.08
12.37 0.361703 984.441
12.7627 0.361703 -7350.98
13.1554 0.361703 -9169.2
13.5481 0.361703 -12631.9

-0.981748 0.486425 11596
-0.589049 0.486425 8201.16
-0.19635 0.486425 -2448.13
0.19635 0.486425 -8876.48
0.589049 0.486425 -3684.35
0.981748 0.486425 -11283.5
1.37445 0.486425 -8962.78
1.76715 0.486425 -7410.14
2.15984 0.486425 -11875.6
2.55254 0.486425 1013.6
2.94524 0.486425 742.568
3.33794 0.486425 1902.72
3.73064 0.486425 3969.08
4.12334 0.486425 -22661.7
4.51604 0.486425 -16474.3
4.90874 0.486425 -6684.7
5.30144 0.486425 -3090.75
5.69414 0.486425 6284.02
6.08684 0.486425 -1854.69
6.47953 0.486425 -10495.3
6.87223 0.486425 -1732.15
7.26493 0.486425 24674.6
7.65763 0.486425 29112.2
8.05033 0.486425 10118.9
8.44303 0.486425 7090.48
8.83573 0.486425 239.296
9.22843 0.486425 1681.15
9.62113 0.486425 10162.2
10.0138 0.486425 -13240.1
10.4065 0.486425 -10305.3
10.7992 0.486425 9362.54
11.1919 0.486425 15019.8
11.5846 0.486425 11596
11.9773 0.486425 8201.16
12.37 0.486425 -2448.13
12.7627 0.486425 -8876.48
13.1554 0.486425 -3684.35
13.5481 0.486425 -11283.5

-0.981748 0.594734 6089.13
-0.589049 0.594734 10550.8
-0.19635 0.594734 1262.68
0.19635 0.594734 -7315.15
0.589049 0.594734 -9293.08
0.981748 0.594734 -4927.14
1.37445 0.594734 -624.449
1.76715 0.594734 -11826
2.15984 0.594734 -11621.6
2.55254 0.594734 -3665.41
2.94524 0.594734 1932.09
3.33794 0.594734 1017.57
3.73064 0.594734 -7339.07
4.12334 0.594734 -17444.9
4.51604 0.594734 -12291.3
4.90874 0.594734 -9331.94
5.30144 0.594734 -858.427
5.69414 0.594734 10089.4
6.08684 0.594734 -715.836
6.47953 0.594734 -7983.33
6.87223 0.594734 2329.64
7.26493 0.594734 24017.1
7.65763 0.594734 26542.5
8.05033 0.594734 13196.5
8.44303 0.594734 -811.3
8.83573 0.594734 1055.14
9.22843 0.594734 1559.59
9.62113 0.594734 9555.83
10.0138 0.594734 -11735.5
10.4065 0.594734 -13527.2
10.7992 0.594734 15615.4
11.1919 0.594734 6378.19
11.5846 0.594734 6089.13
11.9773 0.594734 10550.8
12.37 0.594734 1262.68
12.7627 0.594734 -7315.15
13.1554 0.594734 -9293.08
13.5481 0.594734 -4927.14

-0.981748 0.685849 13528.9
-0.589049 0.685849 12732.2
-0.19635 0.685849 -6473.03
0.19635 0.685849 -4554.42
0.589049 0.685849 -2197.49
0.981748 0.685849 -1259.09
1.37445 0.685849 -4780.62
1.76715 0.685849 -17248.1
2.15984 0.685849 -8985.46
2.55254 0.685849 -10067.2
2.94524 0.685849 -1298.22
3.33794 0.685849 4994.3
3.73064 0.685849 -8790.46
4.12334 0.685849 -17871.5
4.51604 0.685849 -9767.41
4.90874 0.685849 -7701.96
5.30144 0.685849 -1684.51
5.69414 0.685849 5782.92
6.08684 0.685849 -1449.26
6.47953 0.685849 -2146.12
6.87223 0.685849 5997.89
7.26493 0.685849 25171
7.65763 0.685849 25142.2
8.05033 0.685849 8701.09
8.44303 0.685849 -1350.71
8.83573 0.685849 3117.33
9.22843 0.685849 2667.03
9.62113 0.685849 5482.85
10.0138 0.685849 -12731.7
10.4065 0.685849 -8640.81
10.7992 0.685849 12156.6
11.1919 0.685849 3386.38
11.5846 0.685849 13528.9
11.9773 0.685849 12732.2
12.37 0.685849 -6473.03
12.7627 0.685849 -4554.42
13.1554 0.685849 -2197.49
13.5481 0.685849 -1259.09

-0.981748 0.760465 16277.2
-0.589049 0.760465 13364.1
-0.19635 0.760465 -4962.79
0.19635 0.760465 -1759.8
0.589049 0.760465 -711.531
0.981748 0.760465 -1963.3
1.37445 0.760465 -13381
1.76715 0.760465 -13253.7
2.15984 0.760465 -1547.17
2.55254 0.760465 -15239.7
2.94524 0.760465 -4588.24
3.33794 0.760465 5568.56
3.73064 0.760465 -7659.91
4.12334 0.760465 -14361.5
4.51604 0.760465 -12640.7
4.90874 0.760465 -12166
5.30144 0.760465 62.2387
5.69414 0.760465 5905.54
6.08684 0.760465 -1051.57
6.47953 0.760465 105.535
6.87223 0.760465 5339.18
7.26493 0.760465 27875.9
7.65763 0.760465 24170.3
8.05033 0.760465 2831.39
8.44303 0.760465 -508.421
8.83573 0.760465 1872.11
9.22843 0.760465 4791.25
9.62113 0.760465 4747.28
10.0138 0.760465 -12869.7
10.4065 0.760465 -6022.87
10.7992 0.760465 9321.02
11.1919 0.760465 2470.26
11.5846 0.760465 16277.2
11.9773 0.760465 13364.1
12.37 0.760465 -4962.79
12.7627 0.760465 -1759.8
13.1554 0.760465 -711.531
13.5481 0.760465 -1963.3

-0.981748 0.820231 14762.8
-0.589049 0.820231 13250.6
-0.19635 0.820231 -4215.45
0.19635 0.820231 -1704.51
0.589049 0.820231 913.739
0.981748 0.820231 -883.54
1.37445 0.820231 -15532.3
1.76715 0.820231 -13677.7
2.15984 0.820231 396.411
2.55254 0.820231 -16191.6
2.94524 0.820231 -6817.72
3.33794 0.820231 8610.86
3.73064 0.820231 -8598.92
4.12334 0.820231 -16291
4.51604 0.820231 -14837.1
4.90874 0.820231 -12391.9
5.30144 0.820231 6377.39
5.69414 0.820231 6236.67
6.08684 0.820231 -4747.38
6.47953 0.820231 1235.82
6.87223 0.820231 7913.73
7.26493 0.820231 26323.3
7.65763 0.820231 21454.3
8.05033 0.820231 4077.22
8.44303 0.820231 -192.062
8.83573 0.820231 1718.37
9.22843 0.820231 7425.23
9.62113 0.820231 362.423
10.0138 0.820231 -12630.8
10.4065 0.820231 -5190.76
10.7992 0.820231 8329.88
11.1919 0.820231 4496.13
11.5846 0.820231 14762.8
11.9773 0.820231 13250.6
12.37 0.820231 -4215.45
12.7627 0.820231 -1704.51
13.1554 0.820231 913.739
13.5481 0.820231 -883.54

-0.981748 0.867255 13620.2
-0.589049 0.867255 11925.6
-0.19635 0.867255 -2419.85
0.19635 0.867255 -2312.02
0.589049 0.867255 445.716
0.981748 0.867255 1020.53
1.37445 0.867255 -15672.6
1.76715 0.867255 -15241.6
2.15984 0.867255 251.532
2.55254 0.867255 -14074.7
2.94524 0.867255 -5760
3.33794 0.867255 7401.12
3.73064 0.867255 -10318.2
4.12334 0.867255 -16149.9
4.51604 0.867255 -15413.3
4.90874 0.867255 -11532.9
5.30144 0.867255 7371.68
5.69414 0.867255 6982.75
6.08684 0.867255 -5599.15
6.47953 0.867255 558.878
6.87223 0.867255 9763.53
7.26493 0.867255 24356
7.65763 0.867255 21090.1
8.05033 0.867255 5825.65
8.44303 0.867255 -142.821
8.83573 0.867255 1396.26
9.22843 0.867255 6805.93
9.62113 0.867255 -291.128
10.0138 0.867255 -12750.4
10.4065 0.867255 -4794.08
10.7992 0.867255 8841.91
11.1919 0.867255 4927.41
11.5846 0.867255 13620.2
11.9773 0.867255 11925.6
12.37 0.867255 -2419.85
12.7627 0.867255 -2312.02
13.1554 0.867255 445.716
13.5481 0.867255 1020.53

-0.981748 0.903736 13310.4
-0.589049 0.903736 12537.6
-0.19635 0.903736 -2427.16
0.19635 0.903736 -2582.57
0.589049 0.903736 -247.671
0.981748 0.903736 1349.04
1.37445 0.903736 -14866.9
1.76715 0.903736 -15224.2
2.15984 0.903736 287.487
2.55254 0.903736 -13534.5
2.94524 0.903736 -5969.44
3.33794 0.903736 6608.86
3.73064 0.903736 -9737.45
4.12334 0.903736 -16442.9
4.51604 0.903736 -16237.1
4.90874 0.903736 -10262.1
5.30144 0.903736 7430.03
5.69414 0.903736 5866.85
6.08684 0.903736 -4364.34
6.47953 0.903736 1598.51
6.87223 0.903736 9411.96
7.26493 0.903736 23725.4
7.65763 0.903736 20089
8.05033 0.903736 5400.23
8.44303 0.903736 824.605
8.83573 0.903736 2776.03
9.22843 0.903736 6365.02
9.62113 0.903736 -1649.22
10.0138 0.903736 -12554.8
10.4065 0.903736 -4489.05
10.7992 0.903736 8721.77
11.1919 0.903736 4262.64
11.5846 0.903736 13310.4
11.9773 0.903736 12537.6
12.37 0.903736 -2427.16
12.7627 0.903736 -2582.57
13.1554 0.903736 -247.671
13.5481 0.903736 1349.04

-0.981748 0.931728 12621.8
-0.589049 0.931728 13138.3
-0.19635 0.931728 -1964.8
0.19635 0.931728 -2217.58
0.589049 0.931728 -930.846
0.981748 0.931728 1128.32
1.37445 0.931728 -14150.2
1.76715 0.931728 -14968.1
2.15984 0.931728 -298.914
2.55254 0.931728 -12973.6
2.94524 0.931728 -6054.68
3.33794 0.931728 6013.13
3.73064 0.931728 -8614.23
4.12334 0.931728 -16565.3
4.51604 0.931728 -16900.9
4.90874 0.931728 -9475.9
5.30144 0.931728 7584.07
5.69414 0.931728 4827
6.08684 0.931728 -4311.48
6.47953 0.931728 1383.35
6.87223 0.931728 9937.85
7.26493 0.931728 24132.5
7.65763 0.931728 18933.8
8.05033 0.931728 5626.57
8.44303 0.931728 1426.78
8.83573 0.931728 2603.82
9.22843 0.931728 6424.05
9.62113 0.931728 -2077.67
10.0138 0.931728 -13042.4
10.4065 0.931728 -3881.82
10.7992 0.931728 9290.28
11.1919 0.931728 3174.95
11.5846 0.931728 12621.8
11.9773 0.931728 13138.3
12.37 0.931728 -1964.8
12.7627 0.931728 -2217.58
13.1554 0.931728 -930.846
13.5481 0.931728 1128.32

-0.981748 0.953025 12736.1
-0.589049 0.953025 13095
-0.19635 0.953025 -1940.59
0.19635 0.953025 -1888.56
0.589049 0.953025 -1284.93
0.981748 0.953025 992.32
1.37445 0.953025 -13605.3
1.76715 0.953025 -14838.7
2.15984 0.953025 -837.463
2.55254 0.953025 -12751.9
2.94524 0.953025 -6129.5
3.33794 0.953025 5898.35
3.73064 0.953025 -8218.11
4.12334 0.953025 -16485.8
4.51604 0.953025 -16849.8
4.90874 0.953025 -9377.03
5.30144 0.953025 7509.13
5.69414 0.953025 4357.95
6.08684 0.953025 -4350.6
6.47953 0.953025 1658.57
6.87223 0.953025 9959.86
7.26493 0.953025 23832.2
7.65763 0.953025 18789.9
8.05033 0.953025 5815.09
8.44303 0.953025 1511.46
8.83573 0.953025 2751.12
9.22843 0.953025 6390.82
9.62113 0.953025 -2445.05
10.0138 0.953025 -12865.5
10.4065 0.953025 -3572.99
10.7992 0.953025 9128.91
11.1919 0.953025 2819.95
11.5846 0.953025 12736.1
11.9773 0.953025 13095
12.37 0.953025 -1940.59
12.7627 0.953025 -1888.56
13.1554 0.953025 -1284.93
13.5481 0.953025 992.32

-0.981748 0.969125 12648.7
-0.589049 0.969125 13179.7
-0.19635 0.969125 -1968.46
0.19635 0.969125 -1864.85
0.589049 0.969125 -1229.54
0.981748 0.969125 841.181
1.37445 0.969125 -13440.8
1.76715 0.969125 -14766.2
2.15984 0.969125 -1245.52
2.55254 0.969125 -12644.5
2.94524 0.969125 -5962.49
3.33794 0.969125 5805.72
3.73064 0.969125 -8172.58
4.12334 0.969125 -16250
4.51604 0.969125 -16653.7
4.90874 0.969125 -9536.02
5.30144 0.969125 7316.1
5.69414 0.969125 4249.83
6.08684 0.969125 -4418.91
6.47953 0.969125 1858.03
6.87223 0.969125 10133.7
7.26493 0.969125 23482.4
7.65763 0.969125 18836.9
8.05033 0.969125 5931.98
8.44303 0.969125 1479.61
8.83573 0.969125 2807.17
9.22843 0.969125 6303.91
9.62113 0.969125 -2523.44
10.0138 0.969125 -12714.8
10.4065 0.969125 -3517.73
10.7992 0.969125 9043
11.1919 0.969125 2815
11.5846 0.969125 12648.7
11.9773 0.969125 13179.7
12.37 0.969125 -1968.46
12.7627 0.969125 -1864.85
13.1554 0.969125 -1229.54
13.5481 0.969125 841.181

-0.981748 0.981237 12595.9
-0.589049 0.981237 13155.1
-0.19635 0.981237 -1955.74
0.19635 0.981237 -1829.95
0.589049 0.981237 -1232.02
0.981748 0.981237 795.669
1.37445 0.981237 -13307.9
1.76715 0.981237 -14713
2.15984 0.981237 -1431.39
2.55254 0.981237 -12582.2
2.94524 0.981237 -5883.78
3.33794 0.981237 5740.32
3.73064 0.981237 -8170.5
4.12334 0.981237 -16167.4
4.51604 0.981237 -16577.7
4.90874 0.981237 -9539.83
5.30144 0.981237 7241.19
5.69414 0.981237 4179.04
6.08684 0.981237 -4447.51
6.47953 0.981237 1880.68
6.87223 0.981237 10293.1
7.26493 0.981237 23356.7
7.65763 0.981237 18795.3
8.05033 0.981237 5997.04
8.44303 0.981237 1543.85
8.83573 0.981237 2786.54
9.22843 0.981237 6170.72
9.62113 0.981237 -2489.97
10.0138 0.981237 -12584.8
10.4065 0.981237 -3491.35
10.7992 0.981237 8980.3
11.1919 0.981237 2819.97
11.5846 0.981237 12595.9
11.9773 0.981237 13155.1
12.37 0.981237 -1955.74
12.7627 0.981237 -1829.95
13.1554 0.981237 -1232.02
13.5481 0.981237 795.669

-0.981748 0.990315 12573.8
-0.589049 0.990315 13126.8
-0.19635 0.990315 -1947.83
0.19635 0.990315 -1820.29
0.589049 0.990315 -1226.14
0.981748 0.990315 774.859
1.37445 0.990315 -13251.7
1.76715 0.990315 -14670
2.15984 0.990315 -1524.27
2.55254 0.990315 -12550.3
2.94524 0.990315 -5855.63
3.33794 0.990315 5692.92
3.73064 0.990315 -8133.86
4.12334 0.990315 -16141.1
4.51604 0.990315 -16554.2
4.90874 0.990315 -9535.52
5.30144 0.990315 7203.44
5.69414 0.990315 4150.34
6.08684 0.990315 -4428.39
6.47953 0.990315 1904.18
6.87223 0.990315 10335.8
7.26493 0.990315 23298.9
7.65763 0.990315 18785.4
8.05033 0.990315 6019.64
8.44303 0.990315 1565.61
8.83573 0.990315 2774.86
9.22843 0.990315 6123.01
9.62113 0.990315 -2481.65
10.0138 0.990315 -12536.2
10.4065 0.990315 -3470.42
10.7992 0.990315 8954.42
11.1919 0.990315 2826.19
11.5846 0.990315 12573.8
11.9773 0.990315 13126.8
12.37 0.990315 -1947.83
12.7627 0.990315 -1820.29
13.1554 0.990315 -1226.14
13.5481 0.990315 774.859

-0.981748 0.9971 12563.9
-0.589049 0.9971 13118.2
-0.19635 0.9971 -1943.78
0.19635 0.9971 -1827.58
0.589049 0.9971 -1222.83
0.981748 0.9971 764.336
1.37445 0.9971 -13232.9
1.76715 0.9971 -14654
2.15984 0.9971 -1552.1
2.55254 0.9971 -12546.3
2.94524 0.9971 -5847.72
3.33794 0.9971 5671.68
3.73064 0.9971 -8120.06
4.12334 0.9971 -16130.2
4.51604 0.9971 -16546.5
4.90874 0.9971 -9534.38
5.30144 0.9971 7189.39
5.69414 0.9971 4144.52
6.08684 0.9971 -4421.32
6.47953 0.9971 1913.31
6.87223 0.9971 10352.9
7.26493 0.9971 23283.9
7.65763 0.9971 18776.3
8.05033 0.9971 6029.4
8.44303 0.9971 1574.7
8.83573 0.9971 2771.62
9.22843 0.9971 6106.17
9.62113 0.9971 -2484.95
10.0138 0.9971 -12518.3
10.4065 0.9971 -3462.04
10.7992 0.9971 8943.89
11.1919 0.9971 2829.21
11.5846 0.9971 12563.9
11.9773 0.9971 13118.2
12.37 0.9971 -1943.78
12.7627 0.9971 -1827.58
13.1554 0.9971 -1222.83
13.5481 0.9971 764.336

-0.981748 1.0029 12563.9
-0.589049 1.0029 13118.2
-0.19635 1.0029 -1943.78
0.19635 1.0029 -1827.58
0.589049 1.0029 -1222.83
0.981748 1.0029 764.336
1.37445 1.0029 -13232.9
1.76715 1.0029 -14654
2.15984 1.0029 -1552.1
2.55254 1.0029 -12546.3
2.94524 1.0029 -5847.72
3.33794 1.0029 5671.68
3.73064 1.0029 -8120.06
4.12334 1.0029 -16130.2
4.51604 1.0029 -16546.5
4.90874 1.0029 -9534.38
5.30144 1.0029 7189.39
5.69414 1.0029 4144.52
6.08684 1.0029 -4421.32
6.47953 1.0029 1913.31
6.87223 1.0029 10352.9
7.26493 1.0029 23283.9
7.65763 1.0029 18776.3
8.05033 1.0029 6029.4
8.44303 1.0029 1574.7
8.83573 1.0029 2771.62
9.22843 1.0029 6106.17
9.62113 1.0029 -2484.95
10.0138 1.0029 -12518.3
10.4065 1.0029 -3462.04
10.7992 1.0029 8943.89
11.1919 1.0029 2829.21
11.5846 1.0029 12563.9
11.9773 1.0029 13118.2
12.37 1.0029 -1943.78
12.7627 1.0029 -1827.58
13.1554 1.0029 -1222.83
13.5481 1.0029 764.336

