-0.981748 -1.0029 1.4304
-0.589049 -1.0029 3.85949
-0.19635 -1.0029 1.48117
0.19635 -1.0029 4.84336
0.589049 -1.0029 2.22621
0.981748 -1.0029 4.98431
1.37445 -1.0029 2.13932
1.76715 -1.0029 3.86666
2.15984 -1.0029 1.89554
2.55254 -1.0029 3.2854
2.94524 -1.0029 1.5325
3.33794 -1.0029 3.29823
3.73064 -1.0029 2.0573
4.12334 -1.0029 3.79194
4.51604 -1.0029 1.4905
4.90874 -1.0029 4.00323
5.30144 -1.0029 1.39413
5.69414 -1.0029 3.61231
6.08684 -1.0029 1.261
6.47953 -1.0029 3.85343
6.87223 -1.0029 2.29028
7.26493 -1.0029 4.29963
7.65763 -1.0029 2.22423
8.05033 -1.0029 4.90818
8.44303 -1.0029 2.32428
8.83573 -1.0029 4.39463
9.22843 -1.0029 2.53262
9.62113 -1.0029 3.71015
10.0138 -1.0029 1.27354
10.4065 -1.0029 3.38862
10.7992 -1.0029 1.45735
11.1919 -1.0029 3.90782
11.5846 -1.0029 1.4304
11.9773 -1.0029 3.85949
12.37 -1.0029 1.48117
12.7627 -1.0029 4.84336
13.1554 -1.0029 2.22621
13.5481 -1.0029 4.98431

-0.981748 -0.9971 1.4304
-0.589049 -0.9971 3.85949
-0.19635 -0.9971 1.48117
0.19635 -0.9971 4.84336
0.589049 -0.9971 2.22621
0.981748 -0.9971 4.98431
1.37445 -0.9971 2.13932
1.76715 -0.9971 3.86666
2.15984 -0.9971 1.89554
2.55254 -0.9971 3.2854
2.94524 -0.9971 1.5325
3.33794 -0.9971 3.29823
3.73064 -0.9971 2.0573
4.12334 -0.9971 3.79194
4.51604 -0.9971 1.4905
4.90874 -0.9971 4.00323
5.30144 -0.9971 1.39413
5.69414 -0.9971 3.61231
6.08684 -0.9971 1.261
6.47953 -0.9971 3.85343
6.87223 -0.9971 2.29028
7.26493 -0.9971 4.29963
7.65763 -0.9971 2.22423
8.05033 -0.9971 4.90818
8.44303 -0.9971 2.32428
8.83573 -0.9971 4.39463
9.22843 -0.9971 2.53262
9.62113 -0.9971 3.71015
10.0138 -0.9971 1.27354
10.4065 -0.9971 3.38862
10.7992 -0.9971 1.45735
11.1919 -0.9971 3.90782
11.5846 -0.9971 1.4304
11.9773 -0.9971 3.85949
12.37 -0.9971 1.48117
12.7627 -0.9971 4.84336
13.1554 -0.9971 2.22621
13.5481 -0.9971 4.98431

-0.981748 -0.990315 1.28615
-0.589049 -0.990315 4.05391
-0.19635 -0.990315 1.31403
0.19635 -0.990315 4.88669
0.589049 -0.990315 2.04854
0.981748 -0.990315 4.93682
1.37445 -0.990315 2.15483
1.76715 -0.990315 4.01584
2.15984 -0.990315 1.88189
2.55254 -0.990315 3.30703
2.94524 -0.990315 1.41141
3.33794 -0.990315 3.19833
3.73064 -0.990315 1.82994
4.12334 -0.990315 3.79686
4.51604 -0.990315 1.34968
4.90874 -0.990315 4.02162
5.30144 -0.990315 1.27656
5.69414 -0.990315 3.55707
6.08684 -0.990315 1.16206
6.47953 -0.990315 3.77004
6.87223 -0.990315 2.18446
7.26493 -0.990315 4.27901
7.65763 -0.990315 2.27629
8.05033 -0.990315 4.99531
8.44303 -0.990315 2.30351
8.83573 -0.990315 4.49977
9.22843 -0.990315 2.51294
9.62113 -0.990315 3.79866
10.0138 -0.990315 1.24543
10.4065 -0.990315 3.45377
10.7992 -0.990315 1.34596
11.1919 -0.990315 4.12517
11.5846 -0.990315 1.28615
11.9773 -0.990315 4.05391
12.37 -0.990315 1.31403
12.7627 -0.990315 4.88669
13.1554 -0.990315 2.04854
13.5481 -0.990315 4.93682

-0.981748 -0.981237 1.61012
-0.589049 -0.981237 3.69464
-0.19635 -0.981237 1.67447
0.19635 -0.981237 4.79631
0.589049 -0.981237 2.40641
0.981748 -0.981237 5.02337
1.37445 -0.981237 2.13042
1.76715 -0.981237 3.70858
2.15984 -0.981237 1.87736
2.55254 -0.981237 3.25754
2.94524 -0.981237 1.64483
3.33794 -0.981237 3.38403
3.73064 -0.981237 2.2455
4.12334 -0.981237 3.8018
4.51604 -0.981237 1.63667
4.90874 -0.981237 3.98119
5.30144 -0.981237 1.49133
5.69414 -0.981237 3.66075
6.08684 -0.981237 1.37734
6.47953 -0.981237 3.91897
6.87223 -0.981237 2.37166
7.26493 -0.981237 4.29608
7.65763 -0.981237 2.16945
8.05033 -0.981237 4.81763
8.44303 -0.981237 2.33548
8.83573 -0.981237 4.29604
9.22843 -0.981237 2.51354
9.62113 -0.981237 3.61213
10.0138 -0.981237 1.27784
10.4065 -0.981237 3.32434
10.7992 -0.981237 1.57984
11.1919 -0.981237 3.71271
11.5846 -0.981237 1.61012
11.9773 -0.981237 3.69464
12.37 -0.981237 1.67447
12.7627 -0.981237 4.79631
13.1554 -0.981237 2.40641
13.5481 -0.981237 5.02337

-0.981748 -0.969125 1.11512
-0.589049 -0.969125 4.25436
-0.19635 -0.969125 1.13075
0.19635 -0.969125 4.93094
0.589049 -0.969125 1.85951
0.981748 -0.969125 4.89112
1.37445 -0.969125 2.16692
1.76715 -0.969125 4.18801
2.15984 -0.969125 1.86809
2.55254 -0.969125 3.34136
2.94524 -0.969125 1.29547
3.33794 -0.969125 3.10151
3.73064 -0.969125 1.6212
4.12334 -0.969125 3.83366
4.51604 -0.969125 1.221
4.90874 -0.969125 4.04877
5.30144 -0.969125 1.15529
5.69414 -0.969125 3.51936
6.08684 -0.969125 1.0482
6.47953 -0.969125 3.69371
6.87223 -0.969125 2.07956
7.26493 -0.969125 4.2638
7.65763 -0.969125 2.32571
8.05033 -0.969125 5.10869
8.44303 -0.969125 2.28519
8.83573 -0.969125 4.62546
9.22843 -0.969125 2.49976
9.62113 -0.969125 3.88637
10.0138 -0.969125 1.20919
10.4065 -0.969125 3.52621
10.7992 -0.969125 1.23052
11.1919 -0.969125 4.3664
11.5846 -0.969125 1.11512
11.9773 -0.969125 4.25436
12.37 -0.969125 1.13075
12.7627 -0.969125 4.93094
13.1554 -0.969125 1.85951
13.5481 -0.969125 4.89112

-0.981748 -0.953025 1.81373
-0.589049 -0.953025 3.47612
-0.19635 -0.953025 1.87602
0.19635 -0.953025 4.76489
0.589049 -0.953025 2.60631
0.981748 -0.953025 5.08481
1.37445 -0.953025 2.14491
1.76715 -0.953025 3.49268
2.15984 -0.953025 1.86965
2.55254 -0.953025 3.21586
2.94524 -0.953025 1.76428
3.33794 -0.953025 3.44091
3.73064 -0.953025 2.41381
4.12334 -0.953025 3.84118
4.51604 -0.953025 1.74204
4.90874 -0.953025 3.96257
5.30144 -0.953025 1.56136
5.69414 -0.953025 3.6894
6.08684 -0.953025 1.48581
6.47953 -0.953025 3.9533
6.87223 -0.953025 2.48079
7.26493 -0.953025 4.26599
7.65763 -0.953025 2.10988
8.05033 -0.953025 4.73504
8.44303 -0.953025 2.34314
8.83573 -0.953025 4.18517
9.22843 -0.953025 2.49007
9.62113 -0.953025 3.50338
10.0138 -0.953025 1.25948
10.4065 -0.953025 3.24351
10.7992 -0.953025 1.74687
11.1919 -0.953025 3.51196
11.5846 -0.953025 1.81373
11.9773 -0.953025 3.47612
12.37 -0.953025 1.87602
12.7627 -0.953025 4.76489
13.1554 -0.953025 2.60631
13.5481 -0.953025 5.08481

-0.981748 -0.931728 0.959878
-0.589049 -0.931728 4.43897
-0.19635 -0.931728 0.900895
0.19635 -0.931728 5.00502
0.589049 -0.931728 1.62752
0.981748 -0.931728 4.86874
1.37445 -0.931728 2.14524
1.76715 -0.931728 4.42725
2.15984 -0.931728 1.86477
2.55254 -0.931728 3.41433
2.94524 -0.931728 1.14108
3.33794 -0.931728 2.97406
3.73064 -0.931728 1.42602
4.12334 -0.931728 4.02196
4.51604 -0.931728 1.19513
4.90874 -0.931728 4.11983
5.30144 -0.931728 0.99455
5.69414 -0.931728 3.54873
6.08684 -0.931728 0.890898
6.47953 -0.931728 3.61129
6.87223 -0.931728 1.94746
7.26493 -0.931728 4.27364
7.65763 -0.931728 2.39773
8.05033 -0.931728 5.30735
8.44303 -0.931728 2.26397
8.83573 -0.931728 4.77853
9.22843 -0.931728 2.52905
9.62113 -0.931728 4.01405
10.0138 -0.931728 1.13831
10.4065 -0.931728 3.64811
10.7992 -0.931728 1.0762
11.1919 -0.931728 4.57914
11.5846 -0.931728 0.959878
11.9773 -0.931728 4.43897
12.37 -0.931728 0.900895
12.7627 -0.931728 5.00502
13.1554 -0.931728 1.62752
13.5481 -0.931728 4.86874

-0.981748 -0.903736 1.9067
-0.589049 -0.903736 3.28419
-0.19635 -0.903736 2.05032
0.19635 -0.903736 4.8244
0.589049 -0.903736 2.89491
0.981748 -0.903736 5.20803
1.37445 -0.903736 2.22736
1.76715 -0.903736 3.14481
2.15984 -0.903736 1.92564
2.55254 -0.903736 3.13945
2.94524 -0.903736 1.90427
3.33794 -0.903736 3.37041
3.73064 -0.903736 2.54015
4.12334 -0.903736 3.9731
4.51604 -0.903736 1.81699
4.90874 -0.903736 3.94126
5.30144 -0.903736 1.58859
5.69414 -0.903736 3.76456
6.08684 -0.903736 1.64769
6.47953 -0.903736 3.99336
6.87223 -0.903736 2.81
7.26493 -0.903736 4.2456
7.65763 -0.903736 2.06347
8.05033 -0.903736 4.75412
8.44303 -0.903736 2.32605
8.83573 -0.903736 4.08113
9.22843 -0.903736 2.50987
9.62113 -0.903736 3.30466
10.0138 -0.903736 1.22895
10.4065 -0.903736 3.12548
10.7992 -0.903736 1.94654
11.1919 -0.903736 3.4243
11.5846 -0.903736 1.9067
11.9773 -0.903736 3.28419
12.37 -0.903736 2.05032
12.7627 -0.903736 4.8244
13.1554 -0.903736 2.89491
13.5481 -0.903736 5.20803

-0.981748 -0.867255 0.795875
-0.589049 -0.867255 4.57124
-0.19635 -0.867255 0.58385
0.19635 -0.867255 5.1538
0.589049 -0.867255 1.28713
0.981748 -0.867255 4.93071
1.37445 -0.867255 1.98231
1.76715 -0.867255 4.60799
2.15984 -0.867255 1.60976
2.55254 -0.867255 3.52401
2.94524 -0.867255 0.888362
3.33794 -0.867255 2.85678
3.73064 -0.867255 1.24198
4.12334 -0.867255 4.55602
4.51604 -0.867255 1.21105
4.90874 -0.867255 4.29889
5.30144 -0.867255 0.63657
5.69414 -0.867255 3.68012
6.08684 -0.867255 0.731956
6.47953 -0.867255 3.41181
6.87223 -0.867255 1.5635
7.26493 -0.867255 4.37687
7.65763 -0.867255 2.48277
8.05033 -0.867255 5.60674
8.44303 -0.867255 2.15825
8.83573 -0.867255 4.89965
9.22843 -0.867255 2.61601
9.62113 -0.867255 4.32692
10.0138 -0.867255 0.975169
10.4065 -0.867255 3.70317
10.7992 -0.867255 0.771261
11.1919 -0.867255 4.5852
11.5846 -0.867255 0.795875
11.9773 -0.867255 4.57124
12.37 -0.867255 0.58385
12.7627 -0.867255 5.1538
13.1554 -0.867255 1.28713
13.5481 -0.867255 4.93071

-0.981748 -0.820231 2.07286
-0.589049 -0.820231 3.24069
-0.19635 -0.820231 2.23821
0.19635 -0.820231 5.02378
0.589049 -0.820231 3.27771
0.981748 -0.820231 5.45335
1.37445 -0.820231 2.10921
1.76715 -0.820231 2.52972
2.15984 -0.820231 2.30256
2.55254 -0.820231 2.69373
2.94524 -0.820231 1.8108
3.33794 -0.820231 3.16441
3.73064 -0.820231 2.3446
4.12334 -0.820231 4.37425
4.51604 -0.820231 1.90267
4.90874 -0.820231 3.61951
5.30144 -0.820231 1.70837
5.69414 -0.820231 3.78174
6.08684 -0.820231 2.24327
6.47953 -0.820231 4.07526
6.87223 -0.820231 3.56946
7.26493 -0.820231 4.40101
7.65763 -0.820231 2.09095
8.05033 -0.820231 5.25372
8.44303 -0.820231 2.18438
8.83573 -0.820231 3.93697
9.22843 -0.820231 2.15668
9.62113 -0.820231 2.84448
10.0138 -0.820231 1.111
10.4065 -0.820231 2.91695
10.7992 -0.820231 2.09933
11.1919 -0.820231 3.4028
11.5846 -0.820231 2.07286
11.9773 -0.820231 3.24069
12.37 -0.820231 2.23821
12.7627 -0.820231 5.02378
13.1554 -0.820231 3.27771
13.5481 -0.820231 5.45335

-0.981748 -0.760465 0.268272
-0.589049 -0.760465 4.62864
-0.19635 -0.760465 0.265631
0.19635 -0.760465 4.98366
0.589049 -0.760465 0.609128
0.981748 -0.760465 4.93483
1.37445 -0.760465 1.86692
1.76715 -0.760465 4.36336
2.15984 -0.760465 1.08465
2.55254 -0.760465 3.50386
2.94524 -0.760465 0.389549
3.33794 -0.760465 2.88025
3.73064 -0.760465 0.725224
4.12334 -0.760465 6.11828
4.51604 -0.760465 1.15387
4.90874 -0.760465 5.31935
5.30144 -0.760465 0.00107011
5.69414 -0.760465 3.58746
6.08684 -0.760465 0.396332
6.47953 -0.760465 3.51142
6.87223 -0.760465 0.473439
7.26493 -0.760465 4.33678
7.65763 -0.760465 1.76748
8.05033 -0.760465 5.72105
8.44303 -0.760465 1.67444
8.83573 -0.760465 5.20182
9.22843 -0.760465 2.67352
9.62113 -0.760465 4.50157
10.0138 -0.760465 0.485462
10.4065 -0.760465 3.46278
10.7992 -0.760465 -0.159503
11.1919 -0.760465 4.47596
11.5846 -0.760465 0.268272
11.9773 -0.760465 4.62864
12.37 -0.760465 0.265631
12.7627 -0.760465 4.98366
13.1554 -0.760465 0.609128
13.5481 -0.760465 4.93483

-0.981748 -0.685849 2.31413
-0.589049 -0.685849 3.19174
-0.19635 -0.685849 2.49292
0.19635 -0.685849 4.54359
0.589049 -0.685849 4.04439
0.981748 -0.685849 5.55884
1.37445 -0.685849 3.75835
1.76715 -0.685849 2.21759
2.15984 -0.685849 2.90592
2.55254 -0.685849 2.02198
2.94524 -0.685849 3.35998
3.33794 -0.685849 1.64478
3.73064 -0.685849 0.440479
4.12334 -0.685849 3.15684
4.51604 -0.685849 1.67705
4.90874 -0.685849 1.88714
5.30144 -0.685849 1.40326
5.69414 -0.685849 2.48544
6.08684 -0.685849 3.72939
6.47953 -0.685849 4.07099
6.87223 -0.685849 6.89836
7.26493 -0.685849 5.08476
7.65763 -0.685849 3.84159
8.05033 -0.685849 3.96807
8.44303 -0.685849 2.24463
8.83573 -0.685849 3.14408
9.22843 -0.685849 2.79224
9.62113 -0.685849 2.02789
10.0138 -0.685849 0.746015
10.4065 -0.685849 2.41801
10.7992 -0.685849 3.04864
11.1919 -0.685849 2.90469
11.5846 -0.685849 2.31413
11.9773 -0.685849 3.19174
12.37 -0.685849 2.49292
12.7627 -0.685849 4.54359
13.1554 -0.685849 4.04439
13.5481 -0.685849 5.55884

-0.981748 -0.594734 0.109144
-0.589049 -0.594734 4.59011
-0.19635 -0.594734 0.908228
0.19635 -0.594734 4.06617
0.589049 -0.594734 0.365519
0.981748 -0.594734 2.9317
1.37445 -0.594734 1.79605
1.76715 -0.594734 4.15908
2.15984 -0.594734 0.633772
2.55254 -0.594734 3.09523
2.94524 -0.594734 0.931422
3.33794 -0.594734 2.97565
3.73064 -0.594734 -0.202862
4.12334 -0.594734 4.16115
4.51604 -0.594734 0.0161315
4.90874 -0.594734 4.93931
5.30144 -0.594734 -1.97073
5.69414 -0.594734 3.5204
6.08684 -0.594734 -0.828448
6.47953 -0.594734 5.05697
6.87223 -0.594734 -0.328727
7.26493 -0.594734 4.49723
7.65763 -0.594734 0.456398
8.05033 -0.594734 4.98484
8.44303 -0.594734 1.83384
8.83573 -0.594734 3.29793
9.22843 -0.594734 1.87902
9.62113 -0.594734 3.18142
10.0138 -0.594734 1.53718
10.4065 -0.594734 3.55848
10.7992 -0.594734 -0.0143868
11.1919 -0.594734 5.07961
11.5846 -0.594734 0.109144
11.9773 -0.594734 4.59011
12.37 -0.594734 0.908228
12.7627 -0.594734 4.06617
13.1554 -0.594734 0.365519
13.5481 -0.594734 2.9317

-0.981748 -0.486425 1.39795
-0.589049 -0.486425 3.55265
-0.19635 -0.486425 2.52391
0.19635 -0.486425 3.69698
0.589049 -0.486425 1.45006
0.981748 -0.486425 3.61585
1.37445 -0.486425 2.17361
1.76715 -0.486425 0.0797871
2.15984 -0.486425 0.787218
2.55254 -0.486425 1.32427
2.94524 -0.486425 2.66819
3.33794 -0.486425 0.770011
3.73064 -0.486425 1.75905
4.12334 -0.486425 -3.77141
4.51604 -0.486425 0.946981
4.90874 -0.486425 -2.32438
5.30144 -0.486425 -1.63419
5.69414 -0.486425 -0.0733261
6.08684 -0.486425 1.67143
6.47953 -0.486425 3.17252
6.87223 -0.486425 6.89682
7.26493 -0.486425 5.99378
7.65763 -0.486425 6.27288
8.05033 -0.486425 4.23554
8.44303 -0.486425 3.08108
8.83573 -0.486425 2.97515
9.22843 -0.486425 0.679942
9.62113 -0.486425 2.72767
10.0138 -0.486425 -0.354318
10.4065 -0.486425 2.18985
10.7992 -0.486425 2.54387
11.1919 -0.486425 3.74664
11.5846 -0.486425 1.39795
11.9773 -0.486425 3.55265
12.37 -0.486425 2.52391
12.7627 -0.486425 3.69698
13.1554 -0.486425 1.45006
13.5481 -0.486425 3.61585

-0.981748 -0.361703 -1.42605
-0.589049 -0.361703 1.32065
-0.19635 -0.361703 -1.02158
0.19635 -0.361703 0.484828
0.589049 -0.361703 -1.05687
0.981748 -0.361703 0.466401
1.37445 -0.361703 -0.631076
1.76715 -0.361703 3.09989
2.15984 -0.361703 -0.211948
2.55254 -0.361703 2.80262
2.94524 -0.361703 -0.276269
3.33794 -0.361703 2.90313
3.73064 -0.361703 1.37763
4.12334 -0.361703 2.94736
4.51604 -0.361703 -1.67595
4.90874 -0.361703 3.5192
5.30144 -0.361703 -2.13126
5.69414 -0.361703 5.87031
6.08684 -0.361703 -2.47289
6.47953 -0.361703 5.59995
6.87223 -0.361703 -0.263624
7.26493 -0.361703 3.47369
7.65763 -0.361703 -2.99446
8.05033 -0.361703 1.06771
8.44303 -0.361703 1.69372
8.83573 -0.361703 2.30048
9.22843 -0.361703 -0.570097
9.62113 -0.361703 2.63147
10.0138 -0.361703 0.178105
10.4065 -0.361703 3.37187
10.7992 -0.361703 0.105668
11.1919 -0.361703 3.05924
11.5846 -0.361703 -1.42605
11.9773 -0.361703 1.32065
12.37 -0.361703 -1.02158
12.7627 -0.361703 0.484828
13.1554 -0.361703 -1.05687
13.5481 -0.361703 0.466401

-0.981748 -0.223212 0.649576
-0.589049 -0.223212 1.98845
-0.19635 -0.223212 0.00863814
0.19635 -0.223212 2.21986
0.589049 -0.223212 2.02927
0.981748 -0.223212 3.24318
1.37445 -0.223212 1.88516
1.76715 -0.223212 1.9927
2.15984 -0.223212 -0.383689
2.55254 -0.223212 1.38239
2.94524 -0.223212 -0.449808
3.33794 -0.223212 2.54965
3.73064 -0.223212 -2.25746
4.12334 -0.223212 -3.80243
4.51604 -0.223212 -0.324084
4.90874 -0.223212 0.0903948
5.30144 -0.223212 -2.53062
5.69414 -0.223212 -3.1955
6.08684 -0.223212 1.25751
6.47953 -0.223212 -0.176674
6.87223 -0.223212 -0.385765
7.26493 -0.223212 1.71984
7.65763 -0.223212 2.65297
8.05033 -0.223212 3.62792
8.44303 -0.223212 0.422773
8.83573 -0.223212 5.01904
9.22843 -0.223212 1.52787
9.62113 -0.223212 4.03579
10.0138 -0.223212 -1.5919
10.4065 -0.223212 -0.841346
10.7992 -0.223212 -4.54023
11.1919 -0.223212 2.75421
11.5846 -0.223212 0.649576
11.9773 -0.223212 1.98845
12.37 -0.223212 0.00863814
12.7627 -0.223212 2.21986
13.1554 -0.223212 2.02927
13.5481 -0.223212 3.24318

-0.981748 -0.0754897 -2.85188
-0.589049 -0.0754897 -0.931113
-0.19635 -0.0754897 -2.16136
0.19635 -0.0754897 -2.20397
0.589049 -0.0754897 1.38462
0.981748 -0.0754897 0.59196
1.37445 -0.0754897 0.973537
1.76715 -0.0754897 1.23614
2.15984 -0.0754897 0.838395
2.55254 -0.0754897 1.8642
2.94524 -0.0754897 0.22113
3.33794 -0.0754897 3.13165
3.73064 -0.0754897 -2.85758
4.12334 -0.0754897 -2.29792
4.51604 -0.0754897 -4.49417
4.90874 -0.0754897 2.28555
5.30144 -0.0754897 -6.13294
5.69414 -0.0754897 1.26567
6.08684 -0.0754897 -5.0897
6.47953 -0.0754897 3.46974
6.87223 -0.0754897 -9.61628
7.26493 -0.0754897 0.970648
7.65763 -0.0754897 -14.1191
8.05033 -0.0754897 -3.41541
8.44303 -0.0754897 -5.16915
8.83573 -0.0754897 -1.1438
9.22843 -0.0754897 -3.81735
9.62113 -0.0754897 1.95935
10.0138 -0.0754897 -1.91017
10.4065 -0.0754897 2.6251
10.7992 -0.0754897 -0.383592
11.1919 -0.0754897 0.480496
11.5846 -0.0754897 -2.85188
11.9773 -0.0754897 -0.931113
12.37 -0.0754897 -2.16136
12.7627 -0.0754897 -2.20397
13.1554 -0.0754897 1.38462
13.5481 -0.0754897 0.59196

-0.981748 0.0754897 0.480354
-0.589049 0.0754897 3.37715
-0.19635 0.0754897 2.51419
0.19635 0.0754897 1.91934
0.589049 0.0754897 0.981145
0.981748 0.0754897 2.96605
1.37445 0.0754897 0.488074
1.76715 0.0754897 2.45594
2.15984 0.0754897 -1.51479
2.55254 0.0754897 0.0563036
2.94524 0.0754897 -0.568045
3.33794 0.0754897 0.297579
3.73064 0.0754897 -0.180177
4.12334 0.0754897 -0.66461
4.51604 0.0754897 -1.42086
4.90874 0.0754897 0.961393
5.30144 0.0754897 -0.323151
5.69414 0.0754897 -2.12246
6.08684 0.0754897 0.856833
6.47953 0.0754897 0.531125
6.87223 0.0754897 0.76665
7.26493 0.0754897 1.06052
7.65763 0.0754897 2.21886
8.05033 0.0754897 -0.477335
8.44303 0.0754897 2.59367
8.83573 0.0754897 1.54799
9.22843 0.0754897 1.32885
9.62113 0.0754897 0.944525
10.0138 0.0754897 -0.307367
10.4065 0.0754897 1.32655
10.7992 0.0754897 -2.86318
11.1919 0.0754897 0.83578
11.5846 0.0754897 0.480354
11.9773 0.0754897 3.37715
12.37 0.0754897 2.51419
12.7627 0.0754897 1.91934
13.1554 0.0754897 0.981145
13.5481 0.0754897 2.96605

-0.981748 0.223212 -3.23731
-0.589049 0.223212 -1.38861
-0.19635 0.223212 1.42145
0.19635 0.223212 0.367776
0.589049 0.223212 -2.0499
0.981748 0.223212 -2.65258
1.37445 0.223212 1.1571
1.76715 0.223212 -0.756387
2.15984 0.223212 1.33258
2.55254 0.223212 -0.395313
2.94524 0.223212 0.805232
3.33794 0.223212 1.38203
3.73064 0.223212 -2.46029
4.12334 0.223212 -0.652066
4.51604 0.223212 -3.6499
4.90874 0.223212 -0.12566
5.30144 0.223212 -3.7074
5.69414 0.223212 -0.922887
6.08684 0.223212 -5.98516
6.47953 0.223212 -4.30111
6.87223 0.223212 -7.49741
7.26493 0.223212 -2.06564
7.65763 0.223212 -9.89511
8.05033 0.223212 -4.37375
8.44303 0.223212 -7.93577
8.83573 0.223212 -3.61951
9.22843 0.223212 -5.40102
9.62113 0.223212 1.35973
10.0138 0.223212 -0.29468
10.4065 0.223212 3.17046
10.7992 0.223212 2.68733
11.1919 0.223212 5.34489
11.5846 0.223212 -3.23731
11.9773 0.223212 -1.38861
12.37 0.223212 1.42145
12.7627 0.223212 0.367776
13.1554 0.223212 -2.0499
13.5481 0.223212 -2.65258

-0.981748 0.361703 0.905387
-0.589049 0.361703 1.50545
-0.19635 0.361703 0.81309
0.19635 0.361703 2.43332
0.589049 0.361703 -0.297343
0.981748 0.361703 0.215837
1.37445 0.361703 0.311433
1.76715 0.361703 -0.0907194
2.15984 0.361703 1.19593
2.55254 0.361703 -0.902945
2.94524 0.361703 0.0584846
3.33794 0.361703 0.0908049
3.73064 0.361703 -1.5104
4.12334 0.361703 -1.34371
4.51604 0.361703 -2.34115
4.90874 0.361703 -2.56242
5.30144 0.361703 -1.67396
5.69414 0.361703 -3.58681
6.08684 0.361703 -1.75082
6.47953 0.361703 -5.00292
6.87223 0.361703 -5.23249
7.26493 0.361703 0.036804
7.65763 0.361703 1.43027
8.05033 0.361703 0.819687
8.44303 0.361703 0.550884
8.83573 0.361703 0.51668
9.22843 0.361703 -3.38702
9.62113 0.361703 1.08209
10.0138 0.361703 -2.26523
10.4065 0.361703 1.56715
10.7992 0.361703 -2.95249
11.1919 0.361703 -1.55938
11.5846 0.361703 0.905387
11.9773 0.361703 1.50545
12.37 0.361703 0.81309
12.7627 0.361703 2.43332
13.1554 0.361703 -0.297343
13.5481 0.361703 0.215837

-0.981748 0.486425 -2.74153
-0.589049 0.486425 -1.09214
-0.19635 0.486425 -1.96465
0.19635 0.486425 0.342488
0.589049 0.486425 -1.09042
0.981748 0.486425 -0.59742
1.37445 0.486425 -0.609255
1.76715 0.486425 -0.076439
2.15984 0.486425 -1.17228
2.55254 0.486425 -0.38965
2.94524 0.486425 -1.98576
3.33794 0.486425 -0.939293
3.73064 0.486425 -1.55975
4.12334 0.486425 -1.6265
4.51604 0.486425 -1.5676
4.90874 0.486425 -1.10483
5.30144 0.486425 -2.31475
5.69414 0.486425 -1.92006
6.08684 0.486425 -4.94552
6.47953 0.486425 -3.37397
6.87223 0.486425 -11.1015
7.26493 0.486425 -2.61546
7.65763 0.486425 -5.42277
8.05033 0.486425 -1.54469
8.44303 0.486425 -5.27899
8.83573 0.486425 -1.46028
9.22843 0.486425 -3.31663
9.62113 0.486425 -1.23963
10.0138 0.486425 -3.06953
10.4065 0.486425 -1.2801
10.7992 0.486425 -2.38387
11.1919 0.486425 0.227966
11.5846 0.486425 -2.74153
11.9773 0.486425 -1.09214
12.37 0.486425 -1.96465
12.7627 0.486425 0.342488
13.1554 0.486425 -1.09042
13.5481 0.486425 -0.59742

-0.981748 0.594734 -0.411931
-0.589049 0.594734 -1.58545
-0.19635 0.594734 -0.50503
0.19635 0.594734 -0.669891
0.589049 0.594734 -0.88689
0.981748 0.594734 -1.54899
1.37445 0.594734 -1.24102
1.76715 0.594734 -2.10527
2.15984 0.594734 -0.120413
2.55254 0.594734 -2.47945
2.94524 0.594734 -1.80889
3.33794 0.594734 -1.9141
3.73064 0.594734 -0.475012
4.12334 0.594734 -1.93422
4.51604 0.594734 -1.88348
4.90874 0.594734 -3.14332
5.30144 0.594734 -1.85711
5.69414 0.594734 -4.72056
6.08684 0.594734 -2.28771
6.47953 0.594734 -3.94918
6.87223 0.594734 -5.21958
7.26493 0.594734 -2.51887
7.65763 0.594734 -1.67407
8.05033 0.594734 -0.396066
8.44303 0.594734 -2.15753
8.83573 0.594734 -0.543567
9.22843 0.594734 -2.83026
9.62113 0.594734 -1.51685
10.0138 0.594734 -2.61775
10.4065 0.594734 -1.40713
10.7992 0.594734 -1.99701
11.1919 0.594734 -0.87725
11.5846 0.594734 -0.411931
11.9773 0.594734 -1.58545
12.37 0.594734 -0.50503
12.7627 0.594734 -0.669891
13.1554 0.594734 -0.88689
13.5481 0.594734 -1.54899

-0.981748 0.685849 -1.63111
-0.589049 0.685849 -0.329972
-0.19635 0.685849 -0.866294
0.19635 0.685849 1.39819
0.589049 0.685849 -1.54867
0.981748 0.685849 0.331812
1.37445 0.685849 -0.941686
1.76715 0.685849 -0.502239
2.15984 0.685849 -0.62621
2.55254 0.685849 -0.949731
2.94524 0.685849 -1.85795
3.33794 0.685849 -2.67097
3.73064 0.685849 -2.92945
4.12334 0.685849 -2.01898
4.51604 0.685849 -2.9094
4.90874 0.685849 -2.0821
5.30144 0.685849 -4.84932
5.69414 0.685849 -3.72914
6.08684 0.685849 -9.6633
6.47953 0.685849 -3.92841
6.87223 0.685849 -7.15481
7.26493 0.685849 -3.03418
7.65763 0.685849 -6.45185
8.05033 0.685849 -2.28623
8.44303 0.685849 -5.22903
8.83573 0.685849 -2.50238
9.22843 0.685849 -3.91237
9.62113 0.685849 -2.96369
10.0138 0.685849 -3.34389
10.4065 0.685849 -0.553593
10.7992 0.685849 -2.62244
11.1919 0.685849 -0.953958
11.5846 0.685849 -1.63111
11.9773 0.685849 -0.329972
12.37 0.685849 -0.866294
12.7627 0.685849 1.39819
13.1554 0.685849 -1.54867
13.5481 0.685849 0.331812

-0.981748 0.760465 -1.19882
-0.589049 0.760465 -1.38715
-0.19635 0.760465 -1.26147
0.19635 0.760465 -1.92217
0.589049 0.760465 -1.16811
0.981748 0.760465 -1.83146
1.37445 0.760465 -1.00741
1.76715 0.760465 -2.1489
2.15984 0.760465 -0.484407
2.55254 0.760465 -2.73694
2.94524 0.760465 -1.24815
3.33794 0.760465 -2.10234
3.73064 0.760465 -1.22407
4.12334 0.760465 -1.65252
4.51604 0.760465 -0.725275
4.90874 0.760465 -2.9326
5.30144 0.760465 -2.3521
5.69414 0.760465 -4.40119
6.08684 0.760465 -4.20201
6.47953 0.760465 -4.02529
6.87223 0.760465 -5.98839
7.26493 0.760465 -3.50259
7.65763 0.760465 -4.41887
8.05033 0.760465 -2.49849
8.44303 0.760465 -3.96737
8.83573 0.760465 -3.46093
9.22843 0.760465 -4.07759
9.62113 0.760465 -2.46648
10.0138 0.760465 -2.91461
10.4065 0.760465 -1.51933
10.7992 0.760465 -2.92228
11.1919 0.760465 -1.25925
11.5846 0.760465 -1.19882
11.9773 0.760465 -1.38715
12.37 0.760465 -1.26147
12.7627 0.760465 -1.92217
13.1554 0.760465 -1.16811
13.5481 0.760465 -1.83146

-0.981748 0.820231 -1.30476
-0.589049 0.820231 -0.318541
-0.19635 0.820231 -1.30514
0.19635 0.820231 -0.699266
0.589049 0.820231 -2.14718
0.981748 0.820231 -0.435182
1.37445 0.820231 -0.875665
1.76715 0.820231 -0.569493
2.15984 0.820231 -0.729801
2.55254 0.820231 -1.39095
2.94524 0.820231 -2.11395
3.33794 0.820231 -2.43077
3.73064 0.820231 -2.6922
4.12334 0.820231 -2.772
4.51604 0.820231 -4.40043
4.90874 0.820231 -2.30001
5.30144 0.820231 -5.29017
5.69414 0.820231 -3.68201
6.08684 0.820231 -7.91057
6.47953 0.820231 -4.47745
6.87223 0.820231 -6.80391
7.26493 0.820231 -3.26073
7.65763 0.820231 -6.45601
8.05033 0.820231 -2.85091
8.44303 0.820231 -4.96164
8.83573 0.820231 -2.3695
9.22843 0.820231 -4.13632
9.62113 0.820231 -2.23889
10.0138 0.820231 -3.4589
10.4065 0.820231 -1.28387
10.7992 0.820231 -2.70477
11.1919 0.820231 -0.729972
11.5846 0.820231 -1.30476
11.9773 0.820231 -0.318541
12.37 0.820231 -1.30514
12.7627 0.820231 -0.699266
13.1554 0.820231 -2.14718
13.5481 0.820231 -0.435182

-0.981748 0.867255 -1.28696
-0.589049 0.867255 -1.62203
-0.19635 0.867255 -1.31659
0.19635 0.867255 -1.95556
0.589049 0.867255 -1.28181
0.981748 0.867255 -2.69225
1.37445 0.867255 -1.16399
1.76715 0.867255 -2.05331
2.15984 0.867255 -0.535731
2.55254 0.867255 -2.5571
2.94524 0.867255 -1.3358
3.33794 0.867255 -1.68112
3.73064 0.867255 -1.22184
4.12334 0.867255 -2.14022
4.51604 0.867255 -2.13665
4.90874 0.867255 -3.31254
5.30144 0.867255 -3.39357
5.69414 0.867255 -3.89397
6.08684 0.867255 -4.88473
6.47953 0.867255 -4.48298
6.87223 0.867255 -5.92944
7.26493 0.867255 -3.78149
7.65763 0.867255 -5.06029
8.05033 0.867255 -2.95367
8.44303 0.867255 -4.33687
8.83573 0.867255 -3.50012
9.22843 0.867255 -3.90748
9.62113 0.867255 -2.39696
10.0138 0.867255 -2.87723
10.4065 0.867255 -1.48224
10.7992 0.867255 -2.53096
11.1919 0.867255 -1.17293
11.5846 0.867255 -1.28696
11.9773 0.867255 -1.62203
12.37 0.867255 -1.31659
12.7627 0.867255 -1.95556
13.1554 0.867255 -1.28181
13.5481 0.867255 -2.69225

-0.981748 0.903736 -1.58175
-0.589049 0.903736 -0.750459
-0.19635 0.903736 -1.68106
0.19635 0.903736 -0.790503
0.589049 0.903736 -1.91598
0.981748 0.903736 -0.737331
1.37445 0.903736 -0.903175
1.76715 0.903736 -0.533417
2.15984 0.903736 -0.840495
2.55254 0.903736 -1.76272
2.94524 0.903736 -1.96165
3.33794 0.903736 -2.31013
3.73064 0.903736 -2.69565
4.12334 0.903736 -2.79475
4.51604 0.903736 -4.11518
4.90874 0.903736 -2.72184
5.30144 0.903736 -4.93338
5.69414 0.903736 -3.66369
6.08684 0.903736 -6.86075
6.47953 0.903736 -4.61191
6.87223 0.903736 -6.51391
7.26493 0.903736 -3.27723
7.65763 0.903736 -5.96352
8.05033 0.903736 -2.82585
8.44303 0.903736 -4.77886
8.83573 0.903736 -2.51601
9.22843 0.903736 -3.98703
9.62113 0.903736 -2.17403
10.0138 0.903736 -3.48554
10.4065 0.903736 -1.47659
10.7992 0.903736 -2.69078
11.1919 0.903736 -0.862257
11.5846 0.903736 -1.58175
11.9773 0.903736 -0.750459
12.37 0.903736 -1.68106
12.7627 0.903736 -0.790503
13.1554 0.903736 -1.91598
13.5481 0.903736 -0.737331

-0.981748 0.931728 -1.38343
-0.589049 0.931728 -1.55406
-0.19635 0.931728 -1.44734
0.19635 0.931728 -1.9304
0.589049 0.931728 -1.50109
0.981748 0.931728 -2.67531
1.37445 0.931728 -1.17768
1.76715 0.931728 -1.75694
2.15984 0.931728 -0.708115
2.55254 0.931728 -2.219
2.94524 0.931728 -1.41938
3.33794 0.931728 -1.60212
3.73064 0.931728 -1.38133
4.12334 0.931728 -2.09308
4.51604 0.931728 -2.47491
4.90874 0.931728 -2.97812
5.30144 0.931728 -3.67391
5.69414 0.931728 -3.64965
6.08684 0.931728 -5.11011
6.47953 0.931728 -4.37202
6.87223 0.931728 -5.82504
7.26493 0.931728 -3.75272
7.65763 0.931728 -5.00685
8.05033 0.931728 -3.11522
8.44303 0.931728 -4.44491
8.83573 0.931728 -3.37841
9.22843 0.931728 -3.77878
9.62113 0.931728 -2.41128
10.0138 0.931728 -2.94268
10.4065 0.931728 -1.4929
10.7992 0.931728 -2.39421
11.1919 0.931728 -1.1291
11.5846 0.931728 -1.38343
11.9773 0.931728 -1.55406
12.37 0.931728 -1.44734
12.7627 0.931728 -1.9304
13.1554 0.931728 -1.50109
13.5481 0.931728 -2.67531

-0.981748 0.953025 -1.71972
-0.589049 0.953025 -0.950726
-0.19635 0.953025 -1.70983
0.19635 0.953025 -1.00458
0.589049 0.953025 -1.81675
0.981748 0.953025 -1.02235
1.37445 0.953025 -0.995933
1.76715 0.953025 -0.767355
2.15984 0.953025 -0.873175
2.55254 0.953025 -1.82604
2.94524 0.953025 -1.82066
3.33794 0.953025 -2.21117
3.73064 0.953025 -2.57696
4.12334 0.953025 -2.77624
4.51604 0.953025 -3.85673
4.90874 0.953025 -2.70353
5.30144 0.953025 -4.6849
5.69414 0.953025 -3.60192
6.08684 0.953025 -6.4955
6.47953 0.953025 -4.47908
6.87223 0.953025 -6.24947
7.26493 0.953025 -3.4247
7.65763 0.953025 -5.66002
8.05033 0.953025 -2.8681
8.44303 0.953025 -4.67908
8.83573 0.953025 -2.56407
9.22843 0.953025 -3.93727
9.62113 0.953025 -2.20964
10.0138 0.953025 -3.41236
10.4065 0.953025 -1.52087
10.7992 0.953025 -2.61819
11.1919 0.953025 -0.938742
11.5846 0.953025 -1.71972
11.9773 0.953025 -0.950726
12.37 0.953025 -1.70983
12.7627 0.953025 -1.00458
13.1554 0.953025 -1.81675
13.5481 0.953025 -1.02235

-0.981748 0.969125 -1.49231
-0.589049 0.969125 -1.46797
-0.19635 0.969125 -1.52454
0.19635 0.969125 -1.7649
0.589049 0.969125 -1.58235
0.981748 0.969125 -2.29254
1.37445 0.969125 -1.15295
1.76715 0.969125 -1.52071
2.15984 0.969125 -0.769896
2.55254 0.969125 -2.12525
2.94524 0.969125 -1.48162
3.33794 0.969125 -1.68931
3.73064 0.969125 -1.56907
4.12334 0.969125 -2.13041
4.51604 0.969125 -2.75218
4.90874 0.969125 -2.79023
5.30144 0.969125 -3.88812
5.69414 0.969125 -3.58612
6.08684 0.969125 -5.36022
6.47953 0.969125 -4.34687
6.87223 0.969125 -5.87699
7.26493 0.969125 -3.67863
7.65763 0.969125 -5.10879
8.05033 0.969125 -3.07884
8.44303 0.969125 -4.5001
8.83573 0.969125 -3.27265
9.22843 0.969125 -3.7906
9.62113 0.969125 -2.39813
10.0138 0.969125 -3.04002
10.4065 0.969125 -1.51898
10.7992 0.969125 -2.41854
11.1919 0.969125 -1.09654
11.5846 0.969125 -1.49231
11.9773 0.969125 -1.46797
12.37 0.969125 -1.52454
12.7627 0.969125 -1.7649
13.1554 0.969125 -1.58235
13.5481 0.969125 -2.29254

-0.981748 0.981237 -1.71036
-0.589049 0.981237 -1.09565
-0.19635 0.981237 -1.67449
0.19635 0.981237 -1.19588
0.589049 0.981237 -1.75806
0.981748 0.981237 -1.38648
1.37445 0.981237 -1.05786
1.76715 0.981237 -0.974054
2.15984 0.981237 -0.848349
2.55254 0.981237 -1.89841
2.94524 0.981237 -1.75413
3.33794 0.981237 -2.08813
3.73064 0.981237 -2.40061
4.12334 0.981237 -2.70055
4.51604 0.981237 -3.60568
4.90874 0.981237 -2.71817
5.30144 0.981237 -4.4462
5.69414 0.981237 -3.56474
6.08684 0.981237 -6.19273
6.47953 0.981237 -4.43409
6.87223 0.981237 -6.11109
7.26493 0.981237 -3.49643
7.65763 0.981237 -5.45999
8.05033 0.981237 -2.92156
8.44303 0.981237 -4.6271
8.83573 0.981237 -2.72816
9.22843 0.981237 -3.8949
9.62113 0.981237 -2.24866
10.0138 0.981237 -3.32935
10.4065 0.981237 -1.53283
10.7992 0.981237 -2.58307
11.1919 0.981237 -0.991866
11.5846 0.981237 -1.71036
11.9773 0.981237 -1.09565
12.37 0.981237 -1.67449
12.7627 0.981237 -1.19588
13.1554 0.981237 -1.75806
13.5481 0.981237 -1.38648

-0.981748 0.990315 -1.56945
-0.589049 0.990315 -1.35237
-0.19635 0.990315 -1.58343
0.19635 0.990315 -1.57646
0.589049 0.990315 -1.6454
0.981748 0.990315 -1.97202
1.37445 0.990315 -1.12385
1.76715 0.990315 -1.32812
2.15984 0.990315 -0.797619
2.55254 0.990315 -2.05059
2.94524 0.990315 -1.57158
3.33794 0.990315 -1.79973
3.73064 0.990315 -1.82094
4.12334 0.990315 -2.28763
4.51604 0.990315 -3.02968
4.90874 0.990315 -2.75512
5.30144 0.990315 -4.0642
5.69414 0.990315 -3.55661
6.08684 0.990315 -5.6482
6.47953 0.990315 -4.37236
6.87223 0.990315 -5.95979
7.26493 0.990315 -3.6176
7.65763 0.990315 -5.21839
8.05033 0.990315 -3.02151
8.44303 0.990315 -4.54697
8.83573 0.990315 -3.09236
9.22843 0.990315 -3.81453
9.62113 0.990315 -2.34405
10.0138 0.990315 -3.1458
10.4065 0.990315 -1.5256
10.7992 0.990315 -2.4738
11.1919 0.990315 -1.06444
11.5846 0.990315 -1.56945
11.9773 0.990315 -1.35237
12.37 0.990315 -1.58343
12.7627 0.990315 -1.57646
13.1554 0.990315 -1.6454
13.5481 0.990315 -1.97202

-0.981748 0.9971 -1.64457
-0.589049 0.9971 -1.22812
-0.19635 0.9971 -1.63685
0.19635 0.9971 -1.37601
0.589049 0.9971 -1.70543
0.981748 0.9971 -1.68738
1.37445 0.9971 -1.09811
1.76715 0.9971 -1.14348
2.15984 0.9971 -0.817105
2.55254 0.9971 -1.98075
2.94524 0.9971 -1.67689
3.33794 0.9971 -1.93373
3.73064 0.9971 -2.11307
4.12334 0.9971 -2.50732
4.51604 0.9971 -3.32612
4.90874 0.9971 -2.73371
5.30144 0.9971 -4.24555
5.69414 0.9971 -3.53987
6.08684 0.9971 -5.93013
6.47953 0.9971 -4.41124
6.87223 0.9971 -6.03779
7.26493 0.9971 -3.56073
7.65763 0.9971 -5.33121
8.05033 0.9971 -2.96844
8.44303 0.9971 -4.58954
8.83573 0.9971 -2.9115
9.22843 0.9971 -3.8458
9.62113 0.9971 -2.29013
10.0138 0.9971 -3.24381
10.4065 0.9971 -1.52861
10.7992 0.9971 -2.53498
11.1919 0.9971 -1.03075
11.5846 0.9971 -1.64457
11.9773 0.9971 -1.22812
12.37 0.9971 -1.63685
12.7627 0.9971 -1.37601
13.1554 0.9971 -1.70543
13.5481 0.9971 -1.68738

-0.981748 1.0029 -1.64457
-0.589049 1.0029 -1.22812
-0.19635 1.0029 -1.63685
0.19635 1.0029 -1.37601
0.589049 1.0029 -1.70543
0.981748 1.0029 -1.68738
1.37445 1.0029 -1.09811
1.76715 1.0029 -1.14348
2.15984 1.0029 -0.817105
2.55254 1.0029 -1.98075
2.94524 1.0029 -1.67689
3.33794 1.0029 -1.93373
3.73064 1.0029 -2.11307
4.12334 1.0029 -2.50732
4.51604 1.0029 -3.32612
4.90874 1.0029 -2.73371
5.30144 1.0029 -4.24555
5.69414 1.0029 -3.53987
6.08684 1.0029 -5.93013
6.47953 1.0029 -4.41124
6.87223 1.0029 -6.03779
7.26493 1.0029 -3.56073
7.65763 1.0029 -5.33121
8.05033 1.0029 -2.96844
8.44303 1.0029 -4.58954
8.83573 1.0029 -2.9115
9.22843 1.0029 -3.8458
9.62113 1.0029 -2.29013
10.0138 1.0029 -3.24381
10.4065 1.0029 -1.52861
10.7992 1.0029 -2.53498
11.1919 1.0029 -1.03075
11.5846 1.0029 -1.64457
11.9773 1.0029 -1.22812
12.37 1.0029 -1.63685
12.7627 1.0029 -1.37601
13.1554 1.0029 -1.70543
13.5481 1.0029 -1.68738

