-0.981748 -1.0029 0.348505
-0.589049 -1.0029 0.356483
-0.19635 -1.0029 0.447989
0.19635 -1.0029 0.461257
0.589049 -1.0029 0.435995
0.981748 -1.0029 0.397634
1.37445 -1.0029 0.403941
1.76715 -1.0029 0.397782
2.15984 -1.0029 0.419408
2.55254 -1.0029 0.430301
2.94524 -1.0029 0.382549
3.33794 -1.0029 0.456573
3.73064 -1.0029 0.42146
4.12334 -1.0029 0.366599
4.51604 -1.0029 0.428163
4.90874 -1.0029 0.35492
5.30144 -1.0029 0.39878
5.69414 -1.0029 0.448836
6.08684 -1.0029 0.386492
6.47953 -1.0029 0.427782
6.87223 -1.0029 0.43908
7.26493 -1.0029 0.369212
7.65763 -1.0029 0.477775
8.05033 -1.0029 0.408908
8.44303 -1.0029 0.345967
8.83573 -1.0029 0.385254
9.22843 -1.0029 0.386754
9.62113 -1.0029 0.335074
10.0138 -1.0029 0.423813
10.4065 -1.0029 0.359244
10.7992 -1.0029 0.420673
11.1919 -1.0029 0.379003
11.5846 -1.0029 0.348505
11.9773 -1.0029 0.356483
12.37 -1.0029 0.447989
12.7627 -1.0029 0.461257
13.1554 -1.0029 0.435995
13.5481 -1.0029 0.397634

-0.981748 -0.9971 0.424814
-0.589049 -0.9971 0.407161
-0.19635 -0.9971 0.438495
0.19635 -0.9971 0.413939
0.589049 -0.9971 0.456111
0.981748 -0.9971 0.402315
1.37445 -0.9971 0.320419
1.76715 -0.9971 0.446892
2.15984 -0.9971 0.513407
2.55254 -0.9971 0.468459
2.94524 -0.9971 0.429728
3.33794 -0.9971 0.44115
3.73064 -0.9971 0.380304
4.12334 -0.9971 0.463326
4.51604 -0.9971 0.39115
4.90874 -0.9971 0.424433
5.30144 -0.9971 0.368735
5.69414 -0.9971 0.475617
6.08684 -0.9971 0.355154
6.47953 -0.9971 0.431784
6.87223 -0.9971 0.416659
7.26493 -0.9971 0.336893
7.65763 -0.9971 0.506036
8.05033 -0.9971 0.491871
8.44303 -0.9971 0.420459
8.83573 -0.9971 0.427162
9.22843 -0.9971 0.44733
9.62113 -0.9971 0.388582
10.0138 -0.9971 0.454935
10.4065 -0.9971 0.352537
10.7992 -0.9971 0.47127
11.1919 -0.9971 0.401105
11.5846 -0.9971 0.424814
11.9773 -0.9971 0.407161
12.37 -0.9971 0.438495
12.7627 -0.9971 0.413939
13.1554 -0.9971 0.456111
13.5481 -0.9971 0.402315

-0.981748 -0.990315 0.353898
-0.589049 -0.990315 0.458912
-0.19635 -0.990315 0.355529
0.19635 -0.990315 0.433732
0.589049 -0.990315 0.457221
0.981748 -0.990315 0.465624
1.37445 -0.990315 0.392301
1.76715 -0.990315 0.430752
2.15984 -0.990315 0.410048
2.55254 -0.990315 0.423648
2.94524 -0.990315 0.425752
3.33794 -0.990315 0.465047
3.73064 -0.990315 0.415968
4.12334 -0.990315 0.475987
4.51604 -0.990315 0.421473
4.90874 -0.990315 0.352152
5.30144 -0.990315 0.40498
5.69414 -0.990315 0.413834
6.08684 -0.990315 0.41248
6.47953 -0.990315 0.411297
6.87223 -0.990315 0.475196
7.26493 -0.990315 0.412693
7.65763 -0.990315 0.535641
8.05033 -0.990315 0.45041
8.44303 -0.990315 0.334703
8.83573 -0.990315 0.447316
9.22843 -0.990315 0.425896
9.62113 -0.990315 0.451838
10.0138 -0.990315 0.393986
10.4065 -0.990315 0.318754
10.7992 -0.990315 0.361814
11.1919 -0.990315 0.377935
11.5846 -0.990315 0.353898
11.9773 -0.990315 0.458912
12.37 -0.990315 0.355529
12.7627 -0.990315 0.433732
13.1554 -0.990315 0.457221
13.5481 -0.990315 0.465624

-0.981748 -0.981237 0.400365
-0.589049 -0.981237 0.370065
-0.19635 -0.981237 0.41227
0.19635 -0.981237 0.40114
0.589049 -0.981237 0.427469
0.981748 -0.981237 0.387936
1.37445 -0.981237 0.392704
1.76715 -0.981237 0.430592
2.15984 -0.981237 0.450882
2.55254 -0.981237 0.375979
2.94524 -0.981237 0.474156
3.33794 -0.981237 0.40597
3.73064 -0.981237 0.324016
4.12334 -0.981237 0.425157
4.51604 -0.981237 0.43394
4.90874 -0.981237 0.409757
5.30144 -0.981237 0.448932
5.69414 -0.981237 0.457214
6.08684 -0.981237 0.427407
6.47953 -0.981237 0.474564
6.87223 -0.981237 0.434579
7.26493 -0.981237 0.362445
7.65763 -0.981237 0.45655
8.05033 -0.981237 0.377162
8.44303 -0.981237 0.383615
8.83573 -0.981237 0.472891
9.22843 -0.981237 0.393944
9.62113 -0.981237 0.366766
10.0138 -0.981237 0.447108
10.4065 -0.981237 0.409059
10.7992 -0.981237 0.394209
11.1919 -0.981237 0.409057
11.5846 -0.981237 0.400365
11.9773 -0.981237 0.370065
12.37 -0.981237 0.41227
12.7627 -0.981237 0.40114
13.1554 -0.981237 0.427469
13.5481 -0.981237 0.387936

-0.981748 -0.969125 0.395971
-0.589049 -0.969125 0.397585
-0.19635 -0.969125 0.365308
0.19635 -0.969125 0.422791
0.589049 -0.969125 0.421341
0.981748 -0.969125 0.420788
1.37445 -0.969125 0.370027
1.76715 -0.969125 0.410932
2.15984 -0.969125 0.48796
2.55254 -0.969125 0.396082
2.94524 -0.969125 0.444474
3.33794 -0.969125 0.434161
3.73064 -0.969125 0.431562
4.12334 -0.969125 0.477827
4.51604 -0.969125 0.430398
4.90874 -0.969125 0.334616
5.30144 -0.969125 0.41152
5.69414 -0.969125 0.481472
6.08684 -0.969125 0.380191
6.47953 -0.969125 0.505845
6.87223 -0.969125 0.360062
7.26493 -0.969125 0.420517
7.65763 -0.969125 0.433736
8.05033 -0.969125 0.381762
8.44303 -0.969125 0.401704
8.83573 -0.969125 0.463569
9.22843 -0.969125 0.508132
9.62113 -0.969125 0.408313
10.0138 -0.969125 0.416765
10.4065 -0.969125 0.361377
10.7992 -0.969125 0.423599
11.1919 -0.969125 0.386624
11.5846 -0.969125 0.395971
11.9773 -0.969125 0.397585
12.37 -0.969125 0.365308
12.7627 -0.969125 0.422791
13.1554 -0.969125 0.421341
13.5481 -0.969125 0.420788

-0.981748 -0.953025 0.454311
-0.589049 -0.953025 0.470322
-0.19635 -0.953025 0.418638
0.19635 -0.953025 0.421011
0.589049 -0.953025 0.376062
0.981748 -0.953025 0.35925
1.37445 -0.953025 0.351868
1.76715 -0.953025 0.415031
2.15984 -0.953025 0.441313
2.55254 -0.953025 0.384267
2.94524 -0.953025 0.470201
3.33794 -0.953025 0.486354
3.73064 -0.953025 0.454725
4.12334 -0.953025 0.380888
4.51604 -0.953025 0.440795
4.90874 -0.953025 0.43706
5.30144 -0.953025 0.421145
5.69414 -0.953025 0.40647
6.08684 -0.953025 0.461892
6.47953 -0.953025 0.437956
6.87223 -0.953025 0.418287
7.26493 -0.953025 0.325498
7.65763 -0.953025 0.393567
8.05033 -0.953025 0.381222
8.44303 -0.953025 0.458726
8.83573 -0.953025 0.401741
9.22843 -0.953025 0.528713
9.62113 -0.953025 0.443431
10.0138 -0.953025 0.444474
10.4065 -0.953025 0.451595
10.7992 -0.953025 0.41998
11.1919 -0.953025 0.452083
11.5846 -0.953025 0.454311
11.9773 -0.953025 0.470322
12.37 -0.953025 0.418638
12.7627 -0.953025 0.421011
13.1554 -0.953025 0.376062
13.5481 -0.953025 0.35925

-0.981748 -0.931728 0.404658
-0.589049 -0.931728 0.411289
-0.19635 -0.931728 0.425961
0.19635 -0.931728 0.451357
0.589049 -0.931728 0.391269
0.981748 -0.931728 0.455594
1.37445 -0.931728 0.418364
1.76715 -0.931728 0.396911
2.15984 -0.931728 0.460139
2.55254 -0.931728 0.474119
2.94524 -0.931728 0.418661
3.33794 -0.931728 0.459425
3.73064 -0.931728 0.443423
4.12334 -0.931728 0.419828
4.51604 -0.931728 0.410731
4.90874 -0.931728 0.421755
5.30144 -0.931728 0.432521
5.69414 -0.931728 0.39936
6.08684 -0.931728 0.505826
6.47953 -0.931728 0.45035
6.87223 -0.931728 0.415778
7.26493 -0.931728 0.398018
7.65763 -0.931728 0.404261
8.05033 -0.931728 0.461602
8.44303 -0.931728 0.339801
8.83573 -0.931728 0.39691
9.22843 -0.931728 0.453948
9.62113 -0.931728 0.465329
10.0138 -0.931728 0.458855
10.4065 -0.931728 0.449998
10.7992 -0.931728 0.403707
11.1919 -0.931728 0.397624
11.5846 -0.931728 0.404658
11.9773 -0.931728 0.411289
12.37 -0.931728 0.425961
12.7627 -0.931728 0.451357
13.1554 -0.931728 0.391269
13.5481 -0.931728 0.455594

-0.981748 -0.903736 0.506933
-0.589049 -0.903736 0.475959
-0.19635 -0.903736 0.478853
0.19635 -0.903736 0.388311
0.589049 -0.903736 0.376242
0.981748 -0.903736 0.347241
1.37445 -0.903736 0.346729
1.76715 -0.903736 0.43272
2.15984 -0.903736 0.460335
2.55254 -0.903736 0.513832
2.94524 -0.903736 0.478153
3.33794 -0.903736 0.422136
3.73064 -0.903736 0.378748
4.12334 -0.903736 0.378449
4.51604 -0.903736 0.389215
4.90874 -0.903736 0.511066
5.30144 -0.903736 0.377212
5.69414 -0.903736 0.370648
6.08684 -0.903736 0.360165
6.47953 -0.903736 0.40903
6.87223 -0.903736 0.366626
7.26493 -0.903736 0.422678
7.65763 -0.903736 0.383942
8.05033 -0.903736 0.346805
8.44303 -0.903736 0.493138
8.83573 -0.903736 0.397009
9.22843 -0.903736 0.418318
9.62113 -0.903736 0.409545
10.0138 -0.903736 0.450742
10.4065 -0.903736 0.416533
10.7992 -0.903736 0.392074
11.1919 -0.903736 0.49139
11.5846 -0.903736 0.506933
11.9773 -0.903736 0.475959
12.37 -0.903736 0.478853
12.7627 -0.903736 0.388311
13.1554 -0.903736 0.376242
13.5481 -0.903736 0.347241

-0.981748 -0.867255 0.448754
-0.589049 -0.867255 0.471462
-0.19635 -0.867255 0.443308
0.19635 -0.867255 0.388349
0.589049 -0.867255 0.441458
0.981748 -0.867255 0.457312
1.37445 -0.867255 0.415042
1.76715 -0.867255 0.420557
2.15984 -0.867255 0.432967
2.55254 -0.867255 0.382343
2.94524 -0.867255 0.404205
3.33794 -0.867255 0.421694
3.73064 -0.867255 0.367514
4.12334 -0.867255 0.373518
4.51604 -0.867255 0.404242
4.90874 -0.867255 0.355905
5.30144 -0.867255 0.365435
5.69414 -0.867255 0.403147
6.08684 -0.867255 0.420454
6.47953 -0.867255 0.473806
6.87223 -0.867255 0.435742
7.26493 -0.867255 0.486185
7.65763 -0.867255 0.439103
8.05033 -0.867255 0.43926
8.44303 -0.867255 0.383164
8.83573 -0.867255 0.435946
9.22843 -0.867255 0.437925
9.62113 -0.867255 0.421099
10.0138 -0.867255 0.470841
10.4065 -0.867255 0.439771
10.7992 -0.867255 0.490449
11.1919 -0.867255 0.466694
11.5846 -0.867255 0.448754
11.9773 -0.867255 0.471462
12.37 -0.867255 0.443308
12.7627 -0.867255 0.388349
13.1554 -0.867255 0.441458
13.5481 -0.867255 0.457312

-0.981748 -0.820231 0.503853
-0.589049 -0.820231 0.438241
-0.19635 -0.820231 0.419861
0.19635 -0.820231 0.385621
0.589049 -0.820231 0.389431
0.981748 -0.820231 0.392871
1.37445 -0.820231 0.36048
1.76715 -0.820231 0.529408
2.15984 -0.820231 0.451099
2.55254 -0.820231 0.556344
2.94524 -0.820231 0.51747
3.33794 -0.820231 0.601075
3.73064 -0.820231 0.381249
4.12334 -0.820231 0.37344
4.51604 -0.820231 0.399254
4.90874 -0.820231 0.463017
5.30144 -0.820231 0.445986
5.69414 -0.820231 0.412169
6.08684 -0.820231 0.313915
6.47953 -0.820231 0.490294
6.87223 -0.820231 0.45725
7.26493 -0.820231 0.44714
7.65763 -0.820231 0.396105
8.05033 -0.820231 0.343058
8.44303 -0.820231 0.467334
8.83573 -0.820231 0.427108
9.22843 -0.820231 0.496804
9.62113 -0.820231 0.371904
10.0138 -0.820231 0.381357
10.4065 -0.820231 0.386678
10.7992 -0.820231 0.391865
11.1919 -0.820231 0.44399
11.5846 -0.820231 0.503853
11.9773 -0.820231 0.438241
12.37 -0.820231 0.419861
12.7627 -0.820231 0.385621
13.1554 -0.820231 0.389431
13.5481 -0.820231 0.392871

-0.981748 -0.760465 0.462394
-0.589049 -0.760465 0.410581
-0.19635 -0.760465 0.567612
0.19635 -0.760465 0.408345
0.589049 -0.760465 0.431212
0.981748 -0.760465 0.415778
1.37445 -0.760465 0.373346
1.76715 -0.760465 0.443325
2.15984 -0.760465 0.441689
2.55254 -0.760465 0.481943
2.94524 -0.760465 0.39616
3.33794 -0.760465 0.495226
3.73064 -0.760465 0.446001
4.12334 -0.760465 0.380401
4.51604 -0.760465 0.378167
4.90874 -0.760465 0.4041
5.30144 -0.760465 0.344629
5.69414 -0.760465 0.383603
6.08684 -0.760465 0.382543
6.47953 -0.760465 0.396349
6.87223 -0.760465 0.35647
7.26493 -0.760465 0.417266
7.65763 -0.760465 0.340822
8.05033 -0.760465 0.410306
8.44303 -0.760465 0.402302
8.83573 -0.760465 0.4379
9.22843 -0.760465 0.456089
9.62113 -0.760465 0.447763
10.0138 -0.760465 0.424882
10.4065 -0.760465 0.447187
10.7992 -0.760465 0.480915
11.1919 -0.760465 0.414976
11.5846 -0.760465 0.462394
11.9773 -0.760465 0.410581
12.37 -0.760465 0.567612
12.7627 -0.760465 0.408345
13.1554 -0.760465 0.431212
13.5481 -0.760465 0.415778

-0.981748 -0.685849 0.466272
-0.589049 -0.685849 0.483609
-0.19635 -0.685849 0.511682
0.19635 -0.685849 0.409213
0.589049 -0.685849 0.438756
0.981748 -0.685849 0.356613
1.37445 -0.685849 0.331918
1.76715 -0.685849 0.364076
2.15984 -0.685849 0.451031
2.55254 -0.685849 0.362609
2.94524 -0.685849 0.436416
3.33794 -0.685849 0.457403
3.73064 -0.685849 0.29584
4.12334 -0.685849 0.36473
4.51604 -0.685849 0.439926
4.90874 -0.685849 0.513269
5.30144 -0.685849 0.453381
5.69414 -0.685849 0.493653
6.08684 -0.685849 0.416886
6.47953 -0.685849 0.372863
6.87223 -0.685849 0.339096
7.26493 -0.685849 0.419117
7.65763 -0.685849 0.437376
8.05033 -0.685849 0.416895
8.44303 -0.685849 0.456976
8.83573 -0.685849 0.52899
9.22843 -0.685849 0.459714
9.62113 -0.685849 0.520814
10.0138 -0.685849 0.377881
10.4065 -0.685849 0.451587
10.7992 -0.685849 0.437417
11.1919 -0.685849 0.436306
11.5846 -0.685849 0.466272
11.9773 -0.685849 0.483609
12.37 -0.685849 0.511682
12.7627 -0.685849 0.409213
13.1554 -0.685849 0.438756
13.5481 -0.685849 0.356613

-0.981748 -0.594734 0.454492
-0.589049 -0.594734 0.458929
-0.19635 -0.594734 0.443943
0.19635 -0.594734 0.401526
0.589049 -0.594734 0.438976
0.981748 -0.594734 0.382857
1.37445 -0.594734 0.415737
1.76715 -0.594734 0.391348
2.15984 -0.594734 0.425862
2.55254 -0.594734 0.43565
2.94524 -0.594734 0.433927
3.33794 -0.594734 0.458912
3.73064 -0.594734 0.403748
4.12334 -0.594734 0.37623
4.51604 -0.594734 0.400475
4.90874 -0.594734 0.490769
5.30144 -0.594734 0.4069
5.69414 -0.594734 0.473132
6.08684 -0.594734 0.38912
6.47953 -0.594734 0.458367
6.87223 -0.594734 0.355703
7.26493 -0.594734 0.385421
7.65763 -0.594734 0.338331
8.05033 -0.594734 0.407344
8.44303 -0.594734 0.350336
8.83573 -0.594734 0.470224
9.22843 -0.594734 0.403112
9.62113 -0.594734 0.453955
10.0138 -0.594734 0.382473
10.4065 -0.594734 0.469974
10.7992 -0.594734 0.479422
11.1919 -0.594734 0.413807
11.5846 -0.594734 0.454492
11.9773 -0.594734 0.458929
12.37 -0.594734 0.443943
12.7627 -0.594734 0.401526
13.1554 -0.594734 0.438976
13.5481 -0.594734 0.382857

-0.981748 -0.486425 0.433666
-0.589049 -0.486425 0.428866
-0.19635 -0.486425 0.387167
0.19635 -0.486425 0.414654
0.589049 -0.486425 0.377751
0.981748 -0.486425 0.425617
1.37445 -0.486425 0.435191
1.76715 -0.486425 0.386387
2.15984 -0.486425 0.512056
2.55254 -0.486425 0.370759
2.94524 -0.486425 0.467642
3.33794 -0.486425 0.399833
3.73064 -0.486425 0.33156
4.12334 -0.486425 0.389324
4.51604 -0.486425 0.314041
4.90874 -0.486425 0.463073
5.30144 -0.486425 0.35628
5.69414 -0.486425 0.445587
6.08684 -0.486425 0.435972
6.47953 -0.486425 0.439431
6.87223 -0.486425 0.374933
7.26493 -0.486425 0.420551
7.65763 -0.486425 0.423226
8.05033 -0.486425 0.411599
8.44303 -0.486425 0.443025
8.83573 -0.486425 0.459213
9.22843 -0.486425 0.398222
9.62113 -0.486425 0.468679
10.0138 -0.486425 0.395785
10.4065 -0.486425 0.477449
10.7992 -0.486425 0.429658
11.1919 -0.486425 0.4689
11.5846 -0.486425 0.433666
11.9773 -0.486425 0.428866
12.37 -0.486425 0.387167
12.7627 -0.486425 0.414654
13.1554 -0.486425 0.377751
13.5481 -0.486425 0.425617

-0.981748 -0.361703 0.40197
-0.589049 -0.361703 0.438311
-0.19635 -0.361703 0.374521
0.19635 -0.361703 0.375645
0.589049 -0.361703 0.394614
0.981748 -0.361703 0.425882
1.37445 -0.361703 0.46045
1.76715 -0.361703 0.519565
2.15984 -0.361703 0.431983
2.55254 -0.361703 0.3947
2.94524 -0.361703 0.387672
3.33794 -0.361703 0.370784
3.73064 -0.361703 0.416741
4.12334 -0.361703 0.444926
4.51604 -0.361703 0.46877
4.90874 -0.361703 0.477826
5.30144 -0.361703 0.344043
5.69414 -0.361703 0.41012
6.08684 -0.361703 0.382604
6.47953 -0.361703 0.411611
6.87223 -0.361703 0.412308
7.26493 -0.361703 0.34088
7.65763 -0.361703 0.467796
8.05033 -0.361703 0.488158
8.44303 -0.361703 0.461449
8.83573 -0.361703 0.377708
9.22843 -0.361703 0.428121
9.62113 -0.361703 0.411557
10.0138 -0.361703 0.416051
10.4065 -0.361703 0.42335
10.7992 -0.361703 0.507768
11.1919 -0.361703 0.416517
11.5846 -0.361703 0.40197
11.9773 -0.361703 0.438311
12.37 -0.361703 0.374521
12.7627 -0.361703 0.375645
13.1554 -0.361703 0.394614
13.5481 -0.361703 0.425882

-0.981748 -0.223212 0.469525
-0.589049 -0.223212 0.402881
-0.19635 -0.223212 0.430558
0.19635 -0.223212 0.432535
0.589049 -0.223212 0.425862
0.981748 -0.223212 0.394217
1.37445 -0.223212 0.420173
1.76715 -0.223212 0.480064
2.15984 -0.223212 0.405079
2.55254 -0.223212 0.356996
2.94524 -0.223212 0.416676
3.33794 -0.223212 0.476301
3.73064 -0.223212 0.379433
4.12334 -0.223212 0.436671
4.51604 -0.223212 0.482824
4.90874 -0.223212 0.429715
5.30144 -0.223212 0.439839
5.69414 -0.223212 0.488544
6.08684 -0.223212 0.475765
6.47953 -0.223212 0.394623
6.87223 -0.223212 0.389682
7.26493 -0.223212 0.381789
7.65763 -0.223212 0.447578
8.05033 -0.223212 0.510569
8.44303 -0.223212 0.456264
8.83573 -0.223212 0.386813
9.22843 -0.223212 0.363495
9.62113 -0.223212 0.430737
10.0138 -0.223212 0.396539
10.4065 -0.223212 0.404895
10.7992 -0.223212 0.421954
11.1919 -0.223212 0.375474
11.5846 -0.223212 0.469525
11.9773 -0.223212 0.402881
12.37 -0.223212 0.430558
12.7627 -0.223212 0.432535
13.1554 -0.223212 0.425862
13.5481 -0.223212 0.394217

-0.981748 -0.0754897 0.288292
-0.589049 -0.0754897 0.399011
-0.19635 -0.0754897 0.440293
0.19635 -0.0754897 0.405881
0.589049 -0.0754897 0.37304
0.981748 -0.0754897 0.4583
1.37445 -0.0754897 0.447414
1.76715 -0.0754897 0.459148
2.15984 -0.0754897 0.28767
2.55254 -0.0754897 0.372043
2.94524 -0.0754897 0.395925
3.33794 -0.0754897 0.428713
3.73064 -0.0754897 0.383491
4.12334 -0.0754897 0.386548
4.51604 -0.0754897 0.43295
4.90874 -0.0754897 0.36271
5.30144 -0.0754897 0.401611
5.69414 -0.0754897 0.454348
6.08684 -0.0754897 0.36289
6.47953 -0.0754897 0.403145
6.87223 -0.0754897 0.450924
7.26493 -0.0754897 0.335346
7.65763 -0.0754897 0.388298
8.05033 -0.0754897 0.541519
8.44303 -0.0754897 0.50609
8.83573 -0.0754897 0.386766
9.22843 -0.0754897 0.365869
9.62113 -0.0754897 0.422845
10.0138 -0.0754897 0.448993
10.4065 -0.0754897 0.395532
10.7992 -0.0754897 0.388368
11.1919 -0.0754897 0.327479
11.5846 -0.0754897 0.288292
11.9773 -0.0754897 0.399011
12.37 -0.0754897 0.440293
12.7627 -0.0754897 0.405881
13.1554 -0.0754897 0.37304
13.5481 -0.0754897 0.4583

-0.981748 0.0754897 0.467592
-0.589049 0.0754897 0.488781
-0.19635 0.0754897 0.354226
0.19635 0.0754897 0.419268
0.589049 0.0754897 0.415292
0.981748 0.0754897 0.459997
1.37445 0.0754897 0.402945
1.76715 0.0754897 0.533928
2.15984 0.0754897 0.397404
2.55254 0.0754897 0.373025
2.94524 0.0754897 0.451641
3.33794 0.0754897 0.452302
3.73064 0.0754897 0.310205
4.12334 0.0754897 0.415869
4.51604 0.0754897 0.352833
4.90874 0.0754897 0.425439
5.30144 0.0754897 0.43346
5.69414 0.0754897 0.572915
6.08684 0.0754897 0.402816
6.47953 0.0754897 0.383734
6.87223 0.0754897 0.412686
7.26493 0.0754897 0.392145
7.65763 0.0754897 0.410524
8.05033 0.0754897 0.423458
8.44303 0.0754897 0.464768
8.83573 0.0754897 0.397107
9.22843 0.0754897 0.466605
9.62113 0.0754897 0.453656
10.0138 0.0754897 0.429026
10.4065 0.0754897 0.382661
10.7992 0.0754897 0.427486
11.1919 0.0754897 0.443375
11.5846 0.0754897 0.467592
11.9773 0.0754897 0.488781
12.37 0.0754897 0.354226
12.7627 0.0754897 0.419268
13.1554 0.0754897 0.415292
13.5481 0.0754897 0.459997

-0.981748 0.223212 0.44779
-0.589049 0.223212 0.449164
-0.19635 0.223212 0.352243
0.19635 0.223212 0.42359
0.589049 0.223212 0.49435
0.981748 0.223212 0.504172
1.37445 0.223212 0.507508
1.76715 0.223212 0.484903
2.15984 0.223212 0.399003
2.55254 0.223212 0.392013
2.94524 0.223212 0.493002
3.33794 0.223212 0.540406
3.73064 0.223212 0.424399
4.12334 0.223212 0.453482
4.51604 0.223212 0.355566
4.90874 0.223212 0.408573
5.30144 0.223212 0.341623
5.69414 0.223212 0.504505
6.08684 0.223212 0.354755
6.47953 0.223212 0.465914
6.87223 0.223212 0.513471
7.26493 0.223212 0.331858
7.65763 0.223212 0.34854
8.05033 0.223212 0.480508
8.44303 0.223212 0.543017
8.83573 0.223212 0.387734
9.22843 0.223212 0.385694
9.62113 0.223212 0.421755
10.0138 0.223212 0.420723
10.4065 0.223212 0.357126
10.7992 0.223212 0.534001
11.1919 0.223212 0.432625
11.5846 0.223212 0.44779
11.9773 0.223212 0.449164
12.37 0.223212 0.352243
12.7627 0.223212 0.42359
13.1554 0.223212 0.49435
13.5481 0.223212 0.504172

-0.981748 0.361703 0.472069
-0.589049 0.361703 0.439531
-0.19635 0.361703 0.369826
0.19635 0.361703 0.38553
0.589049 0.361703 0.428637
0.981748 0.361703 0.434192
1.37445 0.361703 0.395667
1.76715 0.361703 0.461385
2.15984 0.361703 0.411888
2.55254 0.361703 0.371403
2.94524 0.361703 0.412167
3.33794 0.361703 0.463889
3.73064 0.361703 0.412519
4.12334 0.361703 0.410871
4.51604 0.361703 0.455201
4.90874 0.361703 0.469587
5.30144 0.361703 0.432592
5.69414 0.361703 0.439437
6.08684 0.361703 0.398143
6.47953 0.361703 0.484411
6.87223 0.361703 0.416795
7.26493 0.361703 0.392074
7.65763 0.361703 0.380661
8.05033 0.361703 0.418701
8.44303 0.361703 0.461296
8.83573 0.361703 0.404132
9.22843 0.361703 0.45938
9.62113 0.361703 0.451067
10.0138 0.361703 0.449142
10.4065 0.361703 0.405858
10.7992 0.361703 0.479665
11.1919 0.361703 0.447564
11.5846 0.361703 0.472069
11.9773 0.361703 0.439531
12.37 0.361703 0.369826
12.7627 0.361703 0.38553
13.1554 0.361703 0.428637
13.5481 0.361703 0.434192

-0.981748 0.486425 0.462291
-0.589049 0.486425 0.393591
-0.19635 0.486425 0.395308
0.19635 0.486425 0.364664
0.589049 0.486425 0.390507
0.981748 0.486425 0.420864
1.37445 0.486425 0.442589
1.76715 0.486425 0.407036
2.15984 0.486425 0.431932
2.55254 0.486425 0.394981
2.94524 0.486425 0.387143
3.33794 0.486425 0.424287
3.73064 0.486425 0.370353
4.12334 0.486425 0.432637
4.51604 0.486425 0.456469
4.90874 0.486425 0.440669
5.30144 0.486425 0.440569
5.69414 0.486425 0.424859
6.08684 0.486425 0.380572
6.47953 0.486425 0.41313
6.87223 0.486425 0.409865
7.26493 0.486425 0.258522
7.65763 0.486425 0.446863
8.05033 0.486425 0.506771
8.44303 0.486425 0.505286
8.83573 0.486425 0.422219
9.22843 0.486425 0.458889
9.62113 0.486425 0.424421
10.0138 0.486425 0.366933
10.4065 0.486425 0.396848
10.7992 0.486425 0.485242
11.1919 0.486425 0.393485
11.5846 0.486425 0.462291
11.9773 0.486425 0.393591
12.37 0.486425 0.395308
12.7627 0.486425 0.364664
13.1554 0.486425 0.390507
13.5481 0.486425 0.420864

-0.981748 0.594734 0.454202
-0.589049 0.594734 0.42073
-0.19635 0.594734 0.35642
0.19635 0.594734 0.403965
0.589049 0.594734 0.427857
0.981748 0.594734 0.367064
1.37445 0.594734 0.367238
1.76715 0.594734 0.479294
2.15984 0.594734 0.447996
2.55254 0.594734 0.390466
2.94524 0.594734 0.436237
3.33794 0.594734 0.521777
3.73064 0.594734 0.383096
4.12334 0.594734 0.400386
4.51604 0.594734 0.406209
4.90874 0.594734 0.43056
5.30144 0.594734 0.371162
5.69414 0.594734 0.45077
6.08684 0.594734 0.382106
6.47953 0.594734 0.441168
6.87223 0.594734 0.379364
7.26493 0.594734 0.44733
7.65763 0.594734 0.437647
8.05033 0.594734 0.472552
8.44303 0.594734 0.440853
8.83573 0.594734 0.373279
9.22843 0.594734 0.418055
9.62113 0.594734 0.519116
10.0138 0.594734 0.413805
10.4065 0.594734 0.377644
10.7992 0.594734 0.452988
11.1919 0.594734 0.454081
11.5846 0.594734 0.454202
11.9773 0.594734 0.42073
12.37 0.594734 0.35642
12.7627 0.594734 0.403965
13.1554 0.594734 0.427857
13.5481 0.594734 0.367064

-0.981748 0.685849 0.407463
-0.589049 0.685849 0.459401
-0.19635 0.685849 0.396851
0.19635 0.685849 0.412975
0.589049 0.685849 0.423472
0.981748 0.685849 0.494673
1.37445 0.685849 0.471757
1.76715 0.685849 0.445535
2.15984 0.685849 0.425197
2.55254 0.685849 0.435685
2.94524 0.685849 0.529544
3.33794 0.685849 0.513188
3.73064 0.685849 0.529689
4.12334 0.685849 0.431742
4.51604 0.685849 0.382131
4.90874 0.685849 0.369742
5.30144 0.685849 0.417127
5.69414 0.685849 0.429432
6.08684 0.685849 0.435872
6.47953 0.685849 0.469391
6.87223 0.685849 0.428271
7.26493 0.685849 0.395532
7.65763 0.685849 0.374837
8.05033 0.685849 0.462917
8.44303 0.685849 0.487497
8.83573 0.685849 0.400842
9.22843 0.685849 0.496245
9.62113 0.685849 0.444393
10.0138 0.685849 0.461015
10.4065 0.685849 0.415651
10.7992 0.685849 0.433636
11.1919 0.685849 0.367659
11.5846 0.685849 0.407463
11.9773 0.685849 0.459401
12.37 0.685849 0.396851
12.7627 0.685849 0.412975
13.1554 0.685849 0.423472
13.5481 0.685849 0.494673

-0.981748 0.760465 0.505571
-0.589049 0.760465 0.421955
-0.19635 0.760465 0.436455
0.19635 0.760465 0.44718
0.589049 0.760465 0.398075
0.981748 0.760465 0.271048
1.37445 0.760465 0.310351
1.76715 0.760465 0.542825
2.15984 0.760465 0.518553
2.55254 0.760465 0.483727
2.94524 0.760465 0.425069
3.33794 0.760465 0.381552
3.73064 0.760465 0.365424
4.12334 0.760465 0.422173
4.51604 0.760465 0.428374
4.90874 0.760465 0.432295
5.30144 0.760465 0.443997
5.69414 0.760465 0.466958
6.08684 0.760465 0.474679
6.47953 0.760465 0.456448
6.87223 0.760465 0.406479
7.26493 0.760465 0.441697
7.65763 0.760465 0.374867
8.05033 0.760465 0.413035
8.44303 0.760465 0.431935
8.83573 0.760465 0.359442
9.22843 0.760465 0.44328
9.62113 0.760465 0.443814
10.0138 0.760465 0.374755
10.4065 0.760465 0.393805
10.7992 0.760465 0.420727
11.1919 0.760465 0.411413
11.5846 0.760465 0.505571
11.9773 0.760465 0.421955
12.37 0.760465 0.436455
12.7627 0.760465 0.44718
13.1554 0.760465 0.398075
13.5481 0.760465 0.271048

-0.981748 0.820231 0.425162
-0.589049 0.820231 0.524599
-0.19635 0.820231 0.441879
0.19635 0.820231 0.407249
0.589049 0.820231 0.531772
0.981748 0.820231 0.378554
1.37445 0.820231 0.504973
1.76715 0.820231 0.438707
2.15984 0.820231 0.440133
2.55254 0.820231 0.463956
2.94524 0.820231 0.412518
3.33794 0.820231 0.461578
3.73064 0.820231 0.432671
4.12334 0.820231 0.381382
4.51604 0.820231 0.331962
4.90874 0.820231 0.36908
5.30144 0.820231 0.384121
5.69414 0.820231 0.443981
6.08684 0.820231 0.448106
6.47953 0.820231 0.408168
6.87223 0.820231 0.362935
7.26493 0.820231 0.327251
7.65763 0.820231 0.374685
8.05033 0.820231 0.481654
8.44303 0.820231 0.432791
8.83573 0.820231 0.428441
9.22843 0.820231 0.463494
9.62113 0.820231 0.42288
10.0138 0.820231 0.442113
10.4065 0.820231 0.431454
10.7992 0.820231 0.386201
11.1919 0.820231 0.404518
11.5846 0.820231 0.425162
11.9773 0.820231 0.524599
12.37 0.820231 0.441879
12.7627 0.820231 0.407249
13.1554 0.820231 0.531772
13.5481 0.820231 0.378554

-0.981748 0.867255 0.524181
-0.589049 0.867255 0.409643
-0.19635 0.867255 0.419777
0.19635 0.867255 0.427141
0.589049 0.867255 0.391656
0.981748 0.867255 0.130577
1.37445 0.867255 0.135933
1.76715 0.867255 0.657948
2.15984 0.867255 0.72366
2.55254 0.867255 0.487295
2.94524 0.867255 0.477063
3.33794 0.867255 0.442309
3.73064 0.867255 0.388297
4.12334 0.867255 0.469784
4.51604 0.867255 0.360726
4.90874 0.867255 0.449965
5.30144 0.867255 0.442416
5.69414 0.867255 0.389958
6.08684 0.867255 0.461952
6.47953 0.867255 0.392537
6.87223 0.867255 0.434385
7.26493 0.867255 0.369817
7.65763 0.867255 0.429869
8.05033 0.867255 0.376677
8.44303 0.867255 0.36668
8.83573 0.867255 0.377127
9.22843 0.867255 0.469658
9.62113 0.867255 0.430233
10.0138 0.867255 0.45166
10.4065 0.867255 0.413237
10.7992 0.867255 0.489931
11.1919 0.867255 0.401512
11.5846 0.867255 0.524181
11.9773 0.867255 0.409643
12.37 0.867255 0.419777
12.7627 0.867255 0.427141
13.1554 0.867255 0.391656
13.5481 0.867255 0.130577

-0.981748 0.903736 0.486174
-0.589049 0.903736 0.429843
-0.19635 0.903736 0.529573
0.19635 0.903736 0.399561
0.589049 0.903736 0.498413
0.981748 0.903736 0.330068
1.37445 0.903736 0.332592
1.76715 0.903736 0.512679
2.15984 0.903736 0.504395
2.55254 0.903736 0.453533
2.94524 0.903736 0.401314
3.33794 0.903736 0.409512
3.73064 0.903736 0.445569
4.12334 0.903736 0.45611
4.51604 0.903736 0.473315
4.90874 0.903736 0.439617
5.30144 0.903736 0.430397
5.69414 0.903736 0.386396
6.08684 0.903736 0.410401
6.47953 0.903736 0.453137
6.87223 0.903736 0.436029
7.26493 0.903736 0.411159
7.65763 0.903736 0.393718
8.05033 0.903736 0.468153
8.44303 0.903736 0.395862
8.83573 0.903736 0.456081
9.22843 0.903736 0.400116
9.62113 0.903736 0.402083
10.0138 0.903736 0.398347
10.4065 0.903736 0.47533
10.7992 0.903736 0.475378
11.1919 0.903736 0.393533
11.5846 0.903736 0.486174
11.9773 0.903736 0.429843
12.37 0.903736 0.529573
12.7627 0.903736 0.399561
13.1554 0.903736 0.498413
13.5481 0.903736 0.330068

-0.981748 0.931728 0.468697
-0.589049 0.931728 0.483616
-0.19635 0.931728 0.534998
0.19635 0.931728 0.444182
0.589049 0.931728 0.375488
0.981748 0.931728 -0.167763
1.37445 0.931728 -0.486951
1.76715 0.931728 0.82412
2.15984 0.931728 1.12619
2.55254 0.931728 0.507677
2.94524 0.931728 0.509035
3.33794 0.931728 0.44676
3.73064 0.931728 0.419854
4.12334 0.931728 0.466106
4.51604 0.931728 0.434538
4.90874 0.931728 0.488241
5.30144 0.931728 0.397774
5.69414 0.931728 0.362441
6.08684 0.931728 0.428674
6.47953 0.931728 0.46419
6.87223 0.931728 0.410777
7.26493 0.931728 0.4547
7.65763 0.931728 0.394364
8.05033 0.931728 0.455721
8.44303 0.931728 0.435403
8.83573 0.931728 0.411148
9.22843 0.931728 0.411675
9.62113 0.931728 0.463005
10.0138 0.931728 0.38138
10.4065 0.931728 0.428261
10.7992 0.931728 0.401291
11.1919 0.931728 0.447787
11.5846 0.931728 0.468697
11.9773 0.931728 0.483616
12.37 0.931728 0.534998
12.7627 0.931728 0.444182
13.1554 0.931728 0.375488
13.5481 0.931728 -0.167763

-0.981748 0.953025 0.398123
-0.589049 0.953025 0.427601
-0.19635 0.953025 0.467615
0.19635 0.953025 0.403786
0.589049 0.953025 0.417838
0.981748 0.953025 0.365374
1.37445 0.953025 0.31814
1.76715 0.953025 0.448571
2.15984 0.953025 0.539404
2.55254 0.953025 0.411416
2.94524 0.953025 0.439551
3.33794 0.953025 0.351466
3.73064 0.953025 0.414318
4.12334 0.953025 0.43121
4.51604 0.953025 0.437983
4.90874 0.953025 0.4586
5.30144 0.953025 0.404351
5.69414 0.953025 0.361778
6.08684 0.953025 0.43228
6.47953 0.953025 0.457741
6.87223 0.953025 0.357632
7.26493 0.953025 0.411044
7.65763 0.953025 0.466606
8.05033 0.953025 0.410863
8.44303 0.953025 0.408022
8.83573 0.953025 0.405438
9.22843 0.953025 0.390602
9.62113 0.953025 0.385445
10.0138 0.953025 0.466647
10.4065 0.953025 0.434711
10.7992 0.953025 0.359315
11.1919 0.953025 0.407352
11.5846 0.953025 0.398123
11.9773 0.953025 0.427601
12.37 0.953025 0.467615
12.7627 0.953025 0.403786
13.1554 0.953025 0.417838
13.5481 0.953025 0.365374

-0.981748 0.969125 0.389182
-0.589049 0.969125 0.406479
-0.19635 0.969125 0.463844
0.19635 0.969125 0.383538
0.589049 0.969125 0.28382
0.981748 0.969125 0.170167
1.37445 0.969125 0.0971599
1.76715 0.969125 0.662415
2.15984 0.969125 0.786237
2.55254 0.969125 0.511587
2.94524 0.969125 0.521229
3.33794 0.969125 0.450036
3.73064 0.969125 0.432244
4.12334 0.969125 0.338078
4.51604 0.969125 0.447353
4.90874 0.969125 0.496611
5.30144 0.969125 0.40248
5.69414 0.969125 0.363063
6.08684 0.969125 0.38318
6.47953 0.969125 0.429314
6.87223 0.969125 0.434063
7.26493 0.969125 0.419632
7.65763 0.969125 0.43079
8.05033 0.969125 0.38521
8.44303 0.969125 0.379111
8.83573 0.969125 0.4405
9.22843 0.969125 0.444037
9.62113 0.969125 0.450682
10.0138 0.969125 0.430723
10.4065 0.969125 0.403206
10.7992 0.969125 0.408468
11.1919 0.969125 0.47575
11.5846 0.969125 0.389182
11.9773 0.969125 0.406479
12.37 0.969125 0.463844
12.7627 0.969125 0.383538
13.1554 0.969125 0.28382
13.5481 0.969125 0.170167

-0.981748 0.981237 0.374042
-0.589049 0.981237 0.45989
-0.19635 0.981237 0.379612
0.19635 0.981237 0.404307
0.589049 0.981237 0.412325
0.981748 0.981237 0.437048
1.37445 0.981237 0.348563
1.76715 0.981237 0.441793
2.15984 0.981237 0.452051
2.55254 0.981237 0.392232
2.94524 0.981237 0.347404
3.33794 0.981237 0.449062
3.73064 0.981237 0.42758
4.12334 0.981237 0.449211
4.51604 0.981237 0.418288
4.90874 0.981237 0.387496
5.30144 0.981237 0.366175
5.69414 0.981237 0.382245
6.08684 0.981237 0.430807
6.47953 0.981237 0.460295
6.87223 0.981237 0.37445
7.26493 0.981237 0.393395
7.65763 0.981237 0.475048
8.05033 0.981237 0.376053
8.44303 0.981237 0.355054
8.83573 0.981237 0.384984
9.22843 0.981237 0.437157
9.62113 0.981237 0.448978
10.0138 0.981237 0.423725
10.4065 0.981237 0.466976
10.7992 0.981237 0.424762
11.1919 0.981237 0.438201
11.5846 0.981237 0.374042
11.9773 0.981237 0.45989
12.37 0.981237 0.379612
12.7627 0.981237 0.404307
13.1554 0.981237 0.412325
13.5481 0.981237 0.437048

-0.981748 0.990315 0.389934
-0.589049 0.990315 0.445232
-0.19635 0.990315 0.430153
0.19635 0.990315 0.416089
0.589049 0.990315 0.406732
0.981748 0.990315 0.291938
1.37445 0.990315 0.216867
1.76715 0.990315 0.459896
2.15984 0.990315 0.521864
2.55254 0.990315 0.413445
2.94524 0.990315 0.447732
3.33794 0.990315 0.443177
3.73064 0.990315 0.389092
4.12334 0.990315 0.374967
4.51604 0.990315 0.503876
4.90874 0.990315 0.390329
5.30144 0.990315 0.455075
5.69414 0.990315 0.40536
6.08684 0.990315 0.463499
6.47953 0.990315 0.417154
6.87223 0.990315 0.450497
7.26493 0.990315 0.381463
7.65763 0.990315 0.424465
8.05033 0.990315 0.372495
8.44303 0.990315 0.426124
8.83573 0.990315 0.367543
9.22843 0.990315 0.471756
9.62113 0.990315 0.426459
10.0138 0.990315 0.401071
10.4065 0.990315 0.464368
10.7992 0.990315 0.418441
11.1919 0.990315 0.415878
11.5846 0.990315 0.389934
11.9773 0.990315 0.445232
12.37 0.990315 0.430153
12.7627 0.990315 0.416089
13.1554 0.990315 0.406732
13.5481 0.990315 0.291938

-0.981748 0.9971 0.348505
-0.589049 0.9971 0.356483
-0.19635 0.9971 0.447989
0.19635 0.9971 0.461257
0.589049 0.9971 0.435995
0.981748 0.9971 0.397634
1.37445 0.9971 0.403941
1.76715 0.9971 0.397782
2.15984 0.9971 0.419408
2.55254 0.9971 0.430301
2.94524 0.9971 0.382549
3.33794 0.9971 0.456573
3.73064 0.9971 0.42146
4.12334 0.9971 0.366599
4.51604 0.9971 0.428163
4.90874 0.9971 0.35492
5.30144 0.9971 0.39878
5.69414 0.9971 0.448836
6.08684 0.9971 0.386492
6.47953 0.9971 0.427782
6.87223 0.9971 0.43908
7.26493 0.9971 0.369212
7.65763 0.9971 0.477775
8.05033 0.9971 0.408908
8.44303 0.9971 0.345967
8.83573 0.9971 0.385254
9.22843 0.9971 0.386754
9.62113 0.9971 0.335074
10.0138 0.9971 0.423813
10.4065 0.9971 0.359244
10.7992 0.9971 0.420673
11.1919 0.9971 0.379003
11.5846 0.9971 0.348505
11.9773 0.9971 0.356483
12.37 0.9971 0.447989
12.7627 0.9971 0.461257
13.1554 0.9971 0.435995
13.5481 0.9971 0.397634

-0.981748 1.0029 0.424814
-0.589049 1.0029 0.407161
-0.19635 1.0029 0.438495
0.19635 1.0029 0.413939
0.589049 1.0029 0.456111
0.981748 1.0029 0.402315
1.37445 1.0029 0.320419
1.76715 1.0029 0.446892
2.15984 1.0029 0.513407
2.55254 1.0029 0.468459
2.94524 1.0029 0.429728
3.33794 1.0029 0.44115
3.73064 1.0029 0.380304
4.12334 1.0029 0.463326
4.51604 1.0029 0.39115
4.90874 1.0029 0.424433
5.30144 1.0029 0.368735
5.69414 1.0029 0.475617
6.08684 1.0029 0.355154
6.47953 1.0029 0.431784
6.87223 1.0029 0.416659
7.26493 1.0029 0.336893
7.65763 1.0029 0.506036
8.05033 1.0029 0.491871
8.44303 1.0029 0.420459
8.83573 1.0029 0.427162
9.22843 1.0029 0.44733
9.62113 1.0029 0.388582
10.0138 1.0029 0.454935
10.4065 1.0029 0.352537
10.7992 1.0029 0.47127
11.1919 1.0029 0.401105
11.5846 1.0029 0.424814
11.9773 1.0029 0.407161
12.37 1.0029 0.438495
12.7627 1.0029 0.413939
13.1554 1.0029 0.456111
13.5481 1.0029 0.402315

