-0.981748 -1.0029 0.00711682
-0.589049 -1.0029 0.00182181
-0.19635 -1.0029 -0.00590334
0.19635 -1.0029 -0.00910101
0.589049 -1.0029 -0.00937246
0.981748 -1.0029 -0.0163903
1.37445 -1.0029 0.0163155
1.76715 -1.0029 -0.0056204
2.15984 -1.0029 -0.0146494
2.55254 -1.0029 0.00641947
2.94524 -1.0029 0.0161861
3.33794 -1.0029 -0.00198527
3.73064 -1.0029 -0.00665588
4.12334 -1.0029 0.0244593
4.51604 -1.0029 -0.000608162
4.90874 -1.0029 -7.99547e-05
5.30144 -1.0029 0.00350118
5.69414 -1.0029 0.0307058
6.08684 -1.0029 0.0104086
6.47953 -1.0029 -0.0205834
6.87223 -1.0029 -0.0053138
7.26493 -1.0029 0.00560203
7.65763 -1.0029 -0.0216326
8.05033 -1.0029 -0.0267198
8.44303 -1.0029 -0.00586063
8.83573 -1.0029 -0.00440342
9.22843 -1.0029 0.0051542
9.62113 -1.0029 -0.0122477
10.0138 -1.0029 -0.017223
10.4065 -1.0029 -0.000413944
10.7992 -1.0029 -0.00202237
11.1919 -1.0029 -0.000415323
11.5846 -1.0029 0.00711682
11.9773 -1.0029 0.00182181
12.37 -1.0029 -0.00590334
12.7627 -1.0029 -0.00910101
13.1554 -1.0029 -0.00937246
13.5481 -1.0029 -0.0163903

-0.981748 -0.9971 -0.00711682
-0.589049 -0.9971 -0.00182181
-0.19635 -0.9971 0.00590334
0.19635 -0.9971 0.00910101
0.589049 -0.9971 0.00937246
0.981748 -0.9971 0.0163903
1.37445 -0.9971 -0.0163155
1.76715 -0.9971 0.0056204
2.15984 -0.9971 0.0146494
2.55254 -0.9971 -0.00641947
2.94524 -0.9971 -0.0161861
3.33794 -0.9971 0.00198527
3.73064 -0.9971 0.00665588
4.12334 -0.9971 -0.0244593
4.51604 -0.9971 0.000608162
4.90874 -0.9971 7.99547e-05
5.30144 -0.9971 -0.00350118
5.69414 -0.9971 -0.0307058
6.08684 -0.9971 -0.0104086
6.47953 -0.9971 0.0205834
6.87223 -0.9971 0.0053138
7.26493 -0.9971 -0.00560203
7.65763 -0.9971 0.0216326
8.05033 -0.9971 0.0267198
8.44303 -0.9971 0.00586063
8.83573 -0.9971 0.00440342
9.22843 -0.9971 -0.0051542
9.62113 -0.9971 0.0122477
10.0138 -0.9971 0.017223
10.4065 -0.9971 0.000413944
10.7992 -0.9971 0.00202237
11.1919 -0.9971 0.000415323
11.5846 -0.9971 -0.00711682
11.9773 -0.9971 -0.00182181
12.37 -0.9971 0.00590334
12.7627 -0.9971 0.00910101
13.1554 -0.9971 0.00937246
13.5481 -0.9971 0.0163903

-0.981748 -0.990315 0.0139906
-0.589049 -0.990315 0.00225869
-0.19635 -0.990315 -0.0095364
0.19635 -0.990315 -0.00845171
0.589049 -0.990315 -0.0134401
0.981748 -0.990315 -0.0252796
1.37445 -0.990315 0.0125059
1.76715 -0.990315 0.00214386
2.15984 -0.990315 -0.00517578
2.55254 -0.990315 0.00707829
2.94524 -0.990315 0.0132677
3.33794 -0.990315 -0.00706229
3.73064 -0.990315 -0.0130972
4.12334 -0.990315 0.0296967
4.51604 -0.990315 -0.000432946
4.90874 -0.990315 0.000935045
5.30144 -0.990315 0.000881574
5.69414 -0.990315 0.0383505
6.08684 -0.990315 0.0201809
6.47953 -0.990315 -0.0277902
6.87223 -0.990315 -0.00739632
7.26493 -0.990315 0.00835958
7.65763 -0.990315 -0.0336791
8.05033 -0.990315 -0.0387724
8.44303 -0.990315 0.00360504
8.83573 -0.990315 0.00293384
9.22843 -0.990315 0.00641123
9.62113 -0.990315 -0.0162295
10.0138 -0.990315 -0.0203725
10.4065 -0.990315 -0.00192211
10.7992 -0.990315 -0.00222436
11.1919 -0.990315 0.00353598
11.5846 -0.990315 0.0139906
11.9773 -0.990315 0.00225869
12.37 -0.990315 -0.0095364
12.7627 -0.990315 -0.00845171
13.1554 -0.990315 -0.0134401
13.5481 -0.990315 -0.0252796

-0.981748 -0.981237 0.00113083
-0.589049 -0.981237 -0.00362876
-0.19635 -0.981237 0.00593193
0.19635 -0.981237 0.0315269
0.589049 -0.981237 0.0158743
0.981748 -0.981237 0.01926
1.37445 -0.981237 -0.0613019
1.76715 -0.981237 0.0479034
2.15984 -0.981237 0.0788654
2.55254 -0.981237 -0.0212312
2.94524 -0.981237 -0.0586388
3.33794 -0.981237 -0.0121806
3.73064 -0.981237 -0.00399816
4.12334 -0.981237 -0.0581891
4.51604 -0.981237 0.0032316
4.90874 -0.981237 0.00309332
5.30144 -0.981237 -0.0202733
5.69414 -0.981237 -0.0691925
6.08684 -0.981237 0.00121175
6.47953 -0.981237 0.0419083
6.87223 -0.981237 0.00938134
7.26493 -0.981237 -0.00857593
7.65763 -0.981237 0.0263644
8.05033 -0.981237 0.0479929
8.44303 -0.981237 0.0546863
8.83573 -0.981237 0.0406783
9.22843 -0.981237 -0.0125303
9.62113 -0.981237 0.0230122
10.0138 -0.981237 0.0455234
10.4065 -0.981237 -0.00460497
10.7992 -0.981237 0.00516427
11.1919 -0.981237 0.0167405
11.5846 -0.981237 0.00113083
11.9773 -0.981237 -0.00362876
12.37 -0.981237 0.00593193
12.7627 -0.981237 0.0315269
13.1554 -0.981237 0.0158743
13.5481 -0.981237 0.01926

-0.981748 -0.969125 0.0554102
-0.589049 -0.969125 0.00750022
-0.19635 -0.969125 -0.0299581
0.19635 -0.969125 0.0123182
0.589049 -0.969125 -0.0250916
0.981748 -0.969125 -0.0742085
1.37445 -0.969125 -0.0330511
1.76715 -0.969125 0.0787666
2.15984 -0.969125 0.0898977
2.55254 -0.969125 -0.00796842
2.94524 -0.969125 -0.025063
3.33794 -0.969125 -0.0440011
3.73064 -0.969125 -0.0630192
4.12334 -0.969125 0.0279021
4.51604 -0.969125 0.00601988
4.90874 -0.969125 0.00591022
5.30144 -0.969125 -0.0252892
5.69414 -0.969125 0.0455678
6.08684 -0.969125 0.0802198
6.47953 -0.969125 -0.0453069
6.87223 -0.969125 -0.0164779
7.26493 -0.969125 0.0215875
7.65763 -0.969125 -0.0990494
8.05033 -0.969125 -0.0816935
8.44303 -0.969125 0.0960044
8.83573 -0.969125 0.0737066
9.22843 -0.969125 0.00702702
9.62113 -0.969125 -0.0371421
10.0138 -0.969125 -0.0111293
10.4065 -0.969125 -0.0138884
10.7992 -0.969125 -0.00444844
11.1919 -0.969125 0.0401625
11.5846 -0.969125 0.0554102
11.9773 -0.969125 0.00750022
12.37 -0.969125 -0.0299581
12.7627 -0.969125 0.0123182
13.1554 -0.969125 -0.0250916
13.5481 -0.969125 -0.0742085

-0.981748 -0.953025 0.0432832
-0.589049 -0.953025 0.00466923
-0.19635 -0.953025 -0.00970789
0.19635 -0.953025 0.105194
0.589049 -0.953025 0.0368725
0.981748 -0.953025 -0.0133808
1.37445 -0.953025 -0.200811
1.76715 -0.953025 0.206255
2.15984 -0.953025 0.318605
2.55254 -0.953025 -0.0759364
2.94524 -0.953025 -0.182085
3.33794 -0.953025 -0.0629238
3.73064 -0.953025 -0.0727019
4.12334 -0.953025 -0.16302
4.51604 -0.953025 0.0237103
4.90874 -0.953025 0.0137321
5.30144 -0.953025 -0.0782921
5.69414 -0.953025 -0.172395
6.08684 -0.953025 0.0660523
6.47953 -0.953025 0.0916984
6.87223 -0.953025 0.0082315
7.26493 -0.953025 0.00354782
7.65763 -0.953025 -0.014924
8.05033 -0.953025 0.0569231
8.44303 -0.953025 0.244699
8.83573 -0.953025 0.201488
9.22843 -0.953025 -0.0267167
9.62113 -0.953025 0.0134896
10.0138 -0.953025 0.129823
10.4065 -0.953025 -0.0181818
10.7992 -0.953025 3.86657e-05
11.1919 -0.953025 0.0878863
11.5846 -0.953025 0.0432832
11.9773 -0.953025 0.00466923
12.37 -0.953025 -0.00970789
12.7627 -0.953025 0.105194
13.1554 -0.953025 0.0368725
13.5481 -0.953025 -0.0133808

-0.981748 -0.931728 0.155818
-0.589049 -0.931728 0.0471362
-0.19635 -0.931728 -0.100407
0.19635 -0.931728 0.0960018
0.589049 -0.931728 0.000311901
0.981748 -0.931728 -0.209211
1.37445 -0.931728 -0.190847
1.76715 -0.931728 0.286522
2.15984 -0.931728 0.434673
2.55254 -0.931728 -0.0535854
2.94524 -0.931728 -0.138402
3.33794 -0.931728 -0.114322
3.73064 -0.931728 -0.201168
4.12334 -0.931728 -0.0547238
4.51604 -0.931728 0.04356
4.90874 -0.931728 0.0287367
5.30144 -0.931728 -0.0955853
5.69414 -0.931728 0.0028108
6.08684 -0.931728 0.22297
6.47953 -0.931728 -0.0311789
6.87223 -0.931728 -0.0474783
7.26493 -0.931728 0.0913707
7.65763 -0.931728 -0.276697
8.05033 -0.931728 -0.246193
8.44303 -0.931728 0.375639
8.83573 -0.931728 0.3676
9.22843 -0.931728 0.034005
9.62113 -0.931728 -0.153117
10.0138 -0.931728 0.0253865
10.4065 -0.931728 -0.0062785
10.7992 -0.931728 -0.0482788
11.1919 -0.931728 0.147628
11.5846 -0.931728 0.155818
11.9773 -0.931728 0.0471362
12.37 -0.931728 -0.100407
12.7627 -0.931728 0.0960018
13.1554 -0.931728 0.000311901
13.5481 -0.931728 -0.209211

-0.981748 -0.903736 0.11224
-0.589049 -0.903736 0.0361551
-0.19635 -0.903736 -0.0862173
0.19635 -0.903736 0.264422
0.589049 -0.903736 0.236051
0.981748 -0.903736 -0.139923
1.37445 -0.903736 -0.563733
1.76715 -0.903736 0.543969
2.15984 -0.903736 0.967326
2.55254 -0.903736 -0.181928
2.94524 -0.903736 -0.486049
3.33794 -0.903736 -0.103607
3.73064 -0.903736 -0.129237
4.12334 -0.903736 -0.500414
4.51604 -0.903736 0.0947792
4.90874 -0.903736 0.0751963
5.30144 -0.903736 -0.19434
5.69414 -0.903736 -0.424336
6.08684 -0.903736 0.135178
6.47953 -0.903736 0.261713
6.87223 -0.903736 -0.0287815
7.26493 -0.903736 0.116668
7.65763 -0.903736 -0.0970832
8.05033 -0.903736 -0.200812
8.44303 -0.903736 0.599088
8.83573 -0.903736 0.725864
9.22843 -0.903736 0.0559554
9.62113 -0.903736 -0.141725
10.0138 -0.903736 0.191065
10.4065 -0.903736 0.0634439
10.7992 -0.903736 -0.0771514
11.1919 -0.903736 0.229868
11.5846 -0.903736 0.11224
11.9773 -0.903736 0.0361551
12.37 -0.903736 -0.0862173
12.7627 -0.903736 0.264422
13.1554 -0.903736 0.236051
13.5481 -0.903736 -0.139923

-0.981748 -0.867255 0.405385
-0.589049 -0.867255 0.137795
-0.19635 -0.867255 -0.243455
0.19635 -0.867255 0.0983316
0.589049 -0.867255 0.325538
0.981748 -0.867255 -0.458688
1.37445 -0.867255 -0.4581
1.76715 -0.867255 0.788024
2.15984 -0.867255 1.04276
2.55254 -0.867255 -0.0296686
2.94524 -0.867255 -0.300899
3.33794 -0.867255 -0.275586
3.73064 -0.867255 -0.192941
4.12334 -0.867255 -0.214581
4.51604 -0.867255 0.125634
4.90874 -0.867255 0.108828
5.30144 -0.867255 -0.213284
5.69414 -0.867255 -0.0354678
6.08684 -0.867255 0.191225
6.47953 -0.867255 0.167824
6.87223 -0.867255 -0.0286407
7.26493 -0.867255 0.289918
7.65763 -0.867255 -0.415042
8.05033 -0.867255 -0.844195
8.44303 -0.867255 0.717262
8.83573 -0.867255 1.04924
9.22843 -0.867255 0.360629
9.62113 -0.867255 -0.328531
10.0138 -0.867255 -0.285922
10.4065 -0.867255 0.107518
10.7992 -0.867255 -0.254006
11.1919 -0.867255 0.181525
11.5846 -0.867255 0.405385
11.9773 -0.867255 0.137795
12.37 -0.867255 -0.243455
12.7627 -0.867255 0.0983316
13.1554 -0.867255 0.325538
13.5481 -0.867255 -0.458688

-0.981748 -0.820231 0.177916
-0.589049 -0.820231 0.051612
-0.19635 -0.820231 0.26641
0.19635 -0.820231 0.501918
0.589049 -0.820231 0.821701
0.981748 -0.820231 -0.26121
1.37445 -0.820231 -0.740425
1.76715 -0.820231 1.31621
2.15984 -0.820231 1.2721
2.55254 -0.820231 -0.516708
2.94524 -0.820231 -0.781077
3.33794 -0.820231 -0.197938
3.73064 -0.820231 -0.0802988
4.12334 -0.820231 -0.952466
4.51604 -0.820231 0.534036
4.90874 -0.820231 0.397793
5.30144 -0.820231 -0.638292
5.69414 -0.820231 -0.670254
6.08684 -0.820231 -0.405511
6.47953 -0.820231 0.486966
6.87223 -0.820231 0.150082
7.26493 -0.820231 0.262847
7.65763 -0.820231 -0.234618
8.05033 -0.820231 -0.472706
8.44303 -0.820231 1.00697
8.83573 -0.820231 0.972514
9.22843 -0.820231 0.385809
9.62113 -0.820231 0.097542
10.0138 -0.820231 -0.177004
10.4065 -0.820231 0.0878258
10.7992 -0.820231 -0.235249
11.1919 -0.820231 -0.0936434
11.5846 -0.820231 0.177916
11.9773 -0.820231 0.051612
12.37 -0.820231 0.26641
12.7627 -0.820231 0.501918
13.1554 -0.820231 0.821701
13.5481 -0.820231 -0.26121

-0.981748 -0.760465 0.610205
-0.589049 -0.760465 0.229413
-0.19635 -0.760465 0.220769
0.19635 -0.760465 0.401552
0.589049 -0.760465 0.862934
0.981748 -0.760465 -0.533369
1.37445 -0.760465 0.003812
1.76715 -0.760465 0.656507
2.15984 -0.760465 0.432362
2.55254 -0.760465 -0.24439
2.94524 -0.760465 0.0540444
3.33794 -0.760465 0.342008
3.73064 -0.760465 -0.491778
4.12334 -0.760465 -0.429225
4.51604 -0.760465 0.301088
4.90874 -0.760465 0.340023
5.30144 -0.760465 -0.390851
5.69414 -0.760465 0.400137
6.08684 -0.760465 -0.529771
6.47953 -0.760465 0.104695
6.87223 -0.760465 0.322446
7.26493 -0.760465 0.674593
7.65763 -0.760465 -0.775972
8.05033 -0.760465 -0.277076
8.44303 -0.760465 1.50046
8.83573 -0.760465 0.338287
9.22843 -0.760465 0.378732
9.62113 -0.760465 -0.0840024
10.0138 -0.760465 -0.522329
10.4065 -0.760465 0.48149
10.7992 -0.760465 -0.250765
11.1919 -0.760465 -0.18849
11.5846 -0.760465 0.610205
11.9773 -0.760465 0.229413
12.37 -0.760465 0.220769
12.7627 -0.760465 0.401552
13.1554 -0.760465 0.862934
13.5481 -0.760465 -0.533369

-0.981748 -0.685849 0.205287
-0.589049 -0.685849 -0.0380299
-0.19635 -0.685849 0.85846
0.19635 -0.685849 -0.0960078
0.589049 -0.685849 -0.174775
0.981748 -0.685849 0.769124
1.37445 -0.685849 -0.303094
1.76715 -0.685849 0.925486
2.15984 -0.685849 1.45566
2.55254 -0.685849 -0.654578
2.94524 -0.685849 -0.154579
3.33794 -0.685849 -1.2169
3.73064 -0.685849 -0.668159
4.12334 -0.685849 0.484327
4.51604 -0.685849 0.385015
4.90874 -0.685849 -0.673776
5.30144 -0.685849 -1.23528
5.69414 -0.685849 -0.839691
6.08684 -0.685849 -0.0057449
6.47953 -0.685849 0.487828
6.87223 -0.685849 0.472217
7.26493 -0.685849 0.104347
7.65763 -0.685849 0.101905
8.05033 -0.685849 1.26487
8.44303 -0.685849 -0.208425
8.83573 -0.685849 0.104951
9.22843 -0.685849 0.230571
9.62113 -0.685849 -0.348702
10.0138 -0.685849 0.464786
10.4065 -0.685849 -0.507564
10.7992 -0.685849 -0.9839
11.1919 -0.685849 0.619348
11.5846 -0.685849 0.205287
11.9773 -0.685849 -0.0380299
12.37 -0.685849 0.85846
12.7627 -0.685849 -0.0960078
13.1554 -0.685849 -0.174775
13.5481 -0.685849 0.769124

-0.981748 -0.594734 0.160593
-0.589049 -0.594734 0.663713
-0.19635 -0.594734 0.330212
0.19635 -0.594734 0.682815
0.589049 -0.594734 0.857184
0.981748 -0.594734 -1.16645
1.37445 -0.594734 0.343574
1.76715 -0.594734 1.12586
2.15984 -0.594734 -0.367034
2.55254 -0.594734 -0.541057
2.94524 -0.594734 -0.0841264
3.33794 -0.594734 -0.292347
3.73064 -0.594734 0.463829
4.12334 -0.594734 -0.0699352
4.51604 -0.594734 -1.01958
4.90874 -0.594734 -0.562445
5.30144 -0.594734 -0.407442
5.69414 -0.594734 0.934979
6.08684 -0.594734 -0.30289
6.47953 -0.594734 0.104131
6.87223 -0.594734 -0.578033
7.26493 -0.594734 0.682887
7.65763 -0.594734 0.753318
8.05033 -0.594734 1.2723
8.44303 -0.594734 1.33486
8.83573 -0.594734 0.0889629
9.22843 -0.594734 -0.35772
9.62113 -0.594734 -0.108515
10.0138 -0.594734 1.00814
10.4065 -0.594734 0.456004
10.7992 -0.594734 0.167379
11.1919 -0.594734 0.413638
11.5846 -0.594734 0.160593
11.9773 -0.594734 0.663713
12.37 -0.594734 0.330212
12.7627 -0.594734 0.682815
13.1554 -0.594734 0.857184
13.5481 -0.594734 -1.16645

-0.981748 -0.486425 -0.0733565
-0.589049 -0.486425 0.600989
-0.19635 -0.486425 -0.698459
0.19635 -0.486425 -0.815733
0.589049 -0.486425 0.116309
0.981748 -0.486425 -0.10903
1.37445 -0.486425 0.0231378
1.76715 -0.486425 1.52469
2.15984 -0.486425 1.01622
2.55254 -0.486425 -1.50054
2.94524 -0.486425 -1.03702
3.33794 -0.486425 1.57945
3.73064 -0.486425 0.113999
4.12334 -0.486425 0.5355
4.51604 -0.486425 0.0955964
4.90874 -0.486425 -0.161466
5.30144 -0.486425 0.922106
5.69414 -0.486425 -1.38087
6.08684 -0.486425 0.0979101
6.47953 -0.486425 0.970636
6.87223 -0.486425 -0.465125
7.26493 -0.486425 -0.727247
7.65763 -0.486425 0.687228
8.05033 -0.486425 0.366262
8.44303 -0.486425 -0.0815639
8.83573 -0.486425 1.78571
9.22843 -0.486425 -0.709184
9.62113 -0.486425 -1.60452
10.0138 -0.486425 1.54594
10.4065 -0.486425 1.01027
10.7992 -0.486425 0.0161114
11.1919 -0.486425 0.165225
11.5846 -0.486425 -0.0733565
11.9773 -0.486425 0.600989
12.37 -0.486425 -0.698459
12.7627 -0.486425 -0.815733
13.1554 -0.486425 0.116309
13.5481 -0.486425 -0.10903

-0.981748 -0.361703 1.19163
-0.589049 -0.361703 0.542395
-0.19635 -0.361703 -0.534638
0.19635 -0.361703 -0.935295
0.589049 -0.361703 0.305615
0.981748 -0.361703 1.12055
1.37445 -0.361703 1.25189
1.76715 -0.361703 -0.173906
2.15984 -0.361703 0.019788
2.55254 -0.361703 -1.14936
2.94524 -0.361703 -1.26775
3.33794 -0.361703 0.372143
3.73064 -0.361703 0.07118
4.12334 -0.361703 -0.159063
4.51604 -0.361703 -1.18522
4.90874 -0.361703 -0.604098
5.30144 -0.361703 1.14502
5.69414 -0.361703 0.836232
6.08684 -0.361703 -3.12864
6.47953 -0.361703 -0.0139646
6.87223 -0.361703 1.58305
7.26493 -0.361703 -0.456911
7.65763 -0.361703 1.63867
8.05033 -0.361703 3.96322
8.44303 -0.361703 2.7208
8.83573 -0.361703 0.605486
9.22843 -0.361703 -1.07594
9.62113 -0.361703 0.0884219
10.0138 -0.361703 1.24427
10.4065 -0.361703 1.70923
10.7992 -0.361703 1.59991
11.1919 -0.361703 0.607968
11.5846 -0.361703 1.19163
11.9773 -0.361703 0.542395
12.37 -0.361703 -0.534638
12.7627 -0.361703 -0.935295
13.1554 -0.361703 0.305615
13.5481 -0.361703 1.12055

-0.981748 -0.223212 -0.108312
-0.589049 -0.223212 -0.0386064
-0.19635 -0.223212 1.22753
0.19635 -0.223212 0.213663
0.589049 -0.223212 0.482661
0.981748 -0.223212 0.630072
1.37445 -0.223212 0.600949
1.76715 -0.223212 0.560373
2.15984 -0.223212 -0.305325
2.55254 -0.223212 0.411438
2.94524 -0.223212 -0.979764
3.33794 -0.223212 -0.479076
3.73064 -0.223212 1.57109
4.12334 -0.223212 0.64282
4.51604 -0.223212 -0.814425
4.90874 -0.223212 0.133379
5.30144 -0.223212 1.47737
5.69414 -0.223212 -0.35922
6.08684 -0.223212 -0.694973
6.47953 -0.223212 0.0396208
6.87223 -0.223212 2.36669
7.26493 -0.223212 0.656067
7.65763 -0.223212 -1.57073
8.05033 -0.223212 0.726077
8.44303 -0.223212 0.0119024
8.83573 -0.223212 0.878323
9.22843 -0.223212 0.26636
9.62113 -0.223212 0.0420705
10.0138 -0.223212 0.506736
10.4065 -0.223212 -0.364083
10.7992 -0.223212 -1.1921
11.1919 -0.223212 -0.390828
11.5846 -0.223212 -0.108312
11.9773 -0.223212 -0.0386064
12.37 -0.223212 1.22753
12.7627 -0.223212 0.213663
13.1554 -0.223212 0.482661
13.5481 -0.223212 0.630072

-0.981748 -0.0754897 0.959203
-0.589049 -0.0754897 -0.26064
-0.19635 -0.0754897 -1.9822
0.19635 -0.0754897 -0.547455
0.589049 -0.0754897 0.957921
0.981748 -0.0754897 -0.0781918
1.37445 -0.0754897 0.144433
1.76715 -0.0754897 1.62989
2.15984 -0.0754897 0.0519051
2.55254 -0.0754897 -0.725453
2.94524 -0.0754897 0.650556
3.33794 -0.0754897 -0.789324
3.73064 -0.0754897 -0.336037
4.12334 -0.0754897 -0.562893
4.51604 -0.0754897 -0.584881
4.90874 -0.0754897 -0.855876
5.30144 -0.0754897 -0.385081
5.69414 -0.0754897 0.526138
6.08684 -0.0754897 -1.34805
6.47953 -0.0754897 -0.944255
6.87223 -0.0754897 1.94092
7.26493 -0.0754897 1.03518
7.65763 -0.0754897 -1.5884
8.05033 -0.0754897 0.418914
8.44303 -0.0754897 0.427552
8.83573 -0.0754897 0.229859
9.22843 -0.0754897 -1.01875
9.62113 -0.0754897 0.344298
10.0138 -0.0754897 0.617386
10.4065 -0.0754897 -1.13208
10.7992 -0.0754897 -0.571491
11.1919 -0.0754897 -0.145192
11.5846 -0.0754897 0.959203
11.9773 -0.0754897 -0.26064
12.37 -0.0754897 -1.9822
12.7627 -0.0754897 -0.547455
13.1554 -0.0754897 0.957921
13.5481 -0.0754897 -0.0781918

-0.981748 0.0754897 -0.495666
-0.589049 0.0754897 -1.28008
-0.19635 0.0754897 -1.37188
0.19635 0.0754897 -1.45935
0.589049 0.0754897 2.35871
0.981748 0.0754897 1.23561
1.37445 0.0754897 -5.11556
1.76715 0.0754897 -4.0051
2.15984 0.0754897 -1.76556
2.55254 0.0754897 -0.0238863
2.94524 0.0754897 -0.253366
3.33794 0.0754897 -0.20443
3.73064 0.0754897 -1.54938
4.12334 0.0754897 -2.06777
4.51604 0.0754897 0.834878
4.90874 0.0754897 -0.0129118
5.30144 0.0754897 -0.977011
5.69414 0.0754897 0.292933
6.08684 0.0754897 0.534533
6.47953 0.0754897 0.570819
6.87223 0.0754897 1.55892
7.26493 0.0754897 0.531866
7.65763 0.0754897 -0.56272
8.05033 0.0754897 1.21349
8.44303 0.0754897 2.41746
8.83573 0.0754897 -1.58238
9.22843 0.0754897 -0.411289
9.62113 0.0754897 1.49479
10.0138 0.0754897 0.112243
10.4065 0.0754897 -0.493896
10.7992 0.0754897 0.191467
11.1919 0.0754897 0.908247
11.5846 0.0754897 -0.495666
11.9773 0.0754897 -1.28008
12.37 0.0754897 -1.37188
12.7627 0.0754897 -1.45935
13.1554 0.0754897 2.35871
13.5481 0.0754897 1.23561

-0.981748 0.223212 -1.13683
-0.589049 0.223212 0.870875
-0.19635 0.223212 1.34561
0.19635 0.223212 0.460293
0.589049 0.223212 0.549891
0.981748 0.223212 0.552096
1.37445 0.223212 0.221299
1.76715 0.223212 0.455412
2.15984 0.223212 1.00952
2.55254 0.223212 0.498784
2.94524 0.223212 0.358583
3.33794 0.223212 0.174449
3.73064 0.223212 -0.666587
4.12334 0.223212 -0.694429
4.51604 0.223212 0.572393
4.90874 0.223212 0.618456
5.30144 0.223212 0.388098
5.69414 0.223212 -0.931147
6.08684 0.223212 1.06833
6.47953 0.223212 0.958573
6.87223 0.223212 1.50971
7.26493 0.223212 -1.39751
7.65763 0.223212 -4.5023
8.05033 0.223212 1.16892
8.44303 0.223212 -0.475261
8.83573 0.223212 -2.87167
9.22843 0.223212 -0.28722
9.62113 0.223212 0.646308
10.0138 0.223212 -0.307264
10.4065 0.223212 -1.20909
10.7992 0.223212 -0.717731
11.1919 0.223212 -0.503242
11.5846 0.223212 -1.13683
11.9773 0.223212 0.870875
12.37 0.223212 1.34561
12.7627 0.223212 0.460293
13.1554 0.223212 0.549891
13.5481 0.223212 0.552096

-0.981748 0.361703 2.19409
-0.589049 0.361703 -0.370319
-0.19635 0.361703 -3.07776
0.19635 0.361703 -1.19854
0.589049 0.361703 0.35222
0.981748 0.361703 1.29809
1.37445 0.361703 -4.28111
1.76715 0.361703 -5.15883
2.15984 0.361703 -1.64718
2.55254 0.361703 -2.29886
2.94524 0.361703 -0.615604
3.33794 0.361703 0.909693
3.73064 0.361703 -0.108787
4.12334 0.361703 -0.946012
4.51604 0.361703 0.0326035
4.90874 0.361703 0.8077
5.30144 0.361703 -0.958447
5.69414 0.361703 0.303515
6.08684 0.361703 0.90415
6.47953 0.361703 0.153148
6.87223 0.361703 -0.048988
7.26493 0.361703 -0.0403933
7.65763 0.361703 -0.458609
8.05033 0.361703 0.261249
8.44303 0.361703 0.953829
8.83573 0.361703 0.401399
9.22843 0.361703 0.598076
9.62113 0.361703 0.434881
10.0138 0.361703 0.995012
10.4065 0.361703 1.85738
10.7992 0.361703 -2.43564
11.1919 0.361703 -1.23208
11.5846 0.361703 2.19409
11.9773 0.361703 -0.370319
12.37 0.361703 -3.07776
12.7627 0.361703 -1.19854
13.1554 0.361703 0.35222
13.5481 0.361703 1.29809

-0.981748 0.486425 1.16223
-0.589049 0.486425 0.182067
-0.19635 0.486425 -0.0516086
0.19635 0.486425 0.929911
0.589049 0.486425 0.464394
0.981748 0.486425 -0.123224
1.37445 0.486425 0.619138
1.76715 0.486425 0.829008
2.15984 0.486425 -0.131039
2.55254 0.486425 0.436331
2.94524 0.486425 -0.45405
3.33794 0.486425 1.3879
3.73064 0.486425 0.0549339
4.12334 0.486425 -2.05477
4.51604 0.486425 -0.142039
4.90874 0.486425 -0.581743
5.30144 0.486425 0.250035
5.69414 0.486425 -0.544886
6.08684 0.486425 0.915379
6.47953 0.486425 1.25316
6.87223 0.486425 0.467093
7.26493 0.486425 -0.0338476
7.65763 0.486425 -0.545526
8.05033 0.486425 1.31085
8.44303 0.486425 -1.35554
8.83573 0.486425 -1.70998
9.22843 0.486425 -0.619622
9.62113 0.486425 -1.64353
10.0138 0.486425 0.233398
10.4065 0.486425 1.11863
10.7992 0.486425 -0.723418
11.1919 0.486425 0.0340747
11.5846 0.486425 1.16223
11.9773 0.486425 0.182067
12.37 0.486425 -0.0516086
12.7627 0.486425 0.929911
13.1554 0.486425 0.464394
13.5481 0.486425 -0.123224

-0.981748 0.594734 -0.606107
-0.589049 0.594734 1.70604
-0.19635 0.594734 -0.81081
0.19635 0.594734 -1.43916
0.589049 0.594734 0.598242
0.981748 0.594734 -2.50478
1.37445 0.594734 -2.32523
1.76715 0.594734 -1.51946
2.15984 0.594734 -1.82105
2.55254 0.594734 -0.642542
2.94524 0.594734 -0.113624
3.33794 0.594734 -1.13956
3.73064 0.594734 -0.217768
4.12334 0.594734 0.422023
4.51604 0.594734 0.210554
4.90874 0.594734 0.30017
5.30144 0.594734 -1.02585
5.69414 0.594734 1.29452
6.08684 0.594734 3.89562
6.47953 0.594734 -0.347595
6.87223 0.594734 -5.6561
7.26493 0.594734 -2.79507
7.65763 0.594734 0.116855
8.05033 0.594734 -0.708647
8.44303 0.594734 -0.945451
8.83573 0.594734 0.878733
9.22843 0.594734 0.0840511
9.62113 0.594734 -0.317813
10.0138 0.594734 0.424421
10.4065 0.594734 -0.660114
10.7992 0.594734 0.214837
11.1919 0.594734 0.833182
11.5846 0.594734 -0.606107
11.9773 0.594734 1.70604
12.37 0.594734 -0.81081
12.7627 0.594734 -1.43916
13.1554 0.594734 0.598242
13.5481 0.594734 -2.50478

-0.981748 0.685849 0.536281
-0.589049 0.685849 0.0117637
-0.19635 0.685849 -0.841251
0.19635 0.685849 0.963796
0.589049 0.685849 0.474284
0.981748 0.685849 -0.0322743
1.37445 0.685849 0.283584
1.76715 0.685849 -0.0965628
2.15984 0.685849 -0.400954
2.55254 0.685849 0.537081
2.94524 0.685849 0.390553
3.33794 0.685849 0.47349
3.73064 0.685849 0.340185
4.12334 0.685849 -0.862924
4.51604 0.685849 -0.213661
4.90874 0.685849 0.257248
5.30144 0.685849 -0.355512
5.69414 0.685849 0.674401
6.08684 0.685849 0.574803
6.47953 0.685849 0.705727
6.87223 0.685849 0.798393
7.26493 0.685849 0.168435
7.65763 0.685849 -0.281376
8.05033 0.685849 0.296734
8.44303 0.685849 0.248706
8.83573 0.685849 -0.78943
9.22843 0.685849 -0.602003
9.62113 0.685849 -0.056208
10.0138 0.685849 0.28179
10.4065 0.685849 -0.375845
10.7992 0.685849 0.461285
11.1919 0.685849 0.248223
11.5846 0.685849 0.536281
11.9773 0.685849 0.0117637
12.37 0.685849 -0.841251
12.7627 0.685849 0.963796
13.1554 0.685849 0.474284
13.5481 0.685849 -0.0322743

-0.981748 0.760465 0.346809
-0.589049 0.760465 0.606414
-0.19635 0.760465 0.0272451
0.19635 0.760465 -0.364341
0.589049 0.760465 -1.18577
0.981748 0.760465 -0.660176
1.37445 0.760465 -0.0767752
1.76715 0.760465 -2.8425
2.15984 0.760465 -0.793047
2.55254 0.760465 1.11075
2.94524 0.760465 -0.450716
3.33794 0.760465 -0.0668433
3.73064 0.760465 0.145208
4.12334 0.760465 -0.500456
4.51604 0.760465 0.367015
4.90874 0.760465 -0.592175
5.30144 0.760465 -0.577745
5.69414 0.760465 1.42785
6.08684 0.760465 0.482689
6.47953 0.760465 -0.56612
6.87223 0.760465 -1.89097
7.26493 0.760465 0.279748
7.65763 0.760465 -0.225859
8.05033 0.760465 -0.576783
8.44303 0.760465 0.239355
8.83573 0.760465 -0.417481
9.22843 0.760465 -0.0216264
9.62113 0.760465 0.409192
10.0138 0.760465 0.185157
10.4065 0.760465 0.0238347
10.7992 0.760465 -0.0390819
11.1919 0.760465 -0.469134
11.5846 0.760465 0.346809
11.9773 0.760465 0.606414
12.37 0.760465 0.0272451
12.7627 0.760465 -0.364341
13.1554 0.760465 -1.18577
13.5481 0.760465 -0.660176

-0.981748 0.820231 0.543824
-0.589049 0.820231 0.766061
-0.19635 0.820231 -0.0518755
0.19635 0.820231 0.114672
0.589049 0.820231 -0.32982
0.981748 0.820231 -0.125857
1.37445 0.820231 0.296258
1.76715 0.820231 -0.102581
2.15984 0.820231 0.0937946
2.55254 0.820231 -0.0734296
2.94524 0.820231 -0.350751
3.33794 0.820231 0.12738
3.73064 0.820231 0.431711
4.12334 0.820231 -0.0708455
4.51604 0.820231 -0.0468754
4.90874 0.820231 -0.181221
5.30144 0.820231 -0.281315
5.69414 0.820231 0.669066
6.08684 0.820231 0.98006
6.47953 0.820231 0.334629
6.87223 0.820231 -0.333075
7.26493 0.820231 0.0144437
7.65763 0.820231 -0.498007
8.05033 0.820231 -0.477836
8.44303 0.820231 0.226807
8.83573 0.820231 -0.0155495
9.22843 0.820231 0.348144
9.62113 0.820231 0.394346
10.0138 0.820231 -0.264664
10.4065 0.820231 0.255238
10.7992 0.820231 0.0823093
11.1919 0.820231 -0.549196
11.5846 0.820231 0.543824
11.9773 0.820231 0.766061
12.37 0.820231 -0.0518755
12.7627 0.820231 0.114672
13.1554 0.820231 -0.32982
13.5481 0.820231 -0.125857

-0.981748 0.867255 0.66258
-0.589049 0.867255 0.454308
-0.19635 0.867255 -0.0575804
0.19635 0.867255 -0.0665752
0.589049 0.867255 -0.53398
0.981748 0.867255 -0.596634
1.37445 0.867255 0.235491
1.76715 0.867255 -0.577106
2.15984 0.867255 -0.393659
2.55254 0.867255 -0.162885
2.94524 0.867255 -0.0609447
3.33794 0.867255 0.0836671
3.73064 0.867255 -0.0954469
4.12334 0.867255 0.0746926
4.51604 0.867255 0.190493
4.90874 0.867255 -0.553549
5.30144 0.867255 0.0671614
5.69414 0.867255 1.03121
6.08684 0.867255 0.0772786
6.47953 0.867255 -0.268094
6.87223 0.867255 -0.588161
7.26493 0.867255 -0.0164233
7.65763 0.867255 -0.0319541
8.05033 0.867255 -0.271131
8.44303 0.867255 0.0174504
8.83573 0.867255 0.0525773
9.22843 0.867255 0.25259
9.62113 0.867255 0.380665
10.0138 0.867255 -0.016683
10.4065 0.867255 0.0995534
10.7992 0.867255 -0.217646
11.1919 0.867255 -0.20092
11.5846 0.867255 0.66258
11.9773 0.867255 0.454308
12.37 0.867255 -0.0575804
12.7627 0.867255 -0.0665752
13.1554 0.867255 -0.53398
13.5481 0.867255 -0.596634

-0.981748 0.903736 0.386975
-0.589049 0.903736 0.245263
-0.19635 0.903736 -0.155838
0.19635 0.903736 -0.00763982
0.589049 0.903736 -0.225802
0.981748 0.903736 -0.0625615
1.37445 0.903736 0.203221
1.76715 0.903736 0.136696
2.15984 0.903736 -0.108959
2.55254 0.903736 -0.349086
2.94524 0.903736 0.0615698
3.33794 0.903736 0.0833152
3.73064 0.903736 -0.237403
4.12334 0.903736 0.0354016
4.51604 0.903736 0.0167421
4.90874 0.903736 -0.234496
5.30144 0.903736 0.310924
5.69414 0.903736 0.419857
6.08684 0.903736 0.163763
6.47953 0.903736 -0.0740963
6.87223 0.903736 -0.119988
7.26493 0.903736 -0.0237523
7.65763 0.903736 -0.261595
8.05033 0.903736 -0.090942
8.44303 0.903736 -0.0341882
8.83573 0.903736 -0.0550687
9.22843 0.903736 0.214008
9.62113 0.903736 0.163237
10.0138 0.903736 -0.0737727
10.4065 0.903736 -0.132576
10.7992 0.903736 0.00223131
11.1919 0.903736 0.0116333
11.5846 0.903736 0.386975
11.9773 0.903736 0.245263
12.37 0.903736 -0.155838
12.7627 0.903736 -0.00763982
13.1554 0.903736 -0.225802
13.5481 0.903736 -0.0625615

-0.981748 0.931728 0.265885
-0.589049 0.931728 0.0534426
-0.19635 0.931728 -0.0597032
0.19635 0.931728 -0.0827016
0.589049 0.931728 -0.230246
0.981748 0.931728 -0.208168
1.37445 0.931728 0.102551
1.76715 0.931728 -0.277975
2.15984 0.931728 -0.238065
2.55254 0.931728 0.0244471
2.94524 0.931728 0.0978317
3.33794 0.931728 -0.090921
3.73064 0.931728 -0.132974
4.12334 0.931728 0.141201
4.51604 0.931728 0.00887007
4.90874 0.931728 -0.176919
5.30144 0.931728 0.24705
5.69414 0.931728 0.334589
6.08684 0.931728 -0.107226
6.47953 0.931728 -0.207637
6.87223 0.931728 -0.300221
7.26493 0.931728 0.0110626
7.65763 0.931728 0.023549
8.05033 0.931728 -0.0291285
8.44303 0.931728 0.00540998
8.83573 0.931728 0.0632786
9.22843 0.931728 0.145105
9.62113 0.931728 0.138899
10.0138 0.931728 -0.0139485
10.4065 0.931728 0.00972323
10.7992 0.931728 -0.00248866
11.1919 0.931728 0.0540796
11.5846 0.931728 0.265885
11.9773 0.931728 0.0534426
12.37 0.931728 -0.0597032
12.7627 0.931728 -0.0827016
13.1554 0.931728 -0.230246
13.5481 0.931728 -0.208168

-0.981748 0.953025 0.112499
-0.589049 0.953025 0.0342245
-0.19635 0.953025 -0.0802012
0.19635 0.953025 -0.0250958
0.589049 0.953025 -0.0706429
0.981748 0.953025 0.044408
1.37445 0.953025 0.072317
1.76715 0.953025 0.032668
2.15984 0.953025 -0.0371931
2.55254 0.953025 -0.105716
2.94524 0.953025 0.0185753
3.33794 0.953025 -0.00817649
3.73064 0.953025 -0.0760949
4.12334 0.953025 0.0206668
4.51604 0.953025 -0.0417395
4.90874 0.953025 -0.00305657
5.30144 0.953025 0.182955
5.69414 0.953025 0.073964
6.08684 0.953025 0.0260418
6.47953 0.953025 -0.066861
6.87223 0.953025 -0.0331054
7.26493 0.953025 0.00729106
7.65763 0.953025 -0.104753
8.05033 0.953025 -0.0148023
8.44303 0.953025 -0.0248521
8.83573 0.953025 -0.0154851
9.22843 0.953025 0.0701064
9.62113 0.953025 0.0127141
10.0138 0.953025 -0.0500008
10.4065 0.953025 -0.0458815
10.7992 0.953025 0.0386427
11.1919 0.953025 0.0375379
11.5846 0.953025 0.112499
11.9773 0.953025 0.0342245
12.37 0.953025 -0.0802012
12.7627 0.953025 -0.0250958
13.1554 0.953025 -0.0706429
13.5481 0.953025 0.044408

-0.981748 0.969125 0.0704651
-0.589049 0.969125 -0.0103941
-0.19635 0.969125 -0.0119242
0.19635 0.969125 -0.039591
0.589049 0.969125 -0.0681038
0.981748 0.969125 -0.0719458
1.37445 0.969125 0.0158731
1.76715 0.969125 -0.136322
2.15984 0.969125 -0.0768443
2.55254 0.969125 0.0486266
2.94524 0.969125 0.0318274
3.33794 0.969125 -0.051293
3.73064 0.969125 -0.0241928
4.12334 0.969125 0.051869
4.51604 0.969125 -0.000704254
4.90874 0.969125 -0.031005
5.30144 0.969125 0.0774141
5.69414 0.969125 0.0918075
6.08684 0.969125 -0.063987
6.47953 0.969125 -0.085413
6.87223 0.969125 -0.106118
7.26493 0.969125 0.0113278
7.65763 0.969125 0.0343011
8.05033 0.969125 0.00373297
8.44303 0.969125 0.0122582
8.83573 0.969125 0.0364516
9.22843 0.969125 0.0427405
9.62113 0.969125 0.043977
10.0138 0.969125 0.0025392
10.4065 0.969125 0.0254604
10.7992 0.969125 -0.00220303
11.1919 0.969125 0.0235044
11.5846 0.969125 0.0704651
11.9773 0.969125 -0.0103941
12.37 0.969125 -0.0119242
12.7627 0.969125 -0.039591
13.1554 0.969125 -0.0681038
13.5481 0.969125 -0.0719458

-0.981748 0.981237 0.0147142
-0.589049 0.981237 0.00827574
-0.19635 0.981237 -0.0251751
0.19635 0.981237 -0.000526861
0.589049 0.981237 -0.00263762
0.981748 0.981237 0.0371245
1.37445 0.981237 0.0162307
1.76715 0.981237 0.0434174
2.15984 0.981237 0.0109213
2.55254 0.981237 -0.0466701
2.94524 0.981237 -0.0039212
3.33794 0.981237 0.00792303
3.73064 0.981237 -0.015895
4.12334 0.981237 -0.0101894
4.51604 0.981237 -0.0137093
4.90874 0.981237 0.018108
5.30144 0.981237 0.0422664
5.69414 0.981237 -0.00350903
6.08684 0.981237 0.0207117
6.47953 0.981237 -0.0066957
6.87223 0.981237 0.015659
7.26493 0.981237 0.00138867
7.65763 0.981237 -0.0419288
8.05033 0.981237 -0.00369507
8.44303 0.981237 -0.0111473
8.83573 0.981237 -0.0138388
9.22843 0.981237 0.0100644
9.62113 0.981237 -0.0105443
10.0138 0.981237 -0.0170937
10.4065 0.981237 -0.019586
10.7992 0.981237 0.0133233
11.1919 0.981237 0.00883244
11.5846 0.981237 0.0147142
11.9773 0.981237 0.00827574
12.37 0.981237 -0.0251751
12.7627 0.981237 -0.000526861
13.1554 0.981237 -0.00263762
13.5481 0.981237 0.0371245

-0.981748 0.990315 0.0117327
-0.589049 0.990315 -0.00692862
-0.19635 0.990315 0.00622843
0.19635 0.990315 -0.0107343
0.589049 0.990315 -0.015699
0.981748 0.990315 -0.0318842
1.37445 0.990315 -0.00281128
1.76715 0.990315 -0.0525396
2.15984 0.990315 -0.0233516
2.55254 0.990315 0.0298466
2.94524 0.990315 0.00964045
3.33794 0.990315 -0.0167829
3.73064 0.990315 7.03795e-05
4.12334 0.990315 0.0165998
4.51604 0.990315 0.00552284
4.90874 0.990315 -0.0125323
5.30144 0.990315 0.0043406
5.69414 0.990315 0.025009
6.08684 0.990315 -0.0250825
6.47953 0.990315 -0.0209389
6.87223 0.990315 -0.0341012
7.26493 0.990315 0.00308501
7.65763 0.990315 0.0247531
8.05033 0.990315 0.00296316
8.44303 0.990315 0.00787903
8.83573 0.990315 0.0148801
9.22843 0.990315 0.00697338
9.62113 0.990315 0.0156713
10.0138 0.990315 0.00744739
10.4065 0.990315 0.0143425
10.7992 0.990315 -0.00600779
11.1919 0.990315 0.00342914
11.5846 0.990315 0.0117327
11.9773 0.990315 -0.00692862
12.37 0.990315 0.00622843
12.7627 0.990315 -0.0107343
13.1554 0.990315 -0.015699
13.5481 0.990315 -0.0318842

-0.981748 0.9971 -0.00422785
-0.589049 0.9971 0.00478784
-0.19635 0.9971 -0.00696081
0.19635 0.9971 0.00548055
0.589049 0.9971 0.00805882
0.981748 0.9971 0.0220944
1.37445 0.9971 0.00373974
1.76715 0.9971 0.0343766
2.15984 0.9971 0.0139511
2.55254 0.9971 -0.0227619
2.94524 0.9971 -0.00552542
3.33794 0.9971 0.00998745
3.73064 0.9971 -0.00244029
4.12334 0.9971 -0.0105203
4.51604 0.9971 -0.00466224
4.90874 0.9971 0.00958354
5.30144 0.9971 0.00382148
5.69414 0.9971 -0.0132516
6.08684 0.9971 0.0161251
6.47953 0.9971 0.00972011
6.87223 0.9971 0.0198602
7.26493 0.9971 -0.00142573
7.65763 0.9971 -0.0189767
8.05033 0.9971 -0.00201476
8.44303 0.9971 -0.00571724
8.83573 0.9971 -0.00986294
9.22843 0.9971 -0.00233904
9.62113 0.9971 -0.0097708
10.0138 0.9971 -0.00629095
10.4065 0.9971 -0.0104575
10.7992 0.9971 0.00498996
11.1919 0.9971 -0.000429747
11.5846 0.9971 -0.00422785
11.9773 0.9971 0.00478784
12.37 0.9971 -0.00696081
12.7627 0.9971 0.00548055
13.1554 0.9971 0.00805882
13.5481 0.9971 0.0220944

-0.981748 1.0029 0.00422785
-0.589049 1.0029 -0.00478784
-0.19635 1.0029 0.00696081
0.19635 1.0029 -0.00548055
0.589049 1.0029 -0.00805882
0.981748 1.0029 -0.0220944
1.37445 1.0029 -0.00373974
1.76715 1.0029 -0.0343766
2.15984 1.0029 -0.0139511
2.55254 1.0029 0.0227619
2.94524 1.0029 0.00552542
3.33794 1.0029 -0.00998745
3.73064 1.0029 0.00244029
4.12334 1.0029 0.0105203
4.51604 1.0029 0.00466224
4.90874 1.0029 -0.00958354
5.30144 1.0029 -0.00382148
5.69414 1.0029 0.0132516
6.08684 1.0029 -0.0161251
6.47953 1.0029 -0.00972011
6.87223 1.0029 -0.0198602
7.26493 1.0029 0.00142573
7.65763 1.0029 0.0189767
8.05033 1.0029 0.00201476
8.44303 1.0029 0.00571724
8.83573 1.0029 0.00986294
9.22843 1.0029 0.00233904
9.62113 1.0029 0.0097708
10.0138 1.0029 0.00629095
10.4065 1.0029 0.0104575
10.7992 1.0029 -0.00498996
11.1919 1.0029 0.000429747
11.5846 1.0029 0.00422785
11.9773 1.0029 -0.00478784
12.37 1.0029 0.00696081
12.7627 1.0029 -0.00548055
13.1554 1.0029 -0.00805882
13.5481 1.0029 -0.0220944

