-0.981748 -1.0029 0.403079
-0.589049 -1.0029 0.0706046
-0.19635 -1.0029 -0.497274
0.19635 -1.0029 0.0320095
0.589049 -1.0029 0.242424
0.981748 -1.0029 -0.328508
1.37445 -1.0029 -0.309688
1.76715 -1.0029 0.145113
2.15984 -1.0029 -0.151573
2.55254 -1.0029 0.0762773
2.94524 -1.0029 0.226707
3.33794 -1.0029 -0.25597
3.73064 -1.0029 -0.0199724
4.12334 -1.0029 0.174033
4.51604 -1.0029 -0.10159
4.90874 -1.0029 -0.08068
5.30144 -1.0029 -0.0555312
5.69414 -1.0029 0.0157376
6.08684 -1.0029 0.108868
6.47953 -1.0029 0.146809
6.87223 -1.0029 0.0141044
7.26493 -1.0029 -0.287798
7.65763 -1.0029 -0.0606134
8.05033 -1.0029 -0.0773131
8.44303 -1.0029 0.177008
8.83573 -1.0029 -0.142232
9.22843 -1.0029 -0.182672
9.62113 -1.0029 0.297894
10.0138 -1.0029 0.214548
10.4065 -1.0029 0.0606438
10.7992 -1.0029 -0.0663776
11.1919 -1.0029 0.127936
11.5846 -1.0029 0.403079
11.9773 -1.0029 0.0706046
12.37 -1.0029 -0.497274
12.7627 -1.0029 0.0320095
13.1554 -1.0029 0.242424
13.5481 -1.0029 -0.328508

-0.981748 -0.9971 -0.403079
-0.589049 -0.9971 -0.0706046
-0.19635 -0.9971 0.497274
0.19635 -0.9971 -0.0320095
0.589049 -0.9971 -0.242424
0.981748 -0.9971 0.328508
1.37445 -0.9971 0.309688
1.76715 -0.9971 -0.145113
2.15984 -0.9971 0.151573
2.55254 -0.9971 -0.0762773
2.94524 -0.9971 -0.226707
3.33794 -0.9971 0.25597
3.73064 -0.9971 0.0199724
4.12334 -0.9971 -0.174033
4.51604 -0.9971 0.10159
4.90874 -0.9971 0.08068
5.30144 -0.9971 0.0555312
5.69414 -0.9971 -0.0157376
6.08684 -0.9971 -0.108868
6.47953 -0.9971 -0.146809
6.87223 -0.9971 -0.0141044
7.26493 -0.9971 0.287798
7.65763 -0.9971 0.0606134
8.05033 -0.9971 0.0773131
8.44303 -0.9971 -0.177008
8.83573 -0.9971 0.142232
9.22843 -0.9971 0.182672
9.62113 -0.9971 -0.297894
10.0138 -0.9971 -0.214548
10.4065 -0.9971 -0.0606438
10.7992 -0.9971 0.0663776
11.1919 -0.9971 -0.127936
11.5846 -0.9971 -0.403079
11.9773 -0.9971 -0.0706046
12.37 -0.9971 0.497274
12.7627 -0.9971 -0.0320095
13.1554 -0.9971 -0.242424
13.5481 -0.9971 0.328508

-0.981748 -0.990315 -0.421093
-0.589049 -0.990315 -0.0759107
-0.19635 -0.990315 0.470377
0.19635 -0.990315 -0.0165509
0.589049 -0.990315 -0.245749
0.981748 -0.990315 0.345811
1.37445 -0.990315 0.329284
1.76715 -0.990315 -0.149633
2.15984 -0.990315 0.132546
2.55254 -0.990315 -0.0731606
2.94524 -0.990315 -0.230174
3.33794 -0.990315 0.25444
3.73064 -0.990315 0.0195877
4.12334 -0.990315 -0.186344
4.51604 -0.990315 0.0956927
4.90874 -0.990315 0.0711274
5.30144 -0.990315 0.0650309
5.69414 -0.990315 -0.00853322
6.08684 -0.990315 -0.123775
6.47953 -0.990315 -0.140214
6.87223 -0.990315 -0.0011469
7.26493 -0.990315 0.284632
7.65763 -0.990315 0.0484877
8.05033 -0.990315 0.079524
8.44303 -0.990315 -0.16054
8.83573 -0.990315 0.124616
9.22843 -0.990315 0.176845
9.62113 -0.990315 -0.309609
10.0138 -0.990315 -0.229443
10.4065 -0.990315 -0.0737126
10.7992 -0.990315 0.0684623
11.1919 -0.990315 -0.104825
11.5846 -0.990315 -0.421093
11.9773 -0.990315 -0.0759107
12.37 -0.990315 0.470377
12.7627 -0.990315 -0.0165509
13.1554 -0.990315 -0.245749
13.5481 -0.990315 0.345811

-0.981748 -0.981237 -0.401993
-0.589049 -0.981237 -0.0933049
-0.19635 -0.981237 0.487721
0.19635 -0.981237 0.00425182
0.589049 -0.981237 -0.237466
0.981748 -0.981237 0.316864
1.37445 -0.981237 0.313429
1.76715 -0.981237 -0.146072
2.15984 -0.981237 0.155733
2.55254 -0.981237 -0.0764488
2.94524 -0.981237 -0.225752
3.33794 -0.981237 0.252112
3.73064 -0.981237 0.0286788
4.12334 -0.981237 -0.177731
4.51604 -0.981237 0.118323
4.90874 -0.981237 0.0766931
5.30144 -0.981237 0.051336
5.69414 -0.981237 -0.0157681
6.08684 -0.981237 -0.117411
6.47953 -0.981237 -0.137712
6.87223 -0.981237 -0.00533919
7.26493 -0.981237 0.292054
7.65763 -0.981237 0.0570949
8.05033 -0.981237 0.0681452
8.44303 -0.981237 -0.188994
8.83573 -0.981237 0.140788
9.22843 -0.981237 0.174946
9.62113 -0.981237 -0.312654
10.0138 -0.981237 -0.229081
10.4065 -0.981237 -0.0681001
10.7992 -0.981237 0.0705197
11.1919 -0.981237 -0.100354
11.5846 -0.981237 -0.401993
11.9773 -0.981237 -0.0933049
12.37 -0.981237 0.487721
12.7627 -0.981237 0.00425182
13.1554 -0.981237 -0.237466
13.5481 -0.981237 0.316864

-0.981748 -0.969125 -0.405865
-0.589049 -0.969125 -0.0717209
-0.19635 -0.969125 0.500505
0.19635 -0.969125 -0.0133181
0.589049 -0.969125 -0.262373
0.981748 -0.969125 0.338204
1.37445 -0.969125 0.319285
1.76715 -0.969125 -0.140613
2.15984 -0.969125 0.144235
2.55254 -0.969125 -0.085914
2.94524 -0.969125 -0.220006
3.33794 -0.969125 0.262782
3.73064 -0.969125 0.0277608
4.12334 -0.969125 -0.205834
4.51604 -0.969125 0.0979155
4.90874 -0.969125 0.0919507
5.30144 -0.969125 0.0408086
5.69414 -0.969125 -0.00503984
6.08684 -0.969125 -0.13251
6.47953 -0.969125 -0.140108
6.87223 -0.969125 0.00323183
7.26493 -0.969125 0.311723
7.65763 -0.969125 0.0648686
8.05033 -0.969125 0.0808542
8.44303 -0.969125 -0.19787
8.83573 -0.969125 0.114733
9.22843 -0.969125 0.186797
9.62113 -0.969125 -0.313593
10.0138 -0.969125 -0.223396
10.4065 -0.969125 -0.0686333
10.7992 -0.969125 0.0652133
11.1919 -0.969125 -0.10871
11.5846 -0.969125 -0.405865
11.9773 -0.969125 -0.0717209
12.37 -0.969125 0.500505
12.7627 -0.969125 -0.0133181
13.1554 -0.969125 -0.262373
13.5481 -0.969125 0.338204

-0.981748 -0.953025 -0.404544
-0.589049 -0.953025 -0.0756571
-0.19635 -0.953025 0.524769
0.19635 -0.953025 0.00342564
0.589049 -0.953025 -0.288978
0.981748 -0.953025 0.350912
1.37445 -0.953025 0.292848
1.76715 -0.953025 -0.180363
2.15984 -0.953025 0.155947
2.55254 -0.953025 -0.102649
2.94524 -0.953025 -0.241432
3.33794 -0.953025 0.28089
3.73064 -0.953025 0.0144154
4.12334 -0.953025 -0.178806
4.51604 -0.953025 0.0976394
4.90874 -0.953025 0.0413334
5.30144 -0.953025 0.0745223
5.69414 -0.953025 -0.0134003
6.08684 -0.953025 -0.132744
6.47953 -0.953025 -0.156887
6.87223 -0.953025 0.000857305
7.26493 -0.953025 0.316879
7.65763 -0.953025 0.0588765
8.05033 -0.953025 0.0833642
8.44303 -0.953025 -0.203606
8.83573 -0.953025 0.10426
9.22843 -0.953025 0.191661
9.62113 -0.953025 -0.304122
10.0138 -0.953025 -0.236119
10.4065 -0.953025 -0.0767156
10.7992 -0.953025 0.0697338
11.1919 -0.953025 -0.104706
11.5846 -0.953025 -0.404544
11.9773 -0.953025 -0.0756571
12.37 -0.953025 0.524769
12.7627 -0.953025 0.00342564
13.1554 -0.953025 -0.288978
13.5481 -0.953025 0.350912

-0.981748 -0.931728 -0.434637
-0.589049 -0.931728 -0.073065
-0.19635 -0.931728 0.571687
0.19635 -0.931728 0.0484252
0.589049 -0.931728 -0.336719
0.981748 -0.931728 0.353136
1.37445 -0.931728 0.33617
1.76715 -0.931728 -0.221538
2.15984 -0.931728 0.133791
2.55254 -0.931728 -0.131865
2.94524 -0.931728 -0.196537
3.33794 -0.931728 0.340748
3.73064 -0.931728 7.36458e-05
4.12334 -0.931728 -0.189079
4.51604 -0.931728 0.124621
4.90874 -0.931728 -0.0193402
5.30144 -0.931728 0.0497243
5.69414 -0.931728 0.0307555
6.08684 -0.931728 -0.144994
6.47953 -0.931728 -0.207033
6.87223 -0.931728 0.00417609
7.26493 -0.931728 0.376668
7.65763 -0.931728 0.0815236
8.05033 -0.931728 0.0781005
8.44303 -0.931728 -0.206645
8.83573 -0.931728 0.0745214
9.22843 -0.931728 0.194755
9.62113 -0.931728 -0.281159
10.0138 -0.931728 -0.268954
10.4065 -0.931728 -0.0785071
10.7992 -0.931728 0.111968
11.1919 -0.931728 -0.140109
11.5846 -0.931728 -0.434637
11.9773 -0.931728 -0.073065
12.37 -0.931728 0.571687
12.7627 -0.931728 0.0484252
13.1554 -0.931728 -0.336719
13.5481 -0.931728 0.353136

-0.981748 -0.903736 -0.44874
-0.589049 -0.903736 -0.136235
-0.19635 -0.903736 0.626765
0.19635 -0.903736 0.053421
0.589049 -0.903736 -0.38999
0.981748 -0.903736 0.40392
1.37445 -0.903736 0.341592
1.76715 -0.903736 -0.304187
2.15984 -0.903736 0.124636
2.55254 -0.903736 -0.0699402
2.94524 -0.903736 -0.207846
3.33794 -0.903736 0.410185
3.73064 -0.903736 0.00205191
4.12334 -0.903736 -0.22738
4.51604 -0.903736 0.103435
4.90874 -0.903736 -0.0613693
5.30144 -0.903736 0.0936533
5.69414 -0.903736 0.0315753
6.08684 -0.903736 -0.181591
6.47953 -0.903736 -0.144229
6.87223 -0.903736 0.00904769
7.26493 -0.903736 0.422377
7.65763 -0.903736 0.076541
8.05033 -0.903736 0.0680553
8.44303 -0.903736 -0.197171
8.83573 -0.903736 0.0587679
9.22843 -0.903736 0.211256
9.62113 -0.903736 -0.281758
10.0138 -0.903736 -0.269029
10.4065 -0.903736 -0.108605
10.7992 -0.903736 0.0955474
11.1919 -0.903736 -0.0852128
11.5846 -0.903736 -0.44874
11.9773 -0.903736 -0.136235
12.37 -0.903736 0.626765
12.7627 -0.903736 0.053421
13.1554 -0.903736 -0.38999
13.5481 -0.903736 0.40392

-0.981748 -0.867255 -0.540586
-0.589049 -0.867255 -0.189995
-0.19635 -0.867255 0.767784
0.19635 -0.867255 0.175117
0.589049 -0.867255 -0.548004
0.981748 -0.867255 0.36928
1.37445 -0.867255 0.42115
1.76715 -0.867255 -0.383087
2.15984 -0.867255 0.188009
2.55254 -0.867255 -0.0987457
2.94524 -0.867255 -0.261913
3.33794 -0.867255 0.51246
3.73064 -0.867255 0.00798595
4.12334 -0.867255 -0.294413
4.51604 -0.867255 0.102062
4.90874 -0.867255 -0.094768
5.30144 -0.867255 0.0735698
5.69414 -0.867255 0.0397745
6.08684 -0.867255 -0.160702
6.47953 -0.867255 -0.0921563
6.87223 -0.867255 -0.076324
7.26493 -0.867255 0.354651
7.65763 -0.867255 0.11409
8.05033 -0.867255 0.0800528
8.44303 -0.867255 -0.169487
8.83573 -0.867255 0.0996333
9.22843 -0.867255 0.178641
9.62113 -0.867255 -0.386036
10.0138 -0.867255 -0.286427
10.4065 -0.867255 -0.0462729
10.7992 -0.867255 0.169613
11.1919 -0.867255 -0.0935873
11.5846 -0.867255 -0.540586
11.9773 -0.867255 -0.189995
12.37 -0.867255 0.767784
12.7627 -0.867255 0.175117
13.1554 -0.867255 -0.548004
13.5481 -0.867255 0.36928

-0.981748 -0.820231 -0.554947
-0.589049 -0.820231 -0.165924
-0.19635 -0.820231 0.834497
0.19635 -0.820231 0.247439
0.589049 -0.820231 -0.613758
0.981748 -0.820231 0.357788
1.37445 -0.820231 0.439432
1.76715 -0.820231 -0.266191
2.15984 -0.820231 0.231383
2.55254 -0.820231 -0.134593
2.94524 -0.820231 -0.384335
3.33794 -0.820231 0.487095
3.73064 -0.820231 -0.0442445
4.12334 -0.820231 -0.28301
4.51604 -0.820231 0.311695
4.90874 -0.820231 -0.149221
5.30144 -0.820231 -0.142266
5.69414 -0.820231 0.125738
6.08684 -0.820231 0.0440378
6.47953 -0.820231 -0.161835
6.87223 -0.820231 -0.242504
7.26493 -0.820231 0.300417
7.65763 -0.820231 0.148868
8.05033 -0.820231 0.11612
8.44303 -0.820231 -0.132435
8.83573 -0.820231 0.13583
9.22843 -0.820231 0.189696
9.62113 -0.820231 -0.49307
10.0138 -0.820231 -0.285824
10.4065 -0.820231 0.142228
10.7992 -0.820231 0.185609
11.1919 -0.820231 -0.21748
11.5846 -0.820231 -0.554947
11.9773 -0.820231 -0.165924
12.37 -0.820231 0.834497
12.7627 -0.820231 0.247439
13.1554 -0.820231 -0.613758
13.5481 -0.820231 0.357788

-0.981748 -0.760465 -0.453557
-0.589049 -0.760465 -0.381846
-0.19635 -0.760465 0.76237
0.19635 -0.760465 0.605287
0.589049 -0.760465 -0.567288
0.981748 -0.760465 0.063826
1.37445 -0.760465 0.311838
1.76715 -0.760465 -0.0699768
2.15984 -0.760465 0.174991
2.55254 -0.760465 -0.153283
2.94524 -0.760465 -0.25196
3.33794 -0.760465 0.434936
3.73064 -0.760465 -0.128201
4.12334 -0.760465 -0.276613
4.51604 -0.760465 0.466253
4.90874 -0.760465 0.0353238
5.30144 -0.760465 -0.26337
5.69414 -0.760465 -0.0294973
6.08684 -0.760465 0.0686499
6.47953 -0.760465 -0.169731
6.87223 -0.760465 -0.176259
7.26493 -0.760465 0.280412
7.65763 -0.760465 0.0220544
8.05033 -0.760465 0.206842
8.44303 -0.760465 -0.0218489
8.83573 -0.760465 0.0231056
9.22843 -0.760465 0.0785771
9.62113 -0.760465 -0.437676
10.0138 -0.760465 -0.192362
10.4065 -0.760465 0.0870633
10.7992 -0.760465 0.103844
11.1919 -0.760465 -0.191822
11.5846 -0.760465 -0.453557
11.9773 -0.760465 -0.381846
12.37 -0.760465 0.76237
12.7627 -0.760465 0.605287
13.1554 -0.760465 -0.567288
13.5481 -0.760465 0.063826

-0.981748 -0.685849 -0.557592
-0.589049 -0.685849 -0.5286
-0.19635 -0.685849 0.787992
0.19635 -0.685849 0.563464
0.589049 -0.685849 -0.560591
0.981748 -0.685849 -0.0710821
1.37445 -0.685849 0.404482
1.76715 -0.685849 0.317267
2.15984 -0.685849 0.0922937
2.55254 -0.685849 -0.208017
2.94524 -0.685849 -0.0870366
3.33794 -0.685849 0.146149
3.73064 -0.685849 -0.506169
4.12334 -0.685849 0.0812058
4.51604 -0.685849 0.69723
4.90874 -0.685849 -0.150759
5.30144 -0.685849 -0.229139
5.69414 -0.685849 -0.0823482
6.08684 -0.685849 -0.144266
6.47953 -0.685849 0.251336
6.87223 -0.685849 0.138935
7.26493 -0.685849 -0.0690471
7.65763 -0.685849 -0.113487
8.05033 -0.685849 -0.0688865
8.44303 -0.685849 0.200776
8.83573 -0.685849 0.316171
9.22843 -0.685849 0.0918652
9.62113 -0.685849 -0.623027
10.0138 -0.685849 -0.326461
10.4065 -0.685849 0.156571
10.7992 -0.685849 0.137839
11.1919 -0.685849 -0.0468232
11.5846 -0.685849 -0.557592
11.9773 -0.685849 -0.5286
12.37 -0.685849 0.787992
12.7627 -0.685849 0.563464
13.1554 -0.685849 -0.560591
13.5481 -0.685849 -0.0710821

-0.981748 -0.594734 -0.543369
-0.589049 -0.594734 -0.668066
-0.19635 -0.594734 0.778923
0.19635 -0.594734 0.709748
0.589049 -0.594734 -0.146515
0.981748 -0.594734 -0.249278
1.37445 -0.594734 0.163547
1.76715 -0.594734 0.401421
2.15984 -0.594734 -0.0738437
2.55254 -0.594734 0.0513439
2.94524 -0.594734 0.11627
3.33794 -0.594734 -0.263221
3.73064 -0.594734 -0.548815
4.12334 -0.594734 0.301055
4.51604 -0.594734 0.403122
4.90874 -0.594734 -0.490357
5.30144 -0.594734 0.19059
5.69414 -0.594734 0.0733427
6.08684 -0.594734 -0.130829
6.47953 -0.594734 0.341726
6.87223 -0.594734 0.0245211
7.26493 -0.594734 0.0610411
7.65763 -0.594734 -0.110853
8.05033 -0.594734 0.00919329
8.44303 -0.594734 -0.0650154
8.83573 -0.594734 0.243412
9.22843 -0.594734 0.504529
9.62113 -0.594734 -0.728044
10.0138 -0.594734 -0.506512
10.4065 -0.594734 0.176428
10.7992 -0.594734 -0.0350266
11.1919 -0.594734 0.0226646
11.5846 -0.594734 -0.543369
11.9773 -0.594734 -0.668066
12.37 -0.594734 0.778923
12.7627 -0.594734 0.709748
13.1554 -0.594734 -0.146515
13.5481 -0.594734 -0.249278

-0.981748 -0.486425 -0.838235
-0.589049 -0.486425 -0.879428
-0.19635 -0.486425 0.941571
0.19635 -0.486425 1.02995
0.589049 -0.486425 -0.640914
0.981748 -0.486425 -0.144596
1.37445 -0.486425 0.52812
1.76715 -0.486425 0.397254
2.15984 -0.486425 -0.147823
2.55254 -0.486425 -0.246323
2.94524 -0.486425 -0.227033
3.33794 -0.486425 0.262544
3.73064 -0.486425 -0.37134
4.12334 -0.486425 -0.0748419
4.51604 -0.486425 0.463028
4.90874 -0.486425 -0.317882
5.30144 -0.486425 0.365169
5.69414 -0.486425 -0.182322
6.08684 -0.486425 0.298416
6.47953 -0.486425 0.326668
6.87223 -0.486425 -0.317515
7.26493 -0.486425 0.477889
7.65763 -0.486425 0.209196
8.05033 -0.486425 -0.60861
8.44303 -0.486425 0.0553869
8.83573 -0.486425 0.373856
9.22843 -0.486425 0.293482
9.62113 -0.486425 -0.154981
10.0138 -0.486425 -0.826059
10.4065 -0.486425 -0.398717
10.7992 -0.486425 0.251615
11.1919 -0.486425 0.152177
11.5846 -0.486425 -0.838235
11.9773 -0.486425 -0.879428
12.37 -0.486425 0.941571
12.7627 -0.486425 1.02995
13.1554 -0.486425 -0.640914
13.5481 -0.486425 -0.144596

-0.981748 -0.361703 -0.873017
-0.589049 -0.361703 -0.612766
-0.19635 -0.361703 0.706852
0.19635 -0.361703 1.17887
0.589049 -0.361703 -0.161936
0.981748 -0.361703 -0.23008
1.37445 -0.361703 -0.0596253
1.76715 -0.361703 0.00438958
2.15984 -0.361703 0.399041
2.55254 -0.361703 0.0682303
2.94524 -0.361703 -0.397851
3.33794 -0.361703 0.0820296
3.73064 -0.361703 -0.0379498
4.12334 -0.361703 -0.429254
4.51604 -0.361703 0.0972878
4.90874 -0.361703 -0.0451634
5.30144 -0.361703 0.465766
5.69414 -0.361703 0.342477
6.08684 -0.361703 -0.163064
6.47953 -0.361703 0.0819313
6.87223 -0.361703 -0.535743
7.26493 -0.361703 0.436251
7.65763 -0.361703 0.716866
8.05033 -0.361703 -0.86961
8.44303 -0.361703 -0.284837
8.83573 -0.361703 0.417711
9.22843 -0.361703 0.504003
9.62113 -0.361703 -0.368756
10.0138 -0.361703 -0.993538
10.4065 -0.361703 -0.155885
10.7992 -0.361703 0.640558
11.1919 -0.361703 0.108335
11.5846 -0.361703 -0.873017
11.9773 -0.361703 -0.612766
12.37 -0.361703 0.706852
12.7627 -0.361703 1.17887
13.1554 -0.361703 -0.161936
13.5481 -0.361703 -0.23008

-0.981748 -0.223212 -0.604649
-0.589049 -0.223212 -0.168101
-0.19635 -0.223212 0.611189
0.19635 -0.223212 0.792164
0.589049 -0.223212 -0.687
0.981748 -0.223212 0.502882
1.37445 -0.223212 0.105243
1.76715 -0.223212 -0.244307
2.15984 -0.223212 0.173327
2.55254 -0.223212 -0.605704
2.94524 -0.223212 0.44866
3.33794 -0.223212 0.258315
3.73064 -0.223212 -0.51173
4.12334 -0.223212 0.386021
4.51604 -0.223212 -0.319441
4.90874 -0.223212 -0.175541
5.30144 -0.223212 0.287663
5.69414 -0.223212 0.262452
6.08684 -0.223212 0.374048
6.47953 -0.223212 -0.484787
6.87223 -0.223212 0.171226
7.26493 -0.223212 0.460478
7.65763 -0.223212 0.303126
8.05033 -0.223212 -0.244625
8.44303 -0.223212 -1.00063
8.83573 -0.223212 -0.280344
9.22843 -0.223212 0.888722
9.62113 -0.223212 -0.197881
10.0138 -0.223212 -1.26221
10.4065 -0.223212 0.0170467
10.7992 -0.223212 1.02949
11.1919 -0.223212 -0.268636
11.5846 -0.223212 -0.604649
11.9773 -0.223212 -0.168101
12.37 -0.223212 0.611189
12.7627 -0.223212 0.792164
13.1554 -0.223212 -0.687
13.5481 -0.223212 0.502882

-0.981748 -0.0754897 -0.352622
-0.589049 -0.0754897 0.151141
-0.19635 -0.0754897 0.562903
0.19635 -0.0754897 0.153827
0.589049 -0.0754897 0.408283
0.981748 -0.0754897 0.0316985
1.37445 -0.0754897 -0.43814
1.76715 -0.0754897 -0.230597
2.15984 -0.0754897 -0.162586
2.55254 -0.0754897 0.173047
2.94524 -0.0754897 0.103336
3.33794 -0.0754897 -0.570941
3.73064 -0.0754897 -0.456202
4.12334 -0.0754897 0.318092
4.51604 -0.0754897 0.401433
4.90874 -0.0754897 -0.487289
5.30144 -0.0754897 -0.216563
5.69414 -0.0754897 0.564474
6.08684 -0.0754897 0.156074
6.47953 -0.0754897 0.326574
6.87223 -0.0754897 0.0933766
7.26493 -0.0754897 -0.489281
7.65763 -0.0754897 -0.00228651
8.05033 -0.0754897 0.286691
8.44303 -0.0754897 -0.410165
8.83573 -0.0754897 -0.206257
9.22843 -0.0754897 0.122545
9.62113 -0.0754897 -0.722677
10.0138 -0.0754897 0.326042
10.4065 -0.0754897 0.966525
10.7992 -0.0754897 -0.143482
11.1919 -0.0754897 -0.250184
11.5846 -0.0754897 -0.352622
11.9773 -0.0754897 0.151141
12.37 -0.0754897 0.562903
12.7627 -0.0754897 0.153827
13.1554 -0.0754897 0.408283
13.5481 -0.0754897 0.0316985

-0.981748 0.0754897 -0.487306
-0.589049 0.0754897 0.0898822
-0.19635 0.0754897 0.15811
0.19635 0.0754897 0.372996
0.589049 0.0754897 0.785526
0.981748 0.0754897 -0.524476
1.37445 0.0754897 0.112473
1.76715 0.0754897 -0.583626
2.15984 0.0754897 -0.27495
2.55254 0.0754897 0.790211
2.94524 0.0754897 0.195093
3.33794 0.0754897 -0.371829
3.73064 0.0754897 -0.275863
4.12334 0.0754897 -0.570255
4.51604 0.0754897 -0.230714
4.90874 0.0754897 0.48428
5.30144 0.0754897 0.201796
5.69414 0.0754897 0.15309
6.08684 0.0754897 0.293774
6.47953 0.0754897 -0.165535
6.87223 0.0754897 -0.0386658
7.26493 0.0754897 0.0977405
7.65763 0.0754897 -0.0672971
8.05033 0.0754897 0.487983
8.44303 0.0754897 -0.299946
8.83573 0.0754897 -0.70377
9.22843 0.0754897 0.453847
9.62113 0.0754897 -0.22412
10.0138 0.0754897 -0.515562
10.4065 0.0754897 0.372053
10.7992 0.0754897 0.000590874
11.1919 0.0754897 0.296854
11.5846 0.0754897 -0.487306
11.9773 0.0754897 0.0898822
12.37 0.0754897 0.15811
12.7627 0.0754897 0.372996
13.1554 0.0754897 0.785526
13.5481 0.0754897 -0.524476

-0.981748 0.223212 -0.209041
-0.589049 0.223212 0.00372234
-0.19635 0.223212 0.024576
0.19635 0.223212 0.625282
0.589049 0.223212 1.1171
0.981748 0.223212 -0.946687
1.37445 0.223212 -0.347118
1.76715 0.223212 0.561828
2.15984 0.223212 -0.222469
2.55254 0.223212 0.568555
2.94524 0.223212 0.260207
3.33794 0.223212 -0.765697
3.73064 0.223212 -0.0324963
4.12334 0.223212 -0.782911
4.51604 0.223212 -0.0221739
4.90874 0.223212 0.619057
5.30144 0.223212 -0.179518
5.69414 0.223212 0.664799
6.08684 0.223212 0.464877
6.47953 0.223212 -0.480186
6.87223 0.223212 -0.307555
7.26493 0.223212 0.337186
7.65763 0.223212 -0.44815
8.05033 0.223212 0.214841
8.44303 0.223212 0.424214
8.83573 0.223212 -0.794737
9.22843 0.223212 0.244648
9.62113 0.223212 0.5697
10.0138 0.223212 -0.531713
10.4065 0.223212 -0.250666
10.7992 0.223212 -0.226334
11.1919 0.223212 -0.146308
11.5846 0.223212 -0.209041
11.9773 0.223212 0.00372234
12.37 0.223212 0.024576
12.7627 0.223212 0.625282
13.1554 0.223212 1.1171
13.5481 0.223212 -0.946687

-0.981748 0.361703 -0.870547
-0.589049 0.361703 0.509976
-0.19635 0.361703 0.0240138
0.19635 0.361703 -0.0802037
0.589049 0.361703 0.930182
0.981748 0.361703 -0.459186
1.37445 0.361703 -0.25205
1.76715 0.361703 0.596754
2.15984 0.361703 0.199345
2.55254 0.361703 -0.357286
2.94524 0.361703 -0.802956
3.33794 0.361703 -0.063696
3.73064 0.361703 0.264158
4.12334 0.361703 -0.662098
4.51604 0.361703 0.128088
4.90874 0.361703 0.281275
5.30144 0.361703 0.289111
5.69414 0.361703 0.432125
6.08684 0.361703 -0.896214
6.47953 0.361703 -0.415829
6.87223 0.361703 0.782048
7.26493 0.361703 -0.0398355
7.65763 0.361703 -0.23864
8.05033 0.361703 0.309933
8.44303 0.361703 0.127732
8.83573 0.361703 0.305315
9.22843 0.361703 0.173046
9.62113 0.361703 0.0983382
10.0138 0.361703 -0.154149
10.4065 0.361703 -0.45836
10.7992 0.361703 0.256188
11.1919 0.361703 -0.0390534
11.5846 0.361703 -0.870547
11.9773 0.361703 0.509976
12.37 0.361703 0.0240138
12.7627 0.361703 -0.0802037
13.1554 0.361703 0.930182
13.5481 0.361703 -0.459186

-0.981748 0.486425 -1.12989
-0.589049 0.486425 0.219343
-0.19635 0.486425 0.481723
0.19635 0.486425 0.373771
0.589049 0.486425 0.732718
0.981748 0.486425 -0.355442
1.37445 0.486425 0.0165434
1.76715 0.486425 0.272559
2.15984 0.486425 0.0367573
2.55254 0.486425 -0.441703
2.94524 0.486425 -0.149066
3.33794 0.486425 -0.242494
3.73064 0.486425 -0.251636
4.12334 0.486425 -0.0307805
4.51604 0.486425 -0.332537
4.90874 0.486425 0.0426554
5.30144 0.486425 0.253088
5.69414 0.486425 0.741591
6.08684 0.486425 -0.660411
6.47953 0.486425 -0.860469
6.87223 0.486425 1.15448
7.26493 0.486425 0.141801
7.65763 0.486425 -0.307601
8.05033 0.486425 0.0766486
8.44303 0.486425 -0.143387
8.83573 0.486425 0.000957257
9.22843 0.486425 0.0997648
9.62113 0.486425 0.604362
10.0138 0.486425 0.168165
10.4065 0.486425 -0.468469
10.7992 0.486425 0.0249863
11.1919 0.486425 0.00938931
11.5846 0.486425 -1.12989
11.9773 0.486425 0.219343
12.37 0.486425 0.481723
12.7627 0.486425 0.373771
13.1554 0.486425 0.732718
13.5481 0.486425 -0.355442

-0.981748 0.594734 -0.246981
-0.589049 0.594734 0.291803
-0.19635 0.594734 0.220404
0.19635 0.594734 0.360417
0.589049 0.594734 0.487292
0.981748 0.594734 -0.614912
1.37445 0.594734 0.067001
1.76715 0.594734 0.647052
2.15984 0.594734 -0.139593
2.55254 0.594734 -0.213387
2.94524 0.594734 -0.216027
3.33794 0.594734 -0.211474
3.73064 0.594734 -0.215628
4.12334 0.594734 -0.196218
4.51604 0.594734 -0.00103955
4.90874 0.594734 0.194834
5.30144 0.594734 0.384713
5.69414 0.594734 0.0232207
6.08684 0.594734 -0.272073
6.47953 0.594734 -0.0896347
6.87223 0.594734 0.357455
7.26493 0.594734 0.216536
7.65763 0.594734 -0.0737408
8.05033 0.594734 -0.251283
8.44303 0.594734 -0.241146
8.83573 0.594734 -0.00697228
9.22843 0.594734 -0.178511
9.62113 0.594734 0.0898592
10.0138 0.594734 0.635116
10.4065 0.594734 -0.264653
10.7992 0.594734 -0.528533
11.1919 0.594734 0.0598373
11.5846 0.594734 -0.246981
11.9773 0.594734 0.291803
12.37 0.594734 0.220404
12.7627 0.594734 0.360417
13.1554 0.594734 0.487292
13.5481 0.594734 -0.614912

-0.981748 0.685849 0.208888
-0.589049 0.685849 0.279898
-0.19635 0.685849 0.0448007
0.19635 0.685849 0.471692
0.589049 0.685849 -0.00821039
0.981748 0.685849 -0.626404
1.37445 0.685849 0.298683
1.76715 0.685849 0.535849
2.15984 0.685849 -0.279869
2.55254 0.685849 -0.318035
2.94524 0.685849 -0.188925
3.33794 0.685849 -0.482985
3.73064 0.685849 -0.118597
4.12334 0.685849 0.343887
4.51604 0.685849 -0.0483984
4.90874 0.685849 0.192347
5.30144 0.685849 0.686552
5.69414 0.685849 -0.424913
6.08684 0.685849 -0.476212
6.47953 0.685849 0.252706
6.87223 0.685849 0.176524
7.26493 0.685849 0.237538
7.65763 0.685849 -0.0638941
8.05033 0.685849 -0.330626
8.44303 0.685849 -0.0162761
8.83573 0.685849 -0.0441005
9.22843 0.685849 -0.182697
9.62113 0.685849 0.016359
10.0138 0.685849 0.438139
10.4065 0.685849 -0.0993571
10.7992 0.685849 -0.448797
11.1919 0.685849 -0.0605515
11.5846 0.685849 0.208888
11.9773 0.685849 0.279898
12.37 0.685849 0.0448007
12.7627 0.685849 0.471692
13.1554 0.685849 -0.00821039
13.5481 0.685849 -0.626404

-0.981748 0.760465 0.231769
-0.589049 0.760465 0.307347
-0.19635 0.760465 0.10622
0.19635 0.760465 0.497902
0.589049 0.760465 -0.227069
0.981748 0.760465 -0.535476
1.37445 0.760465 -0.0384755
1.76715 0.760465 0.33166
2.15984 0.760465 0.238458
2.55254 0.760465 -0.164094
2.94524 0.760465 -0.432674
3.33794 0.760465 -0.153018
3.73064 0.760465 0.152688
4.12334 0.760465 -0.00480499
4.51604 0.760465 -0.208384
4.90874 0.760465 0.313333
5.30144 0.760465 0.767125
5.69414 0.760465 -0.32713
6.08684 0.760465 -0.478634
6.47953 0.760465 0.307299
6.87223 0.760465 0.119124
7.26493 0.760465 0.0477044
7.65763 0.760465 -0.255079
8.05033 0.760465 -0.216484
8.44303 0.760465 0.227834
8.83573 0.760465 -0.206277
9.22843 0.760465 -0.236534
9.62113 0.760465 0.460433
10.0138 0.760465 0.0461037
10.4065 0.760465 -0.290157
10.7992 0.760465 -0.0180026
11.1919 0.760465 -0.309896
11.5846 0.760465 0.231769
11.9773 0.760465 0.307347
12.37 0.760465 0.10622
12.7627 0.760465 0.497902
13.1554 0.760465 -0.227069
13.5481 0.760465 -0.535476

-0.981748 0.820231 0.114773
-0.589049 0.820231 0.226666
-0.19635 0.820231 0.212693
0.19635 0.820231 0.344904
0.589049 0.820231 -0.191566
0.981748 0.820231 -0.513515
1.37445 0.820231 -0.0866002
1.76715 0.820231 0.375543
2.15984 0.820231 -0.00436999
2.55254 0.820231 -0.139766
2.94524 0.820231 -0.350971
3.33794 0.820231 -0.0923526
3.73064 0.820231 0.213879
4.12334 0.820231 0.122983
4.51604 0.820231 -0.145676
4.90874 0.820231 0.0146478
5.30144 0.820231 0.754932
5.69414 0.820231 -0.20465
6.08684 0.820231 -0.453599
6.47953 0.820231 0.30819
6.87223 0.820231 -0.0322678
7.26493 0.820231 0.215053
7.65763 0.820231 -0.174465
8.05033 0.820231 -0.262499
8.44303 0.820231 0.219174
8.83573 0.820231 -0.301102
9.22843 0.820231 -0.219612
9.62113 0.820231 0.510294
10.0138 0.820231 0.0460822
10.4065 0.820231 -0.362411
10.7992 0.820231 0.0608084
11.1919 0.820231 -0.227858
11.5846 0.820231 0.114773
11.9773 0.820231 0.226666
12.37 0.820231 0.212693
12.7627 0.820231 0.344904
13.1554 0.820231 -0.191566
13.5481 0.820231 -0.513515

-0.981748 0.867255 -0.0168014
-0.589049 0.867255 0.210141
-0.19635 0.867255 0.189895
0.19635 0.867255 0.265558
0.589049 0.867255 -0.185451
0.981748 0.867255 -0.396803
1.37445 0.867255 -0.0441759
1.76715 0.867255 0.317158
2.15984 0.867255 0.0417121
2.55254 0.867255 -0.0349975
2.94524 0.867255 -0.294196
3.33794 0.867255 -0.0828072
3.73064 0.867255 0.16399
4.12334 0.867255 0.0139052
4.51604 0.867255 -0.163293
4.90874 0.867255 -0.0166957
5.30144 0.867255 0.738159
5.69414 0.867255 -0.119894
6.08684 0.867255 -0.383673
6.47953 0.867255 0.177405
6.87223 0.867255 -0.0709473
7.26493 0.867255 0.360641
7.65763 0.867255 -0.140311
8.05033 0.867255 -0.352643
8.44303 0.867255 0.31031
8.83573 0.867255 -0.223364
9.22843 0.867255 -0.285893
9.62113 0.867255 0.468481
10.0138 0.867255 0.047357
10.4065 0.867255 -0.264812
10.7992 0.867255 0.0870466
11.1919 0.867255 -0.346399
11.5846 0.867255 -0.0168014
11.9773 0.867255 0.210141
12.37 0.867255 0.189895
12.7627 0.867255 0.265558
13.1554 0.867255 -0.185451
13.5481 0.867255 -0.396803

-0.981748 0.903736 -0.0677228
-0.589049 0.903736 0.225059
-0.19635 0.903736 0.184947
0.19635 0.903736 0.236731
0.589049 0.903736 -0.0836592
0.981748 0.903736 -0.369031
1.37445 0.903736 -0.0723079
1.76715 0.903736 0.321211
2.15984 0.903736 0.0794583
2.55254 0.903736 -0.0839106
2.94524 0.903736 -0.288356
3.33794 0.903736 -0.0379338
3.73064 0.903736 0.172843
4.12334 0.903736 0.051792
4.51604 0.903736 -0.191434
4.90874 0.903736 -0.120133
5.30144 0.903736 0.616338
5.69414 0.903736 -0.0140307
6.08684 0.903736 -0.32443
6.47953 0.903736 0.0601764
6.87223 0.903736 -0.0510435
7.26493 0.903736 0.405779
7.65763 0.903736 -0.0643478
8.05033 0.903736 -0.40301
8.44303 0.903736 0.214074
8.83573 0.903736 -0.0958595
9.22843 0.903736 -0.209794
9.62113 0.903736 0.335382
10.0138 0.903736 0.0882976
10.4065 0.903736 -0.143007
10.7992 0.903736 0.0492251
11.1919 0.903736 -0.392431
11.5846 0.903736 -0.0677228
11.9773 0.903736 0.225059
12.37 0.903736 0.184947
12.7627 0.903736 0.236731
13.1554 0.903736 -0.0836592
13.5481 0.903736 -0.369031

-0.981748 0.931728 -0.103715
-0.589049 0.931728 0.18023
-0.19635 0.931728 0.199129
0.19635 0.931728 0.195766
0.589049 0.931728 -0.117518
0.981748 0.931728 -0.301772
1.37445 0.931728 -0.0422111
1.76715 0.931728 0.289506
2.15984 0.931728 0.0943703
2.55254 0.931728 -0.143601
2.94524 0.931728 -0.308903
3.33794 0.931728 0.0317674
3.73064 0.931728 0.177167
4.12334 0.931728 0.0547858
4.51604 0.931728 -0.165443
4.90874 0.931728 -0.0680492
5.30144 0.931728 0.521879
5.69414 0.931728 -0.0317208
6.08684 0.931728 -0.284443
6.47953 0.931728 0.0217465
6.87223 0.931728 -0.0137256
7.26493 0.931728 0.419139
7.65763 0.931728 -0.0628703
8.05033 0.931728 -0.395223
8.44303 0.931728 0.143554
8.83573 0.931728 -0.0735334
9.22843 0.931728 -0.187951
9.62113 0.931728 0.263155
10.0138 0.931728 0.0971715
10.4065 0.931728 -0.103315
10.7992 0.931728 -0.0118913
11.1919 0.931728 -0.340082
11.5846 0.931728 -0.103715
11.9773 0.931728 0.18023
12.37 0.931728 0.199129
12.7627 0.931728 0.195766
13.1554 0.931728 -0.117518
13.5481 0.931728 -0.301772

-0.981748 0.953025 -0.0467323
-0.589049 0.953025 0.142043
-0.19635 0.953025 0.207245
0.19635 0.953025 0.188124
0.589049 0.953025 -0.114804
0.981748 0.953025 -0.28392
1.37445 0.953025 0.0051081
1.76715 0.953025 0.264385
2.15984 0.953025 0.0667274
2.55254 0.953025 -0.135087
2.94524 0.953025 -0.298621
3.33794 0.953025 0.0387142
3.73064 0.953025 0.177182
4.12334 0.953025 0.0287292
4.51604 0.953025 -0.172104
4.90874 0.953025 -0.0708175
5.30144 0.953025 0.482657
5.69414 0.953025 -0.0388671
6.08684 0.953025 -0.287381
6.47953 0.953025 0.0336862
6.87223 0.953025 -0.00128907
7.26493 0.953025 0.399774
7.65763 0.953025 -0.0573044
8.05033 0.953025 -0.375246
8.44303 0.953025 0.124507
8.83573 0.953025 -0.0526495
9.22843 0.953025 -0.156047
9.62113 0.953025 0.220585
10.0138 0.953025 0.0914646
10.4065 0.953025 -0.100127
10.7992 0.953025 -0.0597209
11.1919 0.953025 -0.308133
11.5846 0.953025 -0.0467323
11.9773 0.953025 0.142043
12.37 0.953025 0.207245
12.7627 0.953025 0.188124
13.1554 0.953025 -0.114804
13.5481 0.953025 -0.28392

-0.981748 0.969125 -0.0544874
-0.589049 0.969125 0.143089
-0.19635 0.969125 0.215967
0.19635 0.969125 0.206016
0.589049 0.969125 -0.10966
0.981748 0.969125 -0.283094
1.37445 0.969125 -0.0264009
1.76715 0.969125 0.265916
2.15984 0.969125 0.0866392
2.55254 0.969125 -0.120182
2.94524 0.969125 -0.265581
3.33794 0.969125 0.0490413
3.73064 0.969125 0.159993
4.12334 0.969125 0.0394981
4.51604 0.969125 -0.146368
4.90874 0.969125 -0.0644829
5.30144 0.969125 0.470242
5.69414 0.969125 -0.0280735
6.08684 0.969125 -0.305968
6.47953 0.969125 0.0377734
6.87223 0.969125 0.0206359
7.26493 0.969125 0.396936
7.65763 0.969125 -0.0462301
8.05033 0.969125 -0.340214
8.44303 0.969125 0.115831
8.83573 0.969125 -0.0568479
9.22843 0.969125 -0.12328
9.62113 0.969125 0.21834
10.0138 0.969125 0.102711
10.4065 0.969125 -0.118224
10.7992 0.969125 -0.0949263
11.1919 0.969125 -0.306117
11.5846 0.969125 -0.0544874
11.9773 0.969125 0.143089
12.37 0.969125 0.215967
12.7627 0.969125 0.206016
13.1554 0.969125 -0.10966
13.5481 0.969125 -0.283094

-0.981748 0.981237 -0.0367696
-0.589049 0.981237 0.151725
-0.19635 0.981237 0.23209
0.19635 0.981237 0.189779
0.589049 0.981237 -0.101657
0.981748 0.981237 -0.279537
1.37445 0.981237 -0.0356517
1.76715 0.981237 0.271301
2.15984 0.981237 0.0799577
2.55254 0.981237 -0.120162
2.94524 0.981237 -0.254602
3.33794 0.981237 0.0261604
3.73064 0.981237 0.169549
4.12334 0.981237 0.0607209
4.51604 0.981237 -0.152466
4.90874 0.981237 -0.052632
5.30144 0.981237 0.468271
5.69414 0.981237 -0.0288565
6.08684 0.981237 -0.289772
6.47953 0.981237 0.0260065
6.87223 0.981237 0.00871314
7.26493 0.981237 0.373333
7.65763 0.981237 -0.0428278
8.05033 0.981237 -0.341664
8.44303 0.981237 0.116968
8.83573 0.981237 -0.0641807
9.22843 0.981237 -0.124807
9.62113 0.981237 0.20013
10.0138 0.981237 0.0888932
10.4065 0.981237 -0.106945
10.7992 0.981237 -0.0913668
11.1919 0.981237 -0.297602
11.5846 0.981237 -0.0367696
11.9773 0.981237 0.151725
12.37 0.981237 0.23209
12.7627 0.981237 0.189779
13.1554 0.981237 -0.101657
13.5481 0.981237 -0.279537

-0.981748 0.990315 -0.045247
-0.589049 0.990315 0.137612
-0.19635 0.990315 0.221185
0.19635 0.990315 0.19564
0.589049 0.990315 -0.130891
0.981748 0.990315 -0.272309
1.37445 0.990315 -0.0248164
1.76715 0.990315 0.27891
2.15984 0.990315 0.0841945
2.55254 0.990315 -0.119396
2.94524 0.990315 -0.265402
3.33794 0.990315 0.0282979
3.73064 0.990315 0.153491
4.12334 0.990315 0.0565117
4.51604 0.990315 -0.176084
4.90874 0.990315 -0.0742037
5.30144 0.990315 0.446961
5.69414 0.990315 -0.0218462
6.08684 0.990315 -0.286169
6.47953 0.990315 0.0316576
6.87223 0.990315 0.0323342
7.26493 0.990315 0.37013
7.65763 0.990315 -0.0442263
8.05033 0.990315 -0.326034
8.44303 0.990315 0.117906
8.83573 0.990315 -0.0648351
9.22843 0.990315 -0.120923
9.62113 0.990315 0.186704
10.0138 0.990315 0.0878845
10.4065 0.990315 -0.0974499
10.7992 0.990315 -0.0821547
11.1919 0.990315 -0.295755
11.5846 0.990315 -0.045247
11.9773 0.990315 0.137612
12.37 0.990315 0.221185
12.7627 0.990315 0.19564
13.1554 0.990315 -0.130891
13.5481 0.990315 -0.272309

-0.981748 0.9971 -0.0214363
-0.589049 0.9971 0.118366
-0.19635 0.9971 0.225076
0.19635 0.9971 0.184713
0.589049 0.9971 -0.122775
0.981748 0.9971 -0.275709
1.37445 0.9971 -0.0371731
1.76715 0.9971 0.272776
2.15984 0.9971 0.102753
2.55254 0.9971 -0.115906
2.94524 0.9971 -0.272801
3.33794 0.9971 0.0360954
3.73064 0.9971 0.151717
4.12334 0.9971 0.0487585
4.51604 0.9971 -0.155248
4.90874 0.9971 -0.0720948
5.30144 0.9971 0.462267
5.69414 0.9971 -0.0129653
6.08684 0.9971 -0.303541
6.47953 0.9971 0.0233843
6.87223 0.9971 0.0160003
7.26493 0.9971 0.3714
7.65763 0.9971 -0.0483149
8.05033 0.9971 -0.32625
8.44303 0.9971 0.11252
8.83573 0.9971 -0.0527016
9.22843 0.9971 -0.122444
9.62113 0.9971 0.183751
10.0138 0.9971 0.0823792
10.4065 0.9971 -0.111997
10.7992 0.9971 -0.0799718
11.1919 0.9971 -0.310439
11.5846 0.9971 -0.0214363
11.9773 0.9971 0.118366
12.37 0.9971 0.225076
12.7627 0.9971 0.184713
13.1554 0.9971 -0.122775
13.5481 0.9971 -0.275709

-0.981748 1.0029 0.0214363
-0.589049 1.0029 -0.118366
-0.19635 1.0029 -0.225076
0.19635 1.0029 -0.184713
0.589049 1.0029 0.122775
0.981748 1.0029 0.275709
1.37445 1.0029 0.0371731
1.76715 1.0029 -0.272776
2.15984 1.0029 -0.102753
2.55254 1.0029 0.115906
2.94524 1.0029 0.272801
3.33794 1.0029 -0.0360954
3.73064 1.0029 -0.151717
4.12334 1.0029 -0.0487585
4.51604 1.0029 0.155248
4.90874 1.0029 0.0720948
5.30144 1.0029 -0.462267
5.69414 1.0029 0.0129653
6.08684 1.0029 0.303541
6.47953 1.0029 -0.0233843
6.87223 1.0029 -0.0160003
7.26493 1.0029 -0.3714
7.65763 1.0029 0.0483149
8.05033 1.0029 0.32625
8.44303 1.0029 -0.11252
8.83573 1.0029 0.0527016
9.22843 1.0029 0.122444
9.62113 1.0029 -0.183751
10.0138 1.0029 -0.0823792
10.4065 1.0029 0.111997
10.7992 1.0029 0.0799718
11.1919 1.0029 0.310439
11.5846 1.0029 0.0214363
11.9773 1.0029 -0.118366
12.37 1.0029 -0.225076
12.7627 1.0029 -0.184713
13.1554 1.0029 0.122775
13.5481 1.0029 0.275709

