-0.981748 -1.0029 0.0157272
-0.589049 -1.0029 -0.00019565
-0.19635 -1.0029 -0.0221867
0.19635 -1.0029 -0.0441387
0.589049 -1.0029 -0.0542842
0.981748 -1.0029 0.000916209
1.37445 -1.0029 -0.00282068
1.76715 -1.0029 -0.0415048
2.15984 -1.0029 0.0331392
2.55254 -1.0029 -0.0081797
2.94524 -1.0029 -0.00453249
3.33794 -1.0029 0.0177277
3.73064 -1.0029 0.0205116
4.12334 -1.0029 -0.0521788
4.51604 -1.0029 -0.0204624
4.90874 -1.0029 -0.00198441
5.30144 -1.0029 0.0196238
5.69414 -1.0029 -0.0220937
6.08684 -1.0029 -0.0788996
6.47953 -1.0029 -0.00790749
6.87223 -1.0029 -0.0283516
7.26493 -1.0029 -0.00689752
7.65763 -1.0029 0.0257839
8.05033 -1.0029 -0.000386502
8.44303 -1.0029 -0.0113015
8.83573 -1.0029 0.0021127
9.22843 -1.0029 0.00327377
9.62113 -1.0029 0.0116663
10.0138 -1.0029 -0.00621842
10.4065 -1.0029 0.00973205
10.7992 -1.0029 -0.0171623
11.1919 -1.0029 -0.0079443
11.5846 -1.0029 0.0157272
11.9773 -1.0029 -0.00019565
12.37 -1.0029 -0.0221867
12.7627 -1.0029 -0.0441387
13.1554 -1.0029 -0.0542842
13.5481 -1.0029 0.000916209

-0.981748 -0.9971 0.019441
-0.589049 -0.9971 -0.00479203
-0.19635 -0.9971 -0.0157425
0.19635 -0.9971 0.0121781
0.589049 -0.9971 -0.0341768
0.981748 -0.9971 0.000552263
1.37445 -0.9971 -0.0152515
1.76715 -0.9971 -0.0039607
2.15984 -0.9971 -0.0182927
2.55254 -0.9971 0.0269147
2.94524 -0.9971 0.0236817
3.33794 -0.9971 0.0272573
3.73064 -0.9971 0.000816338
4.12334 -0.9971 -0.017931
4.51604 -0.9971 0.0543751
4.90874 -0.9971 0.0170891
5.30144 -0.9971 0.00561405
5.69414 -0.9971 0.00865122
6.08684 -0.9971 -0.028788
6.47953 -0.9971 -0.0156295
6.87223 -0.9971 -0.00419621
7.26493 -0.9971 0.0441867
7.65763 -0.9971 -0.00993156
8.05033 -0.9971 0.0444274
8.44303 -0.9971 0.0409131
8.83573 -0.9971 0.00989945
9.22843 -0.9971 -0.00848704
9.62113 -0.9971 -0.06918
10.0138 -0.9971 -0.00449927
10.4065 -0.9971 0.0327494
10.7992 -0.9971 -0.00861791
11.1919 -0.9971 -0.0306619
11.5846 -0.9971 0.019441
11.9773 -0.9971 -0.00479203
12.37 -0.9971 -0.0157425
12.7627 -0.9971 0.0121781
13.1554 -0.9971 -0.0341768
13.5481 -0.9971 0.000552263

-0.981748 -0.990315 0.0300281
-0.589049 -0.990315 0.0815045
-0.19635 -0.990315 0.00732218
0.19635 -0.990315 -0.0360265
0.589049 -0.990315 0.00376259
0.981748 -0.990315 0.0304564
1.37445 -0.990315 0.0307027
1.76715 -0.990315 -0.0214803
2.15984 -0.990315 0.0188088
2.55254 -0.990315 0.00169245
2.94524 -0.990315 -0.0586082
3.33794 -0.990315 -0.0204427
3.73064 -0.990315 0.0104649
4.12334 -0.990315 -0.0515711
4.51604 -0.990315 -0.0166377
4.90874 -0.990315 -0.0514446
5.30144 -0.990315 -0.0174492
5.69414 -0.990315 0.0498489
6.08684 -0.990315 -0.00166065
6.47953 -0.990315 0.0383799
6.87223 -0.990315 0.0396843
7.26493 -0.990315 0.0163473
7.65763 -0.990315 -0.0556013
8.05033 -0.990315 -0.0282962
8.44303 -0.990315 -0.0142277
8.83573 -0.990315 -0.0255859
9.22843 -0.990315 0.00858269
9.62113 -0.990315 0.0376664
10.0138 -0.990315 -0.00808087
10.4065 -0.990315 -0.0176762
10.7992 -0.990315 -0.00709456
11.1919 -0.990315 0.0153172
11.5846 -0.990315 0.0300281
11.9773 -0.990315 0.0815045
12.37 -0.990315 0.00732218
12.7627 -0.990315 -0.0360265
13.1554 -0.990315 0.00376259
13.5481 -0.990315 0.0304564

-0.981748 -0.981237 0.00828643
-0.589049 -0.981237 -0.0165347
-0.19635 -0.981237 -0.0418636
0.19635 -0.981237 -0.00170682
0.589049 -0.981237 0.0188224
0.981748 -0.981237 -0.0114122
1.37445 -0.981237 0.0133786
1.76715 -0.981237 -0.0207328
2.15984 -0.981237 -0.0191112
2.55254 -0.981237 -0.0174018
2.94524 -0.981237 -0.0480726
3.33794 -0.981237 -0.00230196
3.73064 -0.981237 0.00775158
4.12334 -0.981237 -0.013052
4.51604 -0.981237 0.037021
4.90874 -0.981237 0.0105749
5.30144 -0.981237 -0.00457354
5.69414 -0.981237 0.0337108
6.08684 -0.981237 -0.0144511
6.47953 -0.981237 -0.0185816
6.87223 -0.981237 -0.0025979
7.26493 -0.981237 0.016163
7.65763 -0.981237 -0.0633098
8.05033 -0.981237 -0.00523697
8.44303 -0.981237 0.00527589
8.83573 -0.981237 -0.00231379
9.22843 -0.981237 0.0426555
9.62113 -0.981237 0.0207754
10.0138 -0.981237 0.0340603
10.4065 -0.981237 -0.0277946
10.7992 -0.981237 -0.0364341
11.1919 -0.981237 -0.0393379
11.5846 -0.981237 0.00828643
11.9773 -0.981237 -0.0165347
12.37 -0.981237 -0.0418636
12.7627 -0.981237 -0.00170682
13.1554 -0.981237 0.0188224
13.5481 -0.981237 -0.0114122

-0.981748 -0.969125 0.0329686
-0.589049 -0.969125 0.0111808
-0.19635 -0.969125 -0.000236225
0.19635 -0.969125 0.00652936
0.589049 -0.969125 0.0192441
0.981748 -0.969125 0.000515988
1.37445 -0.969125 0.0115843
1.76715 -0.969125 -0.0185505
2.15984 -0.969125 -0.0174499
2.55254 -0.969125 -0.00622345
2.94524 -0.969125 -0.0119199
3.33794 -0.969125 -0.0241515
3.73064 -0.969125 -0.000387856
4.12334 -0.969125 0.0306562
4.51604 -0.969125 0.0227307
4.90874 -0.969125 -0.0116451
5.30144 -0.969125 -0.0198952
5.69414 -0.969125 0.00627539
6.08684 -0.969125 0.0224635
6.47953 -0.969125 -0.0222062
6.87223 -0.969125 -0.0226921
7.26493 -0.969125 -0.0466384
7.65763 -0.969125 -0.0284698
8.05033 -0.969125 -0.0403768
8.44303 -0.969125 -0.0500681
8.83573 -0.969125 -8.58487e-05
9.22843 -0.969125 -0.0501011
9.62113 -0.969125 -0.032351
10.0138 -0.969125 -0.0058344
10.4065 -0.969125 -0.00221068
10.7992 -0.969125 0.0422414
11.1919 -0.969125 0.033643
11.5846 -0.969125 0.0329686
11.9773 -0.969125 0.0111808
12.37 -0.969125 -0.000236225
12.7627 -0.969125 0.00652936
13.1554 -0.969125 0.0192441
13.5481 -0.969125 0.000515988

-0.981748 -0.953025 -0.0348256
-0.589049 -0.953025 -0.0263836
-0.19635 -0.953025 0.00976682
0.19635 -0.953025 -0.0102339
0.589049 -0.953025 0.0197938
0.981748 -0.953025 -0.0240102
1.37445 -0.953025 0.00777563
1.76715 -0.953025 0.0538523
2.15984 -0.953025 0.0131321
2.55254 -0.953025 0.00656647
2.94524 -0.953025 0.0116251
3.33794 -0.953025 -0.0176273
3.73064 -0.953025 -0.0548708
4.12334 -0.953025 0.00382989
4.51604 -0.953025 -0.0258298
4.90874 -0.953025 -0.000756218
5.30144 -0.953025 0.00887936
5.69414 -0.953025 -0.0410454
6.08684 -0.953025 -0.0287341
6.47953 -0.953025 0.0292892
6.87223 -0.953025 0.0121066
7.26493 -0.953025 -0.0149913
7.65763 -0.953025 -0.0192997
8.05033 -0.953025 -0.0141499
8.44303 -0.953025 -0.00568388
8.83573 -0.953025 -0.0312225
9.22843 -0.953025 0.0210829
9.62113 -0.953025 0.0119558
10.0138 -0.953025 -0.0213029
10.4065 -0.953025 -0.0366848
10.7992 -0.953025 0.0126657
11.1919 -0.953025 0.0705913
11.5846 -0.953025 -0.0348256
11.9773 -0.953025 -0.0263836
12.37 -0.953025 0.00976682
12.7627 -0.953025 -0.0102339
13.1554 -0.953025 0.0197938
13.5481 -0.953025 -0.0240102

-0.981748 -0.931728 0.0490138
-0.589049 -0.931728 0.0111095
-0.19635 -0.931728 0.021551
0.19635 -0.931728 0.0138743
0.589049 -0.931728 0.0311366
0.981748 -0.931728 -0.0217504
1.37445 -0.931728 0.0106162
1.76715 -0.931728 -0.00824415
2.15984 -0.931728 -0.0645245
2.55254 -0.931728 -0.0308853
2.94524 -0.931728 -0.00581103
3.33794 -0.931728 -0.0273135
3.73064 -0.931728 -0.00696886
4.12334 -0.931728 -0.026093
4.51604 -0.931728 0.00733862
4.90874 -0.931728 0.00565516
5.30144 -0.931728 0.0201438
5.69414 -0.931728 0.0169263
6.08684 -0.931728 0.0411273
6.47953 -0.931728 0.0121931
6.87223 -0.931728 -0.02718
7.26493 -0.931728 -0.00468585
7.65763 -0.931728 -0.0250968
8.05033 -0.931728 0.0103858
8.44303 -0.931728 -0.00842163
8.83573 -0.931728 0.0226954
9.22843 -0.931728 0.0259836
9.62113 -0.931728 0.0122191
10.0138 -0.931728 0.0142448
10.4065 -0.931728 -0.00820967
10.7992 -0.931728 0.059055
11.1919 -0.931728 0.0847526
11.5846 -0.931728 0.0490138
11.9773 -0.931728 0.0111095
12.37 -0.931728 0.021551
12.7627 -0.931728 0.0138743
13.1554 -0.931728 0.0311366
13.5481 -0.931728 -0.0217504

-0.981748 -0.903736 -0.0514932
-0.589049 -0.903736 0.0121188
-0.19635 -0.903736 0.0163493
0.19635 -0.903736 0.00427392
0.589049 -0.903736 0.0175934
0.981748 -0.903736 0.0312426
1.37445 -0.903736 0.0177877
1.76715 -0.903736 -0.0138543
2.15984 -0.903736 -0.0242496
2.55254 -0.903736 -0.0126127
2.94524 -0.903736 0.0577505
3.33794 -0.903736 0.0005878
3.73064 -0.903736 0.00896949
4.12334 -0.903736 -0.0149321
4.51604 -0.903736 -0.0328002
4.90874 -0.903736 0.0355487
5.30144 -0.903736 -0.0361117
5.69414 -0.903736 -0.053652
6.08684 -0.903736 0.0228113
6.47953 -0.903736 -0.0347581
6.87223 -0.903736 -0.00558211
7.26493 -0.903736 0.0515846
7.65763 -0.903736 -0.0377811
8.05033 -0.903736 0.00293252
8.44303 -0.903736 0.0220728
8.83573 -0.903736 0.0107541
9.22843 -0.903736 0.0243409
9.62113 -0.903736 0.00546848
10.0138 -0.903736 0.00668576
10.4065 -0.903736 0.0122869
10.7992 -0.903736 0.00884593
11.1919 -0.903736 -0.0301497
11.5846 -0.903736 -0.0514932
11.9773 -0.903736 0.0121188
12.37 -0.903736 0.0163493
12.7627 -0.903736 0.00427392
13.1554 -0.903736 0.0175934
13.5481 -0.903736 0.0312426

-0.981748 -0.867255 0.0320535
-0.589049 -0.867255 0.0247043
-0.19635 -0.867255 -0.00872937
0.19635 -0.867255 0.00104171
0.589049 -0.867255 0.0131969
0.981748 -0.867255 -0.0021936
1.37445 -0.867255 0.0164883
1.76715 -0.867255 -0.00672986
2.15984 -0.867255 -0.0277958
2.55254 -0.867255 -0.0284741
2.94524 -0.867255 0.0393548
3.33794 -0.867255 0.00870969
3.73064 -0.867255 0.0194578
4.12334 -0.867255 -0.00801791
4.51604 -0.867255 -0.0499524
4.90874 -0.867255 0.000261597
5.30144 -0.867255 -0.0197159
5.69414 -0.867255 -0.0174419
6.08684 -0.867255 0.0269821
6.47953 -0.867255 -0.0166116
6.87223 -0.867255 -0.0227754
7.26493 -0.867255 0.00621336
7.65763 -0.867255 0.0121553
8.05033 -0.867255 -0.00797801
8.44303 -0.867255 0.00766094
8.83573 -0.867255 0.0283987
9.22843 -0.867255 -0.0349155
9.62113 -0.867255 0.0016754
10.0138 -0.867255 0.0714485
10.4065 -0.867255 0.00566089
10.7992 -0.867255 0.0142472
11.1919 -0.867255 0.0106812
11.5846 -0.867255 0.0320535
11.9773 -0.867255 0.0247043
12.37 -0.867255 -0.00872937
12.7627 -0.867255 0.00104171
13.1554 -0.867255 0.0131969
13.5481 -0.867255 -0.0021936

-0.981748 -0.820231 0.000541222
-0.589049 -0.820231 0.071124
-0.19635 -0.820231 0.0275225
0.19635 -0.820231 0.0234707
0.589049 -0.820231 0.0411749
0.981748 -0.820231 0.0409663
1.37445 -0.820231 0.000390115
1.76715 -0.820231 -0.0506595
2.15984 -0.820231 0.0156033
2.55254 -0.820231 -0.0174358
2.94524 -0.820231 -0.0208404
3.33794 -0.820231 0.019657
3.73064 -0.820231 0.0165381
4.12334 -0.820231 -0.0604979
4.51604 -0.820231 -0.0362163
4.90874 -0.820231 8.50423e-05
5.30144 -0.820231 -0.045928
5.69414 -0.820231 -0.026513
6.08684 -0.820231 -0.012515
6.47953 -0.820231 0.00265899
6.87223 -0.820231 0.00615857
7.26493 -0.820231 -0.0213101
7.65763 -0.820231 0.0291612
8.05033 -0.820231 0.01321
8.44303 -0.820231 -0.0141464
8.83573 -0.820231 0.00247512
9.22843 -0.820231 -0.0187201
9.62113 -0.820231 -0.00146412
10.0138 -0.820231 0.0062692
10.4065 -0.820231 0.0116938
10.7992 -0.820231 -0.00506881
11.1919 -0.820231 -0.00400136
11.5846 -0.820231 0.000541222
11.9773 -0.820231 0.071124
12.37 -0.820231 0.0275225
12.7627 -0.820231 0.0234707
13.1554 -0.820231 0.0411749
13.5481 -0.820231 0.0409663

-0.981748 -0.760465 0.00582217
-0.589049 -0.760465 0.0363238
-0.19635 -0.760465 0.0379515
0.19635 -0.760465 -0.00914377
0.589049 -0.760465 -0.0204591
0.981748 -0.760465 0.0120355
1.37445 -0.760465 -0.00902028
1.76715 -0.760465 0.00510175
2.15984 -0.760465 -0.0221329
2.55254 -0.760465 -0.0478232
2.94524 -0.760465 0.00166888
3.33794 -0.760465 0.0267242
3.73064 -0.760465 0.0333499
4.12334 -0.760465 -0.023219
4.51604 -0.760465 -0.00558602
4.90874 -0.760465 -0.00423672
5.30144 -0.760465 -0.0276722
5.69414 -0.760465 -0.0321752
6.08684 -0.760465 -0.000125411
6.47953 -0.760465 0.034235
6.87223 -0.760465 0.0364455
7.26493 -0.760465 -0.0132842
7.65763 -0.760465 0.0156457
8.05033 -0.760465 0.00729956
8.44303 -0.760465 0.00713398
8.83573 -0.760465 0.0431715
9.22843 -0.760465 0.00769014
9.62113 -0.760465 -0.00783964
10.0138 -0.760465 -0.00220166
10.4065 -0.760465 0.00581464
10.7992 -0.760465 0.000368712
11.1919 -0.760465 0.0125154
11.5846 -0.760465 0.00582217
11.9773 -0.760465 0.0363238
12.37 -0.760465 0.0379515
12.7627 -0.760465 -0.00914377
13.1554 -0.760465 -0.0204591
13.5481 -0.760465 0.0120355

-0.981748 -0.685849 -0.00307837
-0.589049 -0.685849 0.0408961
-0.19635 -0.685849 -0.0433756
0.19635 -0.685849 -0.046228
0.589049 -0.685849 -0.026497
0.981748 -0.685849 0.0225535
1.37445 -0.685849 0.0332574
1.76715 -0.685849 0.039465
2.15984 -0.685849 0.013559
2.55254 -0.685849 -0.00334112
2.94524 -0.685849 0.0169277
3.33794 -0.685849 -0.00219985
3.73064 -0.685849 -0.023046
4.12334 -0.685849 -0.00522911
4.51604 -0.685849 0.0250318
4.90874 -0.685849 -0.00408919
5.30144 -0.685849 -0.022926
5.69414 -0.685849 0.0477139
6.08684 -0.685849 0.0325521
6.47953 -0.685849 -0.016402
6.87223 -0.685849 0.0146073
7.26493 -0.685849 -0.0103833
7.65763 -0.685849 0.00144823
8.05033 -0.685849 0.0303314
8.44303 -0.685849 -0.0108832
8.83573 -0.685849 -0.00203609
9.22843 -0.685849 0.0162335
9.62113 -0.685849 0.00961218
10.0138 -0.685849 -0.0111184
10.4065 -0.685849 -0.013963
10.7992 -0.685849 0.0236174
11.1919 -0.685849 0.0220269
11.5846 -0.685849 -0.00307837
11.9773 -0.685849 0.0408961
12.37 -0.685849 -0.0433756
12.7627 -0.685849 -0.046228
13.1554 -0.685849 -0.026497
13.5481 -0.685849 0.0225535

-0.981748 -0.594734 -0.0467074
-0.589049 -0.594734 0.00239817
-0.19635 -0.594734 0.0174473
0.19635 -0.594734 -0.0216262
0.589049 -0.594734 -0.0133857
0.981748 -0.594734 0.0128649
1.37445 -0.594734 -0.00770103
1.76715 -0.594734 0.00483785
2.15984 -0.594734 0.0321392
2.55254 -0.594734 0.0438333
2.94524 -0.594734 -0.00131028
3.33794 -0.594734 -0.00942198
3.73064 -0.594734 -0.0081207
4.12334 -0.594734 -0.00737328
4.51604 -0.594734 0.0398891
4.90874 -0.594734 -0.0298186
5.30144 -0.594734 -0.00958758
5.69414 -0.594734 0.0877784
6.08684 -0.594734 -0.0214304
6.47953 -0.594734 -0.0241181
6.87223 -0.594734 0.00902991
7.26493 -0.594734 0.020585
7.65763 -0.594734 0.00965785
8.05033 -0.594734 0.00942096
8.44303 -0.594734 0.0354972
8.83573 -0.594734 -0.0248904
9.22843 -0.594734 -0.0286262
9.62113 -0.594734 -0.0383023
10.0138 -0.594734 -0.0139689
10.4065 -0.594734 -0.00461669
10.7992 -0.594734 0.0125901
11.1919 -0.594734 -0.0102238
11.5846 -0.594734 -0.0467074
11.9773 -0.594734 0.00239817
12.37 -0.594734 0.0174473
12.7627 -0.594734 -0.0216262
13.1554 -0.594734 -0.0133857
13.5481 -0.594734 0.0128649

-0.981748 -0.486425 0.00971321
-0.589049 -0.486425 0.0278926
-0.19635 -0.486425 0.010546
0.19635 -0.486425 -0.00656755
0.589049 -0.486425 -0.0255111
0.981748 -0.486425 -0.00605201
1.37445 -0.486425 0.0624088
1.76715 -0.486425 0.0432748
2.15984 -0.486425 0.00413751
2.55254 -0.486425 -0.00865559
2.94524 -0.486425 0.0392547
3.33794 -0.486425 -1.98239e-05
3.73064 -0.486425 -0.0158054
4.12334 -0.486425 0.0183644
4.51604 -0.486425 -0.00750912
4.90874 -0.486425 -0.0183598
5.30144 -0.486425 0.00569639
5.69414 -0.486425 0.0568933
6.08684 -0.486425 -0.00331339
6.47953 -0.486425 0.0177127
6.87223 -0.486425 0.0139351
7.26493 -0.486425 -0.0146245
7.65763 -0.486425 0.00906376
8.05033 -0.486425 0.0470761
8.44303 -0.486425 0.0328984
8.83573 -0.486425 0.00932963
9.22843 -0.486425 0.0217556
9.62113 -0.486425 0.0178778
10.0138 -0.486425 0.0120691
10.4065 -0.486425 -0.016619
10.7992 -0.486425 0.0236636
11.1919 -0.486425 0.0104275
11.5846 -0.486425 0.00971321
11.9773 -0.486425 0.0278926
12.37 -0.486425 0.010546
12.7627 -0.486425 -0.00656755
13.1554 -0.486425 -0.0255111
13.5481 -0.486425 -0.00605201

-0.981748 -0.361703 -0.00259154
-0.589049 -0.361703 -0.00288941
-0.19635 -0.361703 -0.0210981
0.19635 -0.361703 -0.00438961
0.589049 -0.361703 0.00627949
0.981748 -0.361703 0.0107067
1.37445 -0.361703 0.0371918
1.76715 -0.361703 0.113303
2.15984 -0.361703 0.0329784
2.55254 -0.361703 -0.0116154
2.94524 -0.361703 0.0680691
3.33794 -0.361703 0.0715059
3.73064 -0.361703 -0.00364942
4.12334 -0.361703 0.0150338
4.51604 -0.361703 -0.0274404
4.90874 -0.361703 -0.0272167
5.30144 -0.361703 0.0199932
5.69414 -0.361703 0.0235194
6.08684 -0.361703 0.00764669
6.47953 -0.361703 -0.00607698
6.87223 -0.361703 0.0156087
7.26493 -0.361703 -0.00309402
7.65763 -0.361703 0.00172033
8.05033 -0.361703 0.0397613
8.44303 -0.361703 0.0244191
8.83573 -0.361703 -0.039612
9.22843 -0.361703 0.0214019
9.62113 -0.361703 -0.00706766
10.0138 -0.361703 -0.0421555
10.4065 -0.361703 -0.0252576
10.7992 -0.361703 -0.00703555
11.1919 -0.361703 0.0128211
11.5846 -0.361703 -0.00259154
11.9773 -0.361703 -0.00288941
12.37 -0.361703 -0.0210981
12.7627 -0.361703 -0.00438961
13.1554 -0.361703 0.00627949
13.5481 -0.361703 0.0107067

-0.981748 -0.223212 0.0437616
-0.589049 -0.223212 0.000354527
-0.19635 -0.223212 -0.00902208
0.19635 -0.223212 0.00500563
0.589049 -0.223212 0.00251872
0.981748 -0.223212 -0.0564627
1.37445 -0.223212 0.01137
1.76715 -0.223212 0.0703194
2.15984 -0.223212 0.0613182
2.55254 -0.223212 -0.0666937
2.94524 -0.223212 -0.0248783
3.33794 -0.223212 -0.009205
3.73064 -0.223212 -0.0313322
4.12334 -0.223212 0.0349015
4.51604 -0.223212 -0.0115154
4.90874 -0.223212 0.00427876
5.30144 -0.223212 0.0163721
5.69414 -0.223212 0.0138551
6.08684 -0.223212 0.0248037
6.47953 -0.223212 0.0155604
6.87223 -0.223212 -0.0082001
7.26493 -0.223212 -0.0195878
7.65763 -0.223212 -0.0247368
8.05033 -0.223212 0.02479
8.44303 -0.223212 0.0337096
8.83573 -0.223212 0.00178644
9.22843 -0.223212 0.0263954
9.62113 -0.223212 0.0216018
10.0138 -0.223212 0.000983225
10.4065 -0.223212 -0.0248177
10.7992 -0.223212 -0.0131156
11.1919 -0.223212 -0.000684068
11.5846 -0.223212 0.0437616
11.9773 -0.223212 0.000354527
12.37 -0.223212 -0.00902208
12.7627 -0.223212 0.00500563
13.1554 -0.223212 0.00251872
13.5481 -0.223212 -0.0564627

-0.981748 -0.0754897 0.00512306
-0.589049 -0.0754897 0.00908779
-0.19635 -0.0754897 -0.0593112
0.19635 -0.0754897 0.019896
0.589049 -0.0754897 0.0557436
0.981748 -0.0754897 0.0104465
1.37445 -0.0754897 0.0228401
1.76715 -0.0754897 0.0313276
2.15984 -0.0754897 -0.0114901
2.55254 -0.0754897 -0.00319044
2.94524 -0.0754897 0.00553404
3.33794 -0.0754897 -0.0270832
3.73064 -0.0754897 -0.00417868
4.12334 -0.0754897 0.0249126
4.51604 -0.0754897 0.0116137
4.90874 -0.0754897 0.0363019
5.30144 -0.0754897 0.0239363
5.69414 -0.0754897 0.0110121
6.08684 -0.0754897 -0.0137001
6.47953 -0.0754897 0.004577
6.87223 -0.0754897 -0.0216931
7.26493 -0.0754897 0.00393305
7.65763 -0.0754897 -0.00500689
8.05033 -0.0754897 0.0158723
8.44303 -0.0754897 0.0054528
8.83573 -0.0754897 -0.0378699
9.22843 -0.0754897 -0.00229985
9.62113 -0.0754897 0.0104757
10.0138 -0.0754897 0.0077215
10.4065 -0.0754897 -0.0130279
10.7992 -0.0754897 -0.013834
11.1919 -0.0754897 -0.0303608
11.5846 -0.0754897 0.00512306
11.9773 -0.0754897 0.00908779
12.37 -0.0754897 -0.0593112
12.7627 -0.0754897 0.019896
13.1554 -0.0754897 0.0557436
13.5481 -0.0754897 0.0104465

-0.981748 0.0754897 -0.0491652
-0.589049 0.0754897 -0.0147387
-0.19635 0.0754897 0.0096539
0.19635 0.0754897 -0.0129044
0.589049 0.0754897 -0.0163153
0.981748 0.0754897 0.0162981
1.37445 0.0754897 0.00419462
1.76715 0.0754897 -0.037479
2.15984 0.0754897 -0.0136741
2.55254 0.0754897 -0.000401365
2.94524 0.0754897 0.0283277
3.33794 0.0754897 0.0629029
3.73064 0.0754897 0.0543644
4.12334 0.0754897 0.0139289
4.51604 0.0754897 -0.00814893
4.90874 0.0754897 0.026388
5.30144 0.0754897 0.0317986
5.69414 0.0754897 0.0324813
6.08684 0.0754897 -0.0366639
6.47953 0.0754897 0.0198806
6.87223 0.0754897 0.00162285
7.26493 0.0754897 -0.0207579
7.65763 0.0754897 -0.00369072
8.05033 0.0754897 -0.0489222
8.44303 0.0754897 -0.075486
8.83573 0.0754897 -0.0282904
9.22843 0.0754897 0.0268782
9.62113 0.0754897 -0.011393
10.0138 0.0754897 0.000645331
10.4065 0.0754897 0.040994
10.7992 0.0754897 -0.0337986
11.1919 0.0754897 -0.0571114
11.5846 0.0754897 -0.0491652
11.9773 0.0754897 -0.0147387
12.37 0.0754897 0.0096539
12.7627 0.0754897 -0.0129044
13.1554 0.0754897 -0.0163153
13.5481 0.0754897 0.0162981

-0.981748 0.223212 -0.0730228
-0.589049 0.223212 -0.0565489
-0.19635 0.223212 -0.0206705
0.19635 0.223212 -0.0426156
0.589049 0.223212 -0.0264611
0.981748 0.223212 -0.0180861
1.37445 0.223212 0.00632158
1.76715 0.223212 0.00691206
2.15984 0.223212 -0.0205211
2.55254 0.223212 0.0190676
2.94524 0.223212 -0.0162042
3.33794 0.223212 -0.0484684
3.73064 0.223212 -0.0489287
4.12334 0.223212 0.0189559
4.51604 0.223212 -0.0195497
4.90874 0.223212 -0.0253345
5.30144 0.223212 -0.00351865
5.69414 0.223212 -0.0278611
6.08684 0.223212 0.0122917
6.47953 0.223212 0.0198188
6.87223 0.223212 -0.0189094
7.26493 0.223212 0.0265819
7.65763 0.223212 0.0235767
8.05033 0.223212 -0.0156355
8.44303 0.223212 0.00793667
8.83573 0.223212 -0.0394507
9.22843 0.223212 0.00529207
9.62113 0.223212 0.0104805
10.0138 0.223212 -0.0101646
10.4065 0.223212 -0.0168573
10.7992 0.223212 0.0129489
11.1919 0.223212 -0.0357351
11.5846 0.223212 -0.0730228
11.9773 0.223212 -0.0565489
12.37 0.223212 -0.0206705
12.7627 0.223212 -0.0426156
13.1554 0.223212 -0.0264611
13.5481 0.223212 -0.0180861

-0.981748 0.361703 -0.00281205
-0.589049 0.361703 -0.0415375
-0.19635 0.361703 0.024286
0.19635 0.361703 -0.0215088
0.589049 0.361703 0.0231663
0.981748 0.361703 0.0546512
1.37445 0.361703 0.0224544
1.76715 0.361703 -0.0228175
2.15984 0.361703 0.00505348
2.55254 0.361703 0.00921112
2.94524 0.361703 -0.0384876
3.33794 0.361703 0.00635999
3.73064 0.361703 0.0340662
4.12334 0.361703 0.0348615
4.51604 0.361703 -0.0361362
4.90874 0.361703 -0.000657927
5.30144 0.361703 0.0195868
5.69414 0.361703 0.0297122
6.08684 0.361703 0.0110163
6.47953 0.361703 0.0120746
6.87223 0.361703 0.0187522
7.26493 0.361703 0.0065834
7.65763 0.361703 0.013437
8.05033 0.361703 -0.0557427
8.44303 0.361703 -0.0348472
8.83573 0.361703 -0.00374625
9.22843 0.361703 -0.0328183
9.62113 0.361703 0.012736
10.0138 0.361703 -0.00205517
10.4065 0.361703 0.00695545
10.7992 0.361703 -0.0354048
11.1919 0.361703 -0.0259924
11.5846 0.361703 -0.00281205
11.9773 0.361703 -0.0415375
12.37 0.361703 0.024286
12.7627 0.361703 -0.0215088
13.1554 0.361703 0.0231663
13.5481 0.361703 0.0546512

-0.981748 0.486425 -0.0198148
-0.589049 0.486425 -0.0471677
-0.19635 0.486425 0.0277366
0.19635 0.486425 0.0179854
0.589049 0.486425 -0.0328227
0.981748 0.486425 0.00224644
1.37445 0.486425 -0.0111119
1.76715 0.486425 0.00568894
2.15984 0.486425 0.0123427
2.55254 0.486425 0.0674485
2.94524 0.486425 0.00306479
3.33794 0.486425 0.0137076
3.73064 0.486425 0.00586059
4.12334 0.486425 0.00496982
4.51604 0.486425 -0.0244401
4.90874 0.486425 0.0143759
5.30144 0.486425 -0.020744
5.69414 0.486425 -0.0301405
6.08684 0.486425 0.0148642
6.47953 0.486425 0.0127196
6.87223 0.486425 0.0280372
7.26493 0.486425 -0.00680888
7.65763 0.486425 -0.0461947
8.05033 0.486425 -0.00392596
8.44303 0.486425 0.0467114
8.83573 0.486425 -0.0176182
9.22843 0.486425 0.0255983
9.62113 0.486425 0.0353648
10.0138 0.486425 -0.0299224
10.4065 0.486425 0.0113954
10.7992 0.486425 0.0183345
11.1919 0.486425 0.00305833
11.5846 0.486425 -0.0198148
11.9773 0.486425 -0.0471677
12.37 0.486425 0.0277366
12.7627 0.486425 0.0179854
13.1554 0.486425 -0.0328227
13.5481 0.486425 0.00224644

-0.981748 0.594734 -0.0317576
-0.589049 0.594734 -0.0706029
-0.19635 0.594734 -0.0175323
0.19635 0.594734 0.00866786
0.589049 0.594734 -0.00634172
0.981748 0.594734 0.0211057
1.37445 0.594734 0.0250334
1.76715 0.594734 0.0282053
2.15984 0.594734 0.0209119
2.55254 0.594734 0.0472126
2.94524 0.594734 0.0256712
3.33794 0.594734 -0.0335403
3.73064 0.594734 -0.0281051
4.12334 0.594734 0.0125882
4.51604 0.594734 -0.00380383
4.90874 0.594734 -0.00613621
5.30144 0.594734 0.00924591
5.69414 0.594734 0.00431322
6.08684 0.594734 0.00287585
6.47953 0.594734 0.0213698
6.87223 0.594734 0.0421153
7.26493 0.594734 0.00347132
7.65763 0.594734 0.011064
8.05033 0.594734 -0.0234245
8.44303 0.594734 -0.00834647
8.83573 0.594734 -0.00702275
9.22843 0.594734 -0.0443808
9.62113 0.594734 -0.00694249
10.0138 0.594734 -0.026094
10.4065 0.594734 -0.00870247
10.7992 0.594734 -0.00760238
11.1919 0.594734 -0.00118997
11.5846 0.594734 -0.0317576
11.9773 0.594734 -0.0706029
12.37 0.594734 -0.0175323
12.7627 0.594734 0.00866786
13.1554 0.594734 -0.00634172
13.5481 0.594734 0.0211057

-0.981748 0.685849 0.0303755
-0.589049 0.685849 -0.00312222
-0.19635 0.685849 -0.00323529
0.19635 0.685849 -0.0437898
0.589049 0.685849 -0.0405913
0.981748 0.685849 0.000432483
1.37445 0.685849 -0.0284092
1.76715 0.685849 -0.0205885
2.15984 0.685849 -0.00865347
2.55254 0.685849 -0.0139446
2.94524 0.685849 -0.000721488
3.33794 0.685849 0.0293251
3.73064 0.685849 -0.0224374
4.12334 0.685849 0.0564644
4.51604 0.685849 0.0152247
4.90874 0.685849 4.70688e-05
5.30144 0.685849 0.00848212
5.69414 0.685849 -0.0296164
6.08684 0.685849 0.0204016
6.47953 0.685849 -0.0188597
6.87223 0.685849 -0.0300768
7.26493 0.685849 -0.0408919
7.65763 0.685849 -0.00450442
8.05033 0.685849 0.015536
8.44303 0.685849 0.0238288
8.83573 0.685849 -0.0202426
9.22843 0.685849 -0.034472
9.62113 0.685849 0.0175311
10.0138 0.685849 -0.00953662
10.4065 0.685849 -0.00186988
10.7992 0.685849 -0.00635905
11.1919 0.685849 -0.0101513
11.5846 0.685849 0.0303755
11.9773 0.685849 -0.00312222
12.37 0.685849 -0.00323529
12.7627 0.685849 -0.0437898
13.1554 0.685849 -0.0405913
13.5481 0.685849 0.000432483

-0.981748 0.760465 0.0223058
-0.589049 0.760465 -0.00563795
-0.19635 0.760465 0.00477738
0.19635 0.760465 0.0257865
0.589049 0.760465 -0.00651442
0.981748 0.760465 0.00309556
1.37445 0.760465 -0.0136012
1.76715 0.760465 0.000540658
2.15984 0.760465 0.0285078
2.55254 0.760465 -0.0138461
2.94524 0.760465 -0.0124768
3.33794 0.760465 -0.00894183
3.73064 0.760465 -0.0172045
4.12334 0.760465 0.0178386
4.51604 0.760465 0.00623909
4.90874 0.760465 -0.0422598
5.30144 0.760465 0.0122094
5.69414 0.760465 0.00700487
6.08684 0.760465 -0.00364421
6.47953 0.760465 0.0263421
6.87223 0.760465 0.059312
7.26493 0.760465 0.0110701
7.65763 0.760465 0.0375612
8.05033 0.760465 -0.0120997
8.44303 0.760465 0.00108319
8.83573 0.760465 -0.00824101
9.22843 0.760465 -0.0314201
9.62113 0.760465 -0.00816132
10.0138 0.760465 -0.0200595
10.4065 0.760465 -0.0243433
10.7992 0.760465 0.00478694
11.1919 0.760465 0.0164782
11.5846 0.760465 0.0223058
11.9773 0.760465 -0.00563795
12.37 0.760465 0.00477738
12.7627 0.760465 0.0257865
13.1554 0.760465 -0.00651442
13.5481 0.760465 0.00309556

-0.981748 0.820231 -0.0281484
-0.589049 0.820231 0.0183761
-0.19635 0.820231 0.0475909
0.19635 0.820231 0.0400093
0.589049 0.820231 0.014933
0.981748 0.820231 -0.00943176
1.37445 0.820231 -0.0633832
1.76715 0.820231 0.000333331
2.15984 0.820231 0.0151507
2.55254 0.820231 -0.0112913
2.94524 0.820231 -0.0185452
3.33794 0.820231 -0.00625826
3.73064 0.820231 0.00571722
4.12334 0.820231 -0.01197
4.51604 0.820231 0.00753436
4.90874 0.820231 0.0211352
5.30144 0.820231 -0.00797883
5.69414 0.820231 0.01238
6.08684 0.820231 0.0112781
6.47953 0.820231 0.00213244
6.87223 0.820231 0.0128178
7.26493 0.820231 -0.000742688
7.65763 0.820231 -0.00984473
8.05033 0.820231 -0.0240914
8.44303 0.820231 -0.00125736
8.83573 0.820231 0.025852
9.22843 0.820231 0.0162638
9.62113 0.820231 -0.0170237
10.0138 0.820231 -0.0147681
10.4065 0.820231 0.00940515
10.7992 0.820231 -0.0117596
11.1919 0.820231 0.00584424
11.5846 0.820231 -0.0281484
11.9773 0.820231 0.0183761
12.37 0.820231 0.0475909
12.7627 0.820231 0.0400093
13.1554 0.820231 0.014933
13.5481 0.820231 -0.00943176

-0.981748 0.867255 0.0221549
-0.589049 0.867255 0.0135524
-0.19635 0.867255 -0.00645052
0.19635 0.867255 0.0434714
0.589049 0.867255 0.0039848
0.981748 0.867255 -0.0389826
1.37445 0.867255 -0.0041679
1.76715 0.867255 -0.0220368
2.15984 0.867255 -0.0254584
2.55254 0.867255 -0.00215581
2.94524 0.867255 -0.0573649
3.33794 0.867255 -0.00878352
3.73064 0.867255 0.0474869
4.12334 0.867255 -0.00162769
4.51604 0.867255 0.0159884
4.90874 0.867255 -0.0184384
5.30144 0.867255 -0.018456
5.69414 0.867255 -0.00319828
6.08684 0.867255 0.0608981
6.47953 0.867255 -0.0505681
6.87223 0.867255 -0.0782315
7.26493 0.867255 -0.0380163
7.65763 0.867255 0.0526085
8.05033 0.867255 0.0198492
8.44303 0.867255 -0.0378394
8.83573 0.867255 0.0158045
9.22843 0.867255 0.0144511
9.62113 0.867255 0.0140759
10.0138 0.867255 -0.0150731
10.4065 0.867255 0.01855
10.7992 0.867255 0.0103542
11.1919 0.867255 0.0108676
11.5846 0.867255 0.0221549
11.9773 0.867255 0.0135524
12.37 0.867255 -0.00645052
12.7627 0.867255 0.0434714
13.1554 0.867255 0.0039848
13.5481 0.867255 -0.0389826

-0.981748 0.903736 0.0149272
-0.589049 0.903736 -0.0292502
-0.19635 0.903736 -0.00599718
0.19635 0.903736 0.075872
0.589049 0.903736 -3.37243e-05
0.981748 0.903736 -0.104803
1.37445 0.903736 -0.0957975
1.76715 0.903736 -0.0427317
2.15984 0.903736 -0.00527074
2.55254 0.903736 -0.0337625
2.94524 0.903736 -0.00107707
3.33794 0.903736 0.0206613
3.73064 0.903736 0.0188211
4.12334 0.903736 -0.0209739
4.51604 0.903736 -0.00105543
4.90874 0.903736 0.0234638
5.30144 0.903736 -0.00044425
5.69414 0.903736 0.00641135
6.08684 0.903736 0.0226755
6.47953 0.903736 0.00480723
6.87223 0.903736 -0.00148313
7.26493 0.903736 0.0301503
7.65763 0.903736 0.0406715
8.05033 0.903736 0.0189967
8.44303 0.903736 -0.0459635
8.83573 0.903736 0.0395004
9.22843 0.903736 0.0262081
9.62113 0.903736 -0.024147
10.0138 0.903736 -0.0105155
10.4065 0.903736 0.0269796
10.7992 0.903736 -0.0201815
11.1919 0.903736 -0.0112246
11.5846 0.903736 0.0149272
11.9773 0.903736 -0.0292502
12.37 0.903736 -0.00599718
12.7627 0.903736 0.075872
13.1554 0.903736 -3.37243e-05
13.5481 0.903736 -0.104803

-0.981748 0.931728 -0.00753268
-0.589049 0.931728 -0.0176045
-0.19635 0.931728 0.0201777
0.19635 0.931728 -0.0302305
0.589049 0.931728 0.00170518
0.981748 0.931728 -0.029902
1.37445 0.931728 -0.045116
1.76715 0.931728 -0.00722831
2.15984 0.931728 -0.0206639
2.55254 0.931728 -0.00590491
2.94524 0.931728 -0.0225677
3.33794 0.931728 -0.0208933
3.73064 0.931728 0.0120349
4.12334 0.931728 -0.0316694
4.51604 0.931728 0.0276614
4.90874 0.931728 0.011998
5.30144 0.931728 -0.0435546
5.69414 0.931728 -0.0546589
6.08684 0.931728 0.0327741
6.47953 0.931728 -0.0208873
6.87223 0.931728 -0.0596046
7.26493 0.931728 0.0167927
7.65763 0.931728 -0.0155694
8.05033 0.931728 -0.0283879
8.44303 0.931728 0.0038086
8.83573 0.931728 -0.00143954
9.22843 0.931728 -0.0209037
9.62113 0.931728 -0.0136649
10.0138 0.931728 -0.0113818
10.4065 0.931728 0.0019862
10.7992 0.931728 0.00391889
11.1919 0.931728 0.00877013
11.5846 0.931728 -0.00753268
11.9773 0.931728 -0.0176045
12.37 0.931728 0.0201777
12.7627 0.931728 -0.0302305
13.1554 0.931728 0.00170518
13.5481 0.931728 -0.029902

-0.981748 0.953025 -0.0427892
-0.589049 0.953025 -0.0397611
-0.19635 0.953025 0.00591935
0.19635 0.953025 0.0296833
0.589049 0.953025 0.0449048
0.981748 0.953025 0.0683013
1.37445 0.953025 0.0810918
1.76715 0.953025 0.0160996
2.15984 0.953025 -0.00496446
2.55254 0.953025 0.0325608
2.94524 0.953025 0.0164717
3.33794 0.953025 0.00720426
3.73064 0.953025 -0.0227328
4.12334 0.953025 -0.0139738
4.51604 0.953025 0.0220638
4.90874 0.953025 0.0466573
5.30144 0.953025 -0.017335
5.69414 0.953025 -0.0573542
6.08684 0.953025 -0.00533689
6.47953 0.953025 0.0269637
6.87223 0.953025 0.0123088
7.26493 0.953025 0.00544284
7.65763 0.953025 0.0336482
8.05033 0.953025 -0.00665992
8.44303 0.953025 -0.00671244
8.83573 0.953025 0.0260039
9.22843 0.953025 0.0196114
9.62113 0.953025 -0.00279562
10.0138 0.953025 0.000469809
10.4065 0.953025 0.0137525
10.7992 0.953025 -0.0242384
11.1919 0.953025 -0.0428719
11.5846 0.953025 -0.0427892
11.9773 0.953025 -0.0397611
12.37 0.953025 0.00591935
12.7627 0.953025 0.0296833
13.1554 0.953025 0.0449048
13.5481 0.953025 0.0683013

-0.981748 0.969125 -0.0088126
-0.589049 0.969125 -0.0110499
-0.19635 0.969125 -0.020167
0.19635 0.969125 -0.0585128
0.589049 0.969125 -0.00597263
0.981748 0.969125 -0.0182465
1.37445 0.969125 -0.0426534
1.76715 0.969125 -0.023014
2.15984 0.969125 -0.0326822
2.55254 0.969125 0.0523366
2.94524 0.969125 -0.0181613
3.33794 0.969125 -0.0603972
3.73064 0.969125 -0.0286639
4.12334 0.969125 -0.00566921
4.51604 0.969125 0.0108465
4.90874 0.969125 0.0116322
5.30144 0.969125 0.0345829
5.69414 0.969125 -0.0167008
6.08684 0.969125 -0.00906412
6.47953 0.969125 -0.0147825
6.87223 0.969125 -0.0111197
7.26493 0.969125 0.00402027
7.65763 0.969125 -0.0153879
8.05033 0.969125 -0.00370499
8.44303 0.969125 0.018889
8.83573 0.969125 0.01704
9.22843 0.969125 -0.0118536
9.62113 0.969125 -0.017693
10.0138 0.969125 0.0486398
10.4065 0.969125 0.0227245
10.7992 0.969125 0.0155152
11.1919 0.969125 0.0125554
11.5846 0.969125 -0.0088126
11.9773 0.969125 -0.0110499
12.37 0.969125 -0.020167
12.7627 0.969125 -0.0585128
13.1554 0.969125 -0.00597263
13.5481 0.969125 -0.0182465

-0.981748 0.981237 -0.023125
-0.589049 0.981237 -0.0178909
-0.19635 0.981237 0.00525595
0.19635 0.981237 0.0046621
0.589049 0.981237 0.00552496
0.981748 0.981237 0.026973
1.37445 0.981237 0.0237517
1.76715 0.981237 -0.0167857
2.15984 0.981237 0.0305261
2.55254 0.981237 0.0551202
2.94524 0.981237 -0.00338758
3.33794 0.981237 -0.0339296
3.73064 0.981237 0.00430278
4.12334 0.981237 0.0479129
4.51604 0.981237 0.0330957
4.90874 0.981237 0.00352692
5.30144 0.981237 0.0673598
5.69414 0.981237 0.00641948
6.08684 0.981237 -0.0515987
6.47953 0.981237 -0.0475974
6.87223 0.981237 0.0433163
7.26493 0.981237 0.0264361
7.65763 0.981237 0.0164058
8.05033 0.981237 0.0116679
8.44303 0.981237 -0.00930887
8.83573 0.981237 0.0213114
9.22843 0.981237 0.0107651
9.62113 0.981237 0.00586517
10.0138 0.981237 0.036806
10.4065 0.981237 -0.00915076
10.7992 0.981237 -0.0132694
11.1919 0.981237 0.00845519
11.5846 0.981237 -0.023125
11.9773 0.981237 -0.0178909
12.37 0.981237 0.00525595
12.7627 0.981237 0.0046621
13.1554 0.981237 0.00552496
13.5481 0.981237 0.026973

-0.981748 0.990315 0.0495945
-0.589049 0.990315 0.0272097
-0.19635 0.990315 0.0300744
0.19635 0.990315 0.0771514
0.589049 0.990315 0.0125989
0.981748 0.990315 -0.00527014
1.37445 0.990315 -0.0586987
1.76715 0.990315 -0.0318723
2.15984 0.990315 -0.0178145
2.55254 0.990315 0.00368147
2.94524 0.990315 0.0336376
3.33794 0.990315 0.0331003
3.73064 0.990315 -0.00148492
4.12334 0.990315 0.00029332
4.51604 0.990315 0.0150359
4.90874 0.990315 -0.0232117
5.30144 0.990315 0.0228867
5.69414 0.990315 -0.0293191
6.08684 0.990315 -0.0357841
6.47953 0.990315 0.0127285
6.87223 0.990315 0.00695778
7.26493 0.990315 -0.0041778
7.65763 0.990315 0.0201793
8.05033 0.990315 -0.0096763
8.44303 0.990315 -0.00127335
8.83573 0.990315 0.000335143
9.22843 0.990315 -0.0389818
9.62113 0.990315 0.00848527
10.0138 0.990315 -0.0147943
10.4065 0.990315 -0.02043
10.7992 0.990315 0.0320833
11.1919 0.990315 0.0212925
11.5846 0.990315 0.0495945
11.9773 0.990315 0.0272097
12.37 0.990315 0.0300744
12.7627 0.990315 0.0771514
13.1554 0.990315 0.0125989
13.5481 0.990315 -0.00527014

-0.981748 0.9971 0.0157272
-0.589049 0.9971 -0.00019565
-0.19635 0.9971 -0.0221867
0.19635 0.9971 -0.0441387
0.589049 0.9971 -0.0542842
0.981748 0.9971 0.000916209
1.37445 0.9971 -0.00282068
1.76715 0.9971 -0.0415048
2.15984 0.9971 0.0331392
2.55254 0.9971 -0.0081797
2.94524 0.9971 -0.00453249
3.33794 0.9971 0.0177277
3.73064 0.9971 0.0205116
4.12334 0.9971 -0.0521788
4.51604 0.9971 -0.0204624
4.90874 0.9971 -0.00198441
5.30144 0.9971 0.0196238
5.69414 0.9971 -0.0220937
6.08684 0.9971 -0.0788996
6.47953 0.9971 -0.00790749
6.87223 0.9971 -0.0283516
7.26493 0.9971 -0.00689752
7.65763 0.9971 0.0257839
8.05033 0.9971 -0.000386502
8.44303 0.9971 -0.0113015
8.83573 0.9971 0.0021127
9.22843 0.9971 0.00327377
9.62113 0.9971 0.0116663
10.0138 0.9971 -0.00621842
10.4065 0.9971 0.00973205
10.7992 0.9971 -0.0171623
11.1919 0.9971 -0.0079443
11.5846 0.9971 0.0157272
11.9773 0.9971 -0.00019565
12.37 0.9971 -0.0221867
12.7627 0.9971 -0.0441387
13.1554 0.9971 -0.0542842
13.5481 0.9971 0.000916209

-0.981748 1.0029 0.019441
-0.589049 1.0029 -0.00479203
-0.19635 1.0029 -0.0157425
0.19635 1.0029 0.0121781
0.589049 1.0029 -0.0341768
0.981748 1.0029 0.000552263
1.37445 1.0029 -0.0152515
1.76715 1.0029 -0.0039607
2.15984 1.0029 -0.0182927
2.55254 1.0029 0.0269147
2.94524 1.0029 0.0236817
3.33794 1.0029 0.0272573
3.73064 1.0029 0.000816338
4.12334 1.0029 -0.017931
4.51604 1.0029 0.0543751
4.90874 1.0029 0.0170891
5.30144 1.0029 0.00561405
5.69414 1.0029 0.00865122
6.08684 1.0029 -0.028788
6.47953 1.0029 -0.0156295
6.87223 1.0029 -0.00419621
7.26493 1.0029 0.0441867
7.65763 1.0029 -0.00993156
8.05033 1.0029 0.0444274
8.44303 1.0029 0.0409131
8.83573 1.0029 0.00989945
9.22843 1.0029 -0.00848704
9.62113 1.0029 -0.06918
10.0138 1.0029 -0.00449927
10.4065 1.0029 0.0327494
10.7992 1.0029 -0.00861791
11.1919 1.0029 -0.0306619
11.5846 1.0029 0.019441
11.9773 1.0029 -0.00479203
12.37 1.0029 -0.0157425
12.7627 1.0029 0.0121781
13.1554 1.0029 -0.0341768
13.5481 1.0029 0.000552263

