-0.981748 -1.0029 0.0515987
-0.589049 -1.0029 0.0357841
-0.19635 -1.0029 0.0788996
0.19635 -1.0029 0.028788
0.589049 -1.0029 0.00166065
0.981748 -1.0029 0.0144511
1.37445 -1.0029 -0.0224635
1.76715 -1.0029 0.0287341
2.15984 -1.0029 -0.0411273
2.55254 -1.0029 -0.0228113
2.94524 -1.0029 -0.0269821
3.33794 -1.0029 0.012515
3.73064 -1.0029 0.000125411
4.12334 -1.0029 -0.0325521
4.51604 -1.0029 0.0214304
4.90874 -1.0029 0.00331339
5.30144 -1.0029 -0.00764669
5.69414 -1.0029 -0.0248037
6.08684 -1.0029 0.0137001
6.47953 -1.0029 0.0366639
6.87223 -1.0029 -0.0122917
7.26493 -1.0029 -0.0110163
7.65763 -1.0029 -0.0148642
8.05033 -1.0029 -0.00287585
8.44303 -1.0029 -0.0204016
8.83573 -1.0029 0.00364421
9.22843 -1.0029 -0.0112781
9.62113 -1.0029 -0.0608981
10.0138 -1.0029 -0.0226755
10.4065 -1.0029 -0.0327741
10.7992 -1.0029 0.00533689
11.1919 -1.0029 0.00906412
11.5846 -1.0029 0.0515987
11.9773 -1.0029 0.0357841
12.37 -1.0029 0.0788996
12.7627 -1.0029 0.028788
13.1554 -1.0029 0.00166065
13.5481 -1.0029 0.0144511

-0.981748 -0.9971 -0.0515987
-0.589049 -0.9971 -0.0357841
-0.19635 -0.9971 -0.0788996
0.19635 -0.9971 -0.028788
0.589049 -0.9971 -0.00166065
0.981748 -0.9971 -0.0144511
1.37445 -0.9971 0.0224635
1.76715 -0.9971 -0.0287341
2.15984 -0.9971 0.0411273
2.55254 -0.9971 0.0228113
2.94524 -0.9971 0.0269821
3.33794 -0.9971 -0.012515
3.73064 -0.9971 -0.000125411
4.12334 -0.9971 0.0325521
4.51604 -0.9971 -0.0214304
4.90874 -0.9971 -0.00331339
5.30144 -0.9971 0.00764669
5.69414 -0.9971 0.0248037
6.08684 -0.9971 -0.0137001
6.47953 -0.9971 -0.0366639
6.87223 -0.9971 0.0122917
7.26493 -0.9971 0.0110163
7.65763 -0.9971 0.0148642
8.05033 -0.9971 0.00287585
8.44303 -0.9971 0.0204016
8.83573 -0.9971 -0.00364421
9.22843 -0.9971 0.0112781
9.62113 -0.9971 0.0608981
10.0138 -0.9971 0.0226755
10.4065 -0.9971 0.0327741
10.7992 -0.9971 -0.00533689
11.1919 -0.9971 -0.00906412
11.5846 -0.9971 -0.0515987
11.9773 -0.9971 -0.0357841
12.37 -0.9971 -0.0788996
12.7627 -0.9971 -0.028788
13.1554 -0.9971 -0.00166065
13.5481 -0.9971 -0.0144511

-0.981748 -0.990315 -0.169546
-0.589049 -0.990315 -0.119979
-0.19635 -0.990315 -0.239105
0.19635 -0.990315 -0.0788464
0.589049 -0.990315 -0.00285151
0.981748 -0.990315 -0.0446333
1.37445 -0.990315 0.0513258
1.76715 -0.990315 -0.0990235
2.15984 -0.990315 0.123619
2.55254 -0.990315 0.0659018
2.94524 -0.990315 0.0894063
3.33794 -0.990315 -0.0339735
3.73064 -0.990315 0.00788706
4.12334 -0.990315 0.0954122
4.51604 -0.990315 -0.0575972
4.90874 -0.990315 -0.0115903
5.30144 -0.990315 0.0209257
5.69414 -0.990315 0.0811753
6.08684 -0.990315 -0.0409439
6.47953 -0.990315 -0.0994176
6.87223 -0.990315 0.0447074
7.26493 -0.990315 0.0342576
7.65763 -0.990315 0.058625
8.05033 -0.990315 0.0112665
8.44303 -0.990315 0.0540984
8.83573 -0.990315 -0.00537396
9.22843 -0.990315 0.0232138
9.62113 -0.990315 0.178283
10.0138 -0.990315 0.0704902
10.4065 -0.990315 0.109421
10.7992 -0.990315 -0.010624
11.1919 -0.990315 -0.0309205
11.5846 -0.990315 -0.169546
11.9773 -0.990315 -0.119979
12.37 -0.990315 -0.239105
12.7627 -0.990315 -0.0788464
13.1554 -0.990315 -0.00285151
13.5481 -0.990315 -0.0446333

-0.981748 -0.981237 -0.309122
-0.589049 -0.981237 -0.231726
-0.19635 -0.981237 -0.417053
0.19635 -0.981237 -0.118063
0.589049 -0.981237 -0.0022692
0.981748 -0.981237 -0.0666495
1.37445 -0.981237 0.0745883
1.76715 -0.981237 -0.203691
2.15984 -0.981237 0.201883
2.55254 -0.981237 0.0993039
2.94524 -0.981237 0.163925
3.33794 -0.981237 -0.0642461
3.73064 -0.981237 0.0252525
4.12334 -0.981237 0.173633
4.51604 -0.981237 -0.0673393
4.90874 -0.981237 -0.0175425
5.30144 -0.981237 0.0371073
5.69414 -0.981237 0.159374
6.08684 -0.981237 -0.0714295
6.47953 -0.981237 -0.154038
6.87223 -0.981237 0.0829758
7.26493 -0.981237 0.0725462
7.65763 -0.981237 0.116671
8.05033 -0.981237 0.0182127
8.44303 -0.981237 0.0776111
8.83573 -0.981237 -0.00200323
9.22843 -0.981237 0.0196638
9.62113 -0.981237 0.30636
10.0138 -0.981237 0.123598
10.4065 -0.981237 0.196388
10.7992 -0.981237 -0.01383
11.1919 -0.981237 -0.0614475
11.5846 -0.981237 -0.309122
11.9773 -0.981237 -0.231726
12.37 -0.981237 -0.417053
12.7627 -0.981237 -0.118063
13.1554 -0.981237 -0.0022692
13.5481 -0.981237 -0.0666495

-0.981748 -0.969125 -0.435201
-0.589049 -0.969125 -0.380635
-0.19635 -0.969125 -0.575732
0.19635 -0.969125 -0.144784
0.589049 -0.969125 0.0211526
0.981748 -0.969125 -0.0965687
1.37445 -0.969125 0.0844433
1.76715 -0.969125 -0.348138
2.15984 -0.969125 0.26678
2.55254 -0.969125 0.121147
2.94524 -0.969125 0.252384
3.33794 -0.969125 -0.0980345
3.73064 -0.969125 0.0309303
4.12334 -0.969125 0.272426
4.51604 -0.969125 -0.00585231
4.90874 -0.969125 -0.0188387
5.30144 -0.969125 0.0777783
5.69414 -0.969125 0.272551
6.08684 -0.969125 -0.106392
6.47953 -0.969125 -0.18994
6.87223 -0.969125 0.0987799
7.26493 -0.969125 0.12019
7.65763 -0.969125 0.146513
8.05033 -0.969125 0.0317804
8.44303 -0.969125 0.0766054
8.83573 -0.969125 0.00617031
9.22843 -0.969125 0.00393179
9.62113 -0.969125 0.451294
10.0138 -0.969125 0.178839
10.4065 -0.969125 0.284236
10.7992 -0.969125 -0.0611278
11.1919 -0.969125 -0.0965353
11.5846 -0.969125 -0.435201
11.9773 -0.969125 -0.380635
12.37 -0.969125 -0.575732
12.7627 -0.969125 -0.144784
13.1554 -0.969125 0.0211526
13.5481 -0.969125 -0.0965687

-0.981748 -0.953025 -0.459829
-0.589049 -0.953025 -0.564912
-0.19635 -0.953025 -0.743417
0.19635 -0.953025 -0.161635
0.589049 -0.953025 0.0378479
0.981748 -0.953025 -0.0771422
1.37445 -0.953025 0.1903
1.76715 -0.953025 -0.532817
2.15984 -0.953025 0.233792
2.55254 -0.953025 0.0944644
2.94524 -0.953025 0.283321
3.33794 -0.953025 -0.162329
3.73064 -0.953025 0.0581947
4.12334 -0.953025 0.40592
4.51604 -0.953025 0.187557
4.90874 -0.953025 0.0160268
5.30144 -0.953025 0.118164
5.69414 -0.953025 0.443361
6.08684 -0.953025 -0.173564
6.47953 -0.953025 -0.176696
6.87223 -0.953025 0.0654634
7.26493 -0.953025 0.228414
7.65763 -0.953025 0.124176
8.05033 -0.953025 0.0167537
8.44303 -0.953025 0.0417168
8.83573 -0.953025 0.0388444
9.22843 -0.953025 0.00692875
9.62113 -0.953025 0.600305
10.0138 -0.953025 0.220411
10.4065 -0.953025 0.27957
10.7992 -0.953025 -0.145334
11.1919 -0.953025 -0.155217
11.5846 -0.953025 -0.459829
11.9773 -0.953025 -0.564912
12.37 -0.953025 -0.743417
12.7627 -0.953025 -0.161635
13.1554 -0.953025 0.0378479
13.5481 -0.953025 -0.0771422

-0.981748 -0.931728 -0.249811
-0.589049 -0.931728 -0.755826
-0.19635 -0.931728 -0.780644
0.19635 -0.931728 -0.207972
0.589049 -0.931728 0.0970992
0.981748 -0.931728 -0.15681
1.37445 -0.931728 0.289047
1.76715 -0.931728 -0.628667
2.15984 -0.931728 0.15684
2.55254 -0.931728 0.0812241
2.94524 -0.931728 0.290403
3.33794 -0.931728 -0.180719
3.73064 -0.931728 0.0439968
4.12334 -0.931728 0.470615
4.51604 -0.931728 0.500503
4.90874 -0.931728 0.0589869
5.30144 -0.931728 0.206822
5.69414 -0.931728 0.646942
6.08684 -0.931728 -0.268244
6.47953 -0.931728 -0.0691392
6.87223 -0.931728 -0.132136
7.26493 -0.931728 0.302812
7.65763 -0.931728 -0.0948941
8.05033 -0.931728 0.064033
8.44303 -0.931728 -0.00584116
8.83573 -0.931728 0.132831
9.22843 -0.931728 0.0717884
9.62113 -0.931728 0.673132
10.0138 -0.931728 0.246914
10.4065 -0.931728 0.140667
10.7992 -0.931728 -0.394337
11.1919 -0.931728 -0.167553
11.5846 -0.931728 -0.249811
11.9773 -0.931728 -0.755826
12.37 -0.931728 -0.780644
12.7627 -0.931728 -0.207972
13.1554 -0.931728 0.0970992
13.5481 -0.931728 -0.15681

-0.981748 -0.903736 0.143144
-0.589049 -0.903736 -0.814779
-0.19635 -0.903736 -0.944641
0.19635 -0.903736 -0.278057
0.589049 -0.903736 -0.0573476
0.981748 -0.903736 -0.0691794
1.37445 -0.903736 0.704258
1.76715 -0.903736 -0.640721
2.15984 -0.903736 -0.165494
2.55254 -0.903736 0.000992511
2.94524 -0.903736 0.180333
3.33794 -0.903736 -0.285946
3.73064 -0.903736 0.200369
4.12334 -0.903736 0.505491
4.51604 -0.903736 0.715665
4.90874 -0.903736 0.165483
5.30144 -0.903736 0.0793378
5.69414 -0.903736 0.767547
6.08684 -0.903736 -0.467413
6.47953 -0.903736 0.131251
6.87223 -0.903736 -0.392529
7.26493 -0.903736 0.456447
7.65763 -0.903736 -0.200876
8.05033 -0.903736 0.0521755
8.44303 -0.903736 -0.033422
8.83573 -0.903736 0.249695
9.22843 -0.903736 0.217381
9.62113 -0.903736 0.559121
10.0138 -0.903736 0.234476
10.4065 -0.903736 -0.279973
10.7992 -0.903736 -0.374857
11.1919 -0.903736 -0.130924
11.5846 -0.903736 0.143144
11.9773 -0.903736 -0.814779
12.37 -0.903736 -0.944641
12.7627 -0.903736 -0.278057
13.1554 -0.903736 -0.0573476
13.5481 -0.903736 -0.0691794

-0.981748 -0.867255 0.537046
-0.589049 -0.867255 -0.602947
-0.19635 -0.867255 -0.905527
0.19635 -0.867255 -0.382049
0.589049 -0.867255 0.0174202
0.981748 -0.867255 -0.31194
1.37445 -0.867255 0.593014
1.76715 -0.867255 -0.386543
2.15984 -0.867255 0.263043
2.55254 -0.867255 0.147626
2.94524 -0.867255 0.197647
3.33794 -0.867255 -0.0201661
3.73064 -0.867255 0.103088
4.12334 -0.867255 0.390852
4.51604 -0.867255 0.711337
4.90874 -0.867255 0.185694
5.30144 -0.867255 0.237238
5.69414 -0.867255 0.521815
6.08684 -0.867255 -0.444429
6.47953 -0.867255 0.0665733
6.87223 -0.867255 -0.844209
7.26493 -0.867255 0.0807552
7.65763 -0.867255 -0.67183
8.05033 -0.867255 0.412576
8.44303 -0.867255 -0.00683167
8.83573 -0.867255 0.486768
9.22843 -0.867255 0.416566
9.62113 -0.867255 0.236831
10.0138 -0.867255 0.229812
10.4065 -0.867255 -0.457462
10.7992 -0.867255 -0.539054
11.1919 -0.867255 0.0592542
11.5846 -0.867255 0.537046
11.9773 -0.867255 -0.602947
12.37 -0.867255 -0.905527
12.7627 -0.867255 -0.382049
13.1554 -0.867255 0.0174202
13.5481 -0.867255 -0.31194

-0.981748 -0.820231 0.321752
-0.589049 -0.820231 -0.546729
-0.19635 -0.820231 -0.867885
0.19635 -0.820231 -0.626149
0.589049 -0.820231 -0.342653
0.981748 -0.820231 -0.103198
1.37445 -0.820231 1.03526
1.76715 -0.820231 0.0864937
2.15984 -0.820231 -0.244956
2.55254 -0.820231 -0.139298
2.94524 -0.820231 0.0413754
3.33794 -0.820231 -0.438857
3.73064 -0.820231 0.368607
4.12334 -0.820231 0.597751
4.51604 -0.820231 0.586026
4.90874 -0.820231 0.0974634
5.30144 -0.820231 -0.434829
5.69414 -0.820231 0.471211
6.08684 -0.820231 -0.614157
6.47953 -0.820231 0.317089
6.87223 -0.820231 -1.11621
7.26493 -0.820231 0.430683
7.65763 -0.820231 -0.0111667
8.05033 -0.820231 0.304434
8.44303 -0.820231 -0.189071
8.83573 -0.820231 0.357919
9.22843 -0.820231 0.684485
9.62113 -0.820231 0.465807
10.0138 -0.820231 0.0827944
10.4065 -0.820231 -1.00612
10.7992 -0.820231 -0.0339247
11.1919 -0.820231 0.100489
11.5846 -0.820231 0.321752
11.9773 -0.820231 -0.546729
12.37 -0.820231 -0.867885
12.7627 -0.820231 -0.626149
13.1554 -0.820231 -0.342653
13.5481 -0.820231 -0.103198

-0.981748 -0.760465 0.363185
-0.589049 -0.760465 -0.250174
-0.19635 -0.760465 -1.00044
0.19635 -0.760465 -0.267119
0.589049 -0.760465 0.288801
0.981748 -0.760465 -0.832098
1.37445 -0.760465 0.0353536
1.76715 -0.760465 0.298369
2.15984 -0.760465 0.248262
2.55254 -0.760465 0.367009
2.94524 -0.760465 -0.695815
3.33794 -0.760465 0.226254
3.73064 -0.760465 -0.207689
4.12334 -0.760465 -0.0315008
4.51604 -0.760465 0.29022
4.90874 -0.760465 0.19638
5.30144 -0.760465 0.313936
5.69414 -0.760465 0.109775
6.08684 -0.760465 -0.35722
6.47953 -0.760465 -0.357917
6.87223 -0.760465 -0.814771
7.26493 -0.760465 -0.308592
7.65763 -0.760465 -0.523696
8.05033 -0.760465 0.483524
8.44303 -0.760465 -0.261744
8.83573 -0.760465 0.620481
9.22843 -0.760465 0.370652
9.62113 -0.760465 0.508882
10.0138 -0.760465 0.318691
10.4065 -0.760465 -0.135074
10.7992 -0.760465 -0.0897374
11.1919 -0.760465 -0.032983
11.5846 -0.760465 0.363185
11.9773 -0.760465 -0.250174
12.37 -0.760465 -1.00044
12.7627 -0.760465 -0.267119
13.1554 -0.760465 0.288801
13.5481 -0.760465 -0.832098

-0.981748 -0.685849 -0.00388182
-0.589049 -0.685849 0.524149
-0.19635 -0.685849 -1.13455
0.19635 -0.685849 -0.310638
0.589049 -0.685849 0.249414
0.981748 -0.685849 -0.356711
1.37445 -0.685849 0.21515
1.76715 -0.685849 1.31242
2.15984 -0.685849 -1.24905
2.55254 -0.685849 -0.0673898
2.94524 -0.685849 -0.0108756
3.33794 -0.685849 0.259829
3.73064 -0.685849 0.659715
4.12334 -0.685849 -0.245903
4.51604 -0.685849 0.0825929
4.90874 -0.685849 0.12216
5.30144 -0.685849 -0.855728
5.69414 -0.685849 0.20345
6.08684 -0.685849 0.0358235
6.47953 -0.685849 0.243095
6.87223 -0.685849 -1.26306
7.26493 -0.685849 0.656547
7.65763 -0.685849 -0.706186
8.05033 -0.685849 0.00853047
8.44303 -0.685849 -0.591091
8.83573 -0.685849 -0.1175
9.22843 -0.685849 0.31099
9.62113 -0.685849 0.976958
10.0138 -0.685849 0.667193
10.4065 -0.685849 -1.50923
10.7992 -0.685849 0.559168
11.1919 -0.685849 0.707487
11.5846 -0.685849 -0.00388182
11.9773 -0.685849 0.524149
12.37 -0.685849 -1.13455
12.7627 -0.685849 -0.310638
13.1554 -0.685849 0.249414
13.5481 -0.685849 -0.356711

-0.981748 -0.594734 0.157898
-0.589049 -0.594734 0.0595329
-0.19635 -0.594734 -0.480383
0.19635 -0.594734 -0.251276
0.589049 -0.594734 -0.753823
0.981748 -0.594734 -0.982477
1.37445 -0.594734 -0.19869
1.76715 -0.594734 -0.362089
2.15984 -0.594734 0.416565
2.55254 -0.594734 1.03276
2.94524 -0.594734 -0.832014
3.33794 -0.594734 1.00478
3.73064 -0.594734 -1.27663
4.12334 -0.594734 1.11344
4.51604 -0.594734 -0.386233
4.90874 -0.594734 -0.337644
5.30144 -0.594734 0.777165
5.69414 -0.594734 -0.997005
6.08684 -0.594734 -0.741968
6.47953 -0.594734 -0.223623
6.87223 -0.594734 -0.197708
7.26493 -0.594734 -0.946208
7.65763 -0.594734 -0.183139
8.05033 -0.594734 -0.361452
8.44303 -0.594734 0.261758
8.83573 -0.594734 0.711014
9.22843 -0.594734 0.962392
9.62113 -0.594734 0.581452
10.0138 -0.594734 0.238293
10.4065 -0.594734 0.940349
10.7992 -0.594734 -0.875497
11.1919 -0.594734 0.362135
11.5846 -0.594734 0.157898
11.9773 -0.594734 0.0595329
12.37 -0.594734 -0.480383
12.7627 -0.594734 -0.251276
13.1554 -0.594734 -0.753823
13.5481 -0.594734 -0.982477

-0.981748 -0.486425 0.744974
-0.589049 -0.486425 0.451343
-0.19635 -0.486425 0.130753
0.19635 -0.486425 -0.487289
0.589049 -0.486425 -1.57983
0.981748 -0.486425 -1.14151
1.37445 -0.486425 0.726293
1.76715 -0.486425 -0.173369
2.15984 -0.486425 -1.11912
2.55254 -0.486425 0.686673
2.94524 -0.486425 0.431454
3.33794 -0.486425 -0.30046
3.73064 -0.486425 0.63353
4.12334 -0.486425 1.30737
4.51604 -0.486425 0.0974193
4.90874 -0.486425 -0.759487
5.30144 -0.486425 -1.59763
5.69414 -0.486425 -0.152442
6.08684 -0.486425 0.325642
6.47953 -0.486425 0.628954
6.87223 -0.486425 -0.123178
7.26493 -0.486425 -0.0359698
7.65763 -0.486425 -0.12709
8.05033 -0.486425 0.490302
8.44303 -0.486425 0.0244837
8.83573 -0.486425 0.534203
9.22843 -0.486425 -0.523271
9.62113 -0.486425 -0.252293
10.0138 -0.486425 0.666749
10.4065 -0.486425 -0.726932
10.7992 -0.486425 0.119076
11.1919 -0.486425 1.15857
11.5846 -0.486425 0.744974
11.9773 -0.486425 0.451343
12.37 -0.486425 0.130753
12.7627 -0.486425 -0.487289
13.1554 -0.486425 -1.57983
13.5481 -0.486425 -1.14151

-0.981748 -0.361703 -0.848773
-0.589049 -0.361703 -0.208149
-0.19635 -0.361703 -0.883322
0.19635 -0.361703 -1.61583
0.589049 -0.361703 -0.139872
0.981748 -0.361703 -1.09093
1.37445 -0.361703 -0.316053
1.76715 -0.361703 -0.387922
2.15984 -0.361703 1.35139
2.55254 -0.361703 -0.814202
2.94524 -0.361703 0.9415
3.33794 -0.361703 0.811128
3.73064 -0.361703 0.22003
4.12334 -0.361703 1.97981
4.51604 -0.361703 -0.0275732
4.90874 -0.361703 0.809463
5.30144 -0.361703 0.105194
5.69414 -0.361703 -0.242983
6.08684 -0.361703 0.478061
6.47953 -0.361703 -0.744962
6.87223 -0.361703 0.262941
7.26493 -0.361703 0.645193
7.65763 -0.361703 -0.319577
8.05033 -0.361703 -1.84483
8.44303 -0.361703 -0.139759
8.83573 -0.361703 0.307627
9.22843 -0.361703 -0.793328
9.62113 -0.361703 -0.276693
10.0138 -0.361703 0.270042
10.4065 -0.361703 0.294075
10.7992 -0.361703 0.222981
11.1919 -0.361703 0.551298
11.5846 -0.361703 -0.848773
11.9773 -0.361703 -0.208149
12.37 -0.361703 -0.883322
12.7627 -0.361703 -1.61583
13.1554 -0.361703 -0.139872
13.5481 -0.361703 -1.09093

-0.981748 -0.223212 -0.299429
-0.589049 -0.223212 -0.127665
-0.19635 -0.223212 1.49333
0.19635 -0.223212 -1.342
0.589049 -0.223212 -0.779353
0.981748 -0.223212 0.298047
1.37445 -0.223212 0.419687
1.76715 -0.223212 -0.168592
2.15984 -0.223212 -1.20619
2.55254 -0.223212 -0.478441
2.94524 -0.223212 1.24592
3.33794 -0.223212 -1.39955
3.73064 -0.223212 0.955976
4.12334 -0.223212 1.05594
4.51604 -0.223212 0.243797
4.90874 -0.223212 0.173957
5.30144 -0.223212 -1.9387
5.69414 -0.223212 -2.43845
6.08684 -0.223212 0.253593
6.47953 -0.223212 0.966529
6.87223 -0.223212 0.409061
7.26493 -0.223212 -1.23239
7.65763 -0.223212 -1.22182
8.05033 -0.223212 1.51437
8.44303 -0.223212 1.24499
8.83573 -0.223212 -0.774915
9.22843 -0.223212 -0.264024
9.62113 -0.223212 -0.307291
10.0138 -0.223212 -0.00990237
10.4065 -0.223212 -0.356076
10.7992 -0.223212 2.0779
11.1919 -0.223212 0.0342857
11.5846 -0.223212 -0.299429
11.9773 -0.223212 -0.127665
12.37 -0.223212 1.49333
12.7627 -0.223212 -1.342
13.1554 -0.223212 -0.779353
13.5481 -0.223212 0.298047

-0.981748 -0.0754897 -2.45362
-0.589049 -0.0754897 -1.40308
-0.19635 -0.0754897 1.10521
0.19635 -0.0754897 -0.903263
0.589049 -0.0754897 -0.442282
0.981748 -0.0754897 0.534351
1.37445 -0.0754897 1.31071
1.76715 -0.0754897 -1.08531
2.15984 -0.0754897 1.37962
2.55254 -0.0754897 -0.555563
2.94524 -0.0754897 -0.240994
3.33794 -0.0754897 0.480004
3.73064 -0.0754897 0.310397
4.12334 -0.0754897 3.57628
4.51604 -0.0754897 0.327353
4.90874 -0.0754897 1.57409
5.30144 -0.0754897 -1.65716
5.69414 -0.0754897 -0.220719
6.08684 -0.0754897 -0.574345
6.47953 -0.0754897 -0.0181178
6.87223 -0.0754897 -0.0817583
7.26493 -0.0754897 -1.08529
7.65763 -0.0754897 -0.587498
8.05033 -0.0754897 -0.815749
8.44303 -0.0754897 0.96829
8.83573 -0.0754897 -0.146606
9.22843 -0.0754897 -0.238285
9.62113 -0.0754897 1.34004
10.0138 -0.0754897 -0.219679
10.4065 -0.0754897 0.265355
10.7992 -0.0754897 -0.395999
11.1919 -0.0754897 -0.993253
11.5846 -0.0754897 -2.45362
11.9773 -0.0754897 -1.40308
12.37 -0.0754897 1.10521
12.7627 -0.0754897 -0.903263
13.1554 -0.0754897 -0.442282
13.5481 -0.0754897 0.534351

-0.981748 0.0754897 -0.254284
-0.589049 0.0754897 -0.376589
-0.19635 0.0754897 0.825989
0.19635 0.0754897 -1.2254
0.589049 0.0754897 -1.04755
0.981748 0.0754897 -0.0606115
1.37445 0.0754897 0.248486
1.76715 0.0754897 -0.0831818
2.15984 0.0754897 1.04255
2.55254 0.0754897 -0.556912
2.94524 0.0754897 0.893099
3.33794 0.0754897 -0.850521
3.73064 0.0754897 -0.48924
4.12334 0.0754897 0.385514
4.51604 0.0754897 0.131314
4.90874 0.0754897 0.225154
5.30144 0.0754897 -1.30159
5.69414 0.0754897 -1.27221
6.08684 0.0754897 -0.62731
6.47953 0.0754897 0.85178
6.87223 0.0754897 0.690072
7.26493 0.0754897 1.30287
7.65763 0.0754897 1.30614
8.05033 0.0754897 2.63891
8.44303 0.0754897 -0.49112
8.83573 0.0754897 -1.94774
9.22843 0.0754897 -0.455018
9.62113 0.0754897 -0.410836
10.0138 0.0754897 0.497815
10.4065 0.0754897 0.568512
10.7992 0.0754897 -1.67798
11.1919 0.0754897 -0.700019
11.5846 0.0754897 -0.254284
11.9773 0.0754897 -0.376589
12.37 0.0754897 0.825989
12.7627 0.0754897 -1.2254
13.1554 0.0754897 -1.04755
13.5481 0.0754897 -0.0606115

-0.981748 0.223212 -3.28594
-0.589049 0.223212 -1.21035
-0.19635 0.223212 -0.392629
0.19635 0.223212 0.294251
0.589049 0.223212 0.436358
0.981748 0.223212 1.0503
1.37445 0.223212 0.571666
1.76715 0.223212 -0.495143
2.15984 0.223212 1.17632
2.55254 0.223212 -0.748192
2.94524 0.223212 0.744223
3.33794 0.223212 1.20877
3.73064 0.223212 -0.0292777
4.12334 0.223212 0.192689
4.51604 0.223212 0.443093
4.90874 0.223212 -1.18422
5.30144 0.223212 -0.380415
5.69414 0.223212 -1.67785
6.08684 0.223212 -0.61383
6.47953 0.223212 1.30959
6.87223 0.223212 0.598085
7.26493 0.223212 -1.38531
7.65763 0.223212 -1.07321
8.05033 0.223212 0.347891
8.44303 0.223212 -0.464359
8.83573 0.223212 -0.717258
9.22843 0.223212 -1.44192
9.62113 0.223212 0.231876
10.0138 0.223212 0.884932
10.4065 0.223212 -2.09867
10.7992 0.223212 1.28066
11.1919 0.223212 1.47942
11.5846 0.223212 -3.28594
11.9773 0.223212 -1.21035
12.37 0.223212 -0.392629
12.7627 0.223212 0.294251
13.1554 0.223212 0.436358
13.5481 0.223212 1.0503

-0.981748 0.361703 0.154625
-0.589049 0.361703 1.03014
-0.19635 0.361703 0.965273
0.19635 0.361703 -0.09905
0.589049 0.361703 -0.428312
0.981748 0.361703 -0.75816
1.37445 0.361703 -0.711719
1.76715 0.361703 -0.635259
2.15984 0.361703 0.419422
2.55254 0.361703 -0.714315
2.94524 0.361703 -0.610815
3.33794 0.361703 -0.192853
3.73064 0.361703 -0.0949618
4.12334 0.361703 -1.7361
4.51604 0.361703 -0.0958533
4.90874 0.361703 0.128325
5.30144 0.361703 -0.305351
5.69414 0.361703 -0.66102
6.08684 0.361703 -0.746109
6.47953 0.361703 1.48545
6.87223 0.361703 1.16345
7.26493 0.361703 0.495947
7.65763 0.361703 0.0908941
8.05033 0.361703 -0.272787
8.44303 0.361703 1.77416
8.83573 0.361703 -0.527167
9.22843 0.361703 -0.303512
9.62113 0.361703 -0.583728
10.0138 0.361703 0.0557556
10.4065 0.361703 -0.175591
10.7992 0.361703 -1.20278
11.1919 0.361703 -1.48531
11.5846 0.361703 0.154625
11.9773 0.361703 1.03014
12.37 0.361703 0.965273
12.7627 0.361703 -0.09905
13.1554 0.361703 -0.428312
13.5481 0.361703 -0.75816

-0.981748 0.486425 -1.25475
-0.589049 0.486425 0.724273
-0.19635 0.486425 -0.22144
0.19635 0.486425 0.127564
0.589049 0.486425 -0.186884
0.981748 0.486425 0.38855
1.37445 0.486425 -0.407381
1.76715 0.486425 -0.0720902
2.15984 0.486425 0.498339
2.55254 0.486425 -0.427973
2.94524 0.486425 0.148587
3.33794 0.486425 -1.28151
3.73064 0.486425 -0.169594
4.12334 0.486425 1.71824
4.51604 0.486425 -0.198355
4.90874 0.486425 -0.0710245
5.30144 0.486425 0.108481
5.69414 0.486425 -1.78961
6.08684 0.486425 -1.71664
6.47953 0.486425 0.922762
6.87223 0.486425 0.482637
7.26493 0.486425 0.919221
7.65763 0.486425 -0.240273
8.05033 0.486425 0.383181
8.44303 0.486425 0.636681
8.83573 0.486425 -0.782129
9.22843 0.486425 0.751039
9.62113 0.486425 -0.477883
10.0138 0.486425 0.146262
10.4065 0.486425 -1.29774
10.7992 0.486425 0.292054
11.1919 0.486425 0.0925713
11.5846 0.486425 -1.25475
11.9773 0.486425 0.724273
12.37 0.486425 -0.22144
12.7627 0.486425 0.127564
13.1554 0.486425 -0.186884
13.5481 0.486425 0.38855

-0.981748 0.594734 0.53557
-0.589049 0.594734 0.999015
-0.19635 0.594734 1.47146
0.19635 0.594734 0.0194359
0.589049 0.594734 -0.934205
0.981748 0.594734 0.0122276
1.37445 0.594734 -0.353481
1.76715 0.594734 -0.3089
2.15984 0.594734 1.4971
2.55254 0.594734 -0.931109
2.94524 0.594734 -1.29726
3.33794 0.594734 0.137376
3.73064 0.594734 -0.758258
4.12334 0.594734 0.0641532
4.51604 0.594734 0.245914
4.90874 0.594734 0.421875
5.30144 0.594734 -0.670853
5.69414 0.594734 0.914119
6.08684 0.594734 -0.186847
6.47953 0.594734 0.647134
6.87223 0.594734 1.66201
7.26493 0.594734 -0.298586
7.65763 0.594734 -0.224932
8.05033 0.594734 -0.076434
8.44303 0.594734 0.0746045
8.83573 0.594734 0.415947
9.22843 0.594734 -0.633887
9.62113 0.594734 0.385678
10.0138 0.594734 -0.737265
10.4065 0.594734 -0.286834
10.7992 0.594734 -0.588991
11.1919 0.594734 -1.10645
11.5846 0.594734 0.53557
11.9773 0.594734 0.999015
12.37 0.594734 1.47146
12.7627 0.594734 0.0194359
13.1554 0.594734 -0.934205
13.5481 0.594734 0.0122276

-0.981748 0.685849 0.150132
-0.589049 0.685849 1.04644
-0.19635 0.685849 -0.274061
0.19635 0.685849 -0.242375
0.589049 0.685849 1.12658
0.981748 0.685849 -0.0685991
1.37445 0.685849 -0.866812
1.76715 0.685849 0.0612903
2.15984 0.685849 -0.246956
2.55254 0.685849 0.25489
2.94524 0.685849 -0.199863
3.33794 0.685849 -0.0959279
3.73064 0.685849 -0.0887569
4.12334 0.685849 0.45598
4.51604 0.685849 -0.0360605
4.90874 0.685849 0.231285
5.30144 0.685849 -0.21776
5.69414 0.685849 1.79852
6.08684 0.685849 -0.533634
6.47953 0.685849 -0.6005
6.87223 0.685849 0.139485
7.26493 0.685849 0.360306
7.65763 0.685849 -0.260449
8.05033 0.685849 -0.327286
8.44303 0.685849 0.647152
8.83573 0.685849 -0.0777156
9.22843 0.685849 -0.868749
9.62113 0.685849 -0.462401
10.0138 0.685849 -0.635008
10.4065 0.685849 -0.495389
10.7992 0.685849 -0.521647
11.1919 0.685849 -0.480964
11.5846 0.685849 0.150132
11.9773 0.685849 1.04644
12.37 0.685849 -0.274061
12.7627 0.685849 -0.242375
13.1554 0.685849 1.12658
13.5481 0.685849 -0.0685991

-0.981748 0.760465 0.10618
-0.589049 0.760465 -0.233407
-0.19635 0.760465 -0.459
0.19635 0.760465 -0.100963
0.589049 0.760465 0.0435185
0.981748 0.760465 -0.500197
1.37445 0.760465 -0.616104
1.76715 0.760465 0.451783
2.15984 0.760465 -0.0106163
2.55254 0.760465 -0.437693
2.94524 0.760465 -0.811837
3.33794 0.760465 -0.359835
3.73064 0.760465 -0.959772
4.12334 0.760465 0.317291
4.51604 0.760465 -0.013966
4.90874 0.760465 0.496313
5.30144 0.760465 0.28366
5.69414 0.760465 0.455865
6.08684 0.760465 0.389053
6.47953 0.760465 0.177026
6.87223 0.760465 1.25077
7.26493 0.760465 0.0342006
7.65763 0.760465 0.137639
8.05033 0.760465 -0.876995
8.44303 0.760465 0.0435701
8.83573 0.760465 -0.0937588
9.22843 0.760465 -0.41023
9.62113 0.760465 -0.086636
10.0138 0.760465 -0.0547809
10.4065 0.760465 0.285259
10.7992 0.760465 0.596011
11.1919 0.760465 -0.202572
11.5846 0.760465 0.10618
11.9773 0.760465 -0.233407
12.37 0.760465 -0.459
12.7627 0.760465 -0.100963
13.1554 0.760465 0.0435185
13.5481 0.760465 -0.500197

-0.981748 0.820231 -0.865201
-0.589049 0.820231 -0.182837
-0.19635 0.820231 -0.570493
0.19635 0.820231 -0.529307
0.589049 0.820231 0.357954
0.981748 0.820231 0.0544569
1.37445 0.820231 -0.628984
1.76715 0.820231 0.539234
2.15984 0.820231 0.0295746
2.55254 0.820231 -0.206798
2.94524 0.820231 -0.0711511
3.33794 0.820231 0.0819158
3.73064 0.820231 -0.240408
4.12334 0.820231 0.296477
4.51604 0.820231 -0.267279
4.90874 0.820231 0.0464284
5.30144 0.820231 0.530704
5.69414 0.820231 0.346702
6.08684 0.820231 -0.179148
6.47953 0.820231 -0.676161
6.87223 0.820231 -0.0756577
7.26493 0.820231 0.532405
7.65763 0.820231 0.113895
8.05033 0.820231 0.29645
8.44303 0.820231 -0.0434476
8.83573 0.820231 -0.163895
9.22843 0.820231 -0.141241
9.62113 0.820231 -0.565982
10.0138 0.820231 0.407668
10.4065 0.820231 -0.11291
10.7992 0.820231 -0.129524
11.1919 0.820231 -0.171611
11.5846 0.820231 -0.865201
11.9773 0.820231 -0.182837
12.37 0.820231 -0.570493
12.7627 0.820231 -0.529307
13.1554 0.820231 0.357954
13.5481 0.820231 0.0544569

-0.981748 0.867255 -0.100051
-0.589049 0.867255 -0.537862
-0.19635 0.867255 -0.092416
0.19635 0.867255 -0.293477
0.589049 0.867255 0.221197
0.981748 0.867255 -0.0905988
1.37445 0.867255 -1.00255
1.76715 0.867255 0.44964
2.15984 0.867255 -0.0175263
2.55254 0.867255 -0.399419
2.94524 0.867255 -0.819184
3.33794 0.867255 -0.233657
3.73064 0.867255 -0.407338
4.12334 0.867255 0.153953
4.51604 0.867255 -0.0872014
4.90874 0.867255 0.509033
5.30144 0.867255 0.549314
5.69414 0.867255 0.290145
6.08684 0.867255 -0.133847
6.47953 0.867255 -0.278798
6.87223 0.867255 0.500275
7.26493 0.867255 0.196411
7.65763 0.867255 0.262788
8.05033 0.867255 -0.234907
8.44303 0.867255 0.103761
8.83573 0.867255 -0.496302
9.22843 0.867255 -0.260649
9.62113 0.867255 -0.510719
10.0138 0.867255 0.136379
10.4065 0.867255 0.0132938
10.7992 0.867255 0.326679
11.1919 0.867255 -0.025733
11.5846 0.867255 -0.100051
11.9773 0.867255 -0.537862
12.37 0.867255 -0.092416
12.7627 0.867255 -0.293477
13.1554 0.867255 0.221197
13.5481 0.867255 -0.0905988

-0.981748 0.903736 -0.232901
-0.589049 0.903736 -0.398035
-0.19635 0.903736 -0.128462
0.19635 0.903736 -0.252252
0.589049 0.903736 0.0911417
0.981748 0.903736 -0.252591
1.37445 0.903736 -0.594321
1.76715 0.903736 0.341064
2.15984 0.903736 0.13849
2.55254 0.903736 -0.223602
2.94524 0.903736 -0.83094
3.33794 0.903736 0.00419308
3.73064 0.903736 -0.104502
4.12334 0.903736 0.0946853
4.51604 0.903736 -0.494427
4.90874 0.903736 0.354123
5.30144 0.903736 0.534184
5.69414 0.903736 0.36373
6.08684 0.903736 0.0299111
6.47953 0.903736 -0.555226
6.87223 0.903736 0.126943
7.26493 0.903736 0.166768
7.65763 0.903736 0.131441
8.05033 0.903736 0.15393
8.44303 0.903736 0.0533095
8.83573 0.903736 -0.334277
9.22843 0.903736 -0.110782
9.62113 0.903736 -0.3255
10.0138 0.903736 0.286093
10.4065 0.903736 0.0545027
10.7992 0.903736 0.029792
11.1919 0.903736 -0.209604
11.5846 0.903736 -0.232901
11.9773 0.903736 -0.398035
12.37 0.903736 -0.128462
12.7627 0.903736 -0.252252
13.1554 0.903736 0.0911417
13.5481 0.903736 -0.252591

-0.981748 0.931728 -0.088999
-0.589049 0.931728 -0.262156
-0.19635 0.931728 -0.0720736
0.19635 0.931728 -0.244903
0.589049 0.931728 0.152884
0.981748 0.931728 -0.238135
1.37445 0.931728 -0.457297
1.76715 0.931728 0.192847
2.15984 0.931728 0.0427174
2.55254 0.931728 -0.143762
2.94524 0.931728 -0.980844
3.33794 0.931728 -0.0827463
3.73064 0.931728 0.0122943
4.12334 0.931728 -0.0897587
4.51604 0.931728 -0.180389
4.90874 0.931728 0.264649
5.30144 0.931728 0.369911
5.69414 0.931728 0.283175
6.08684 0.931728 0.219869
6.47953 0.931728 -0.334885
6.87223 0.931728 0.107338
7.26493 0.931728 -0.0225527
7.65763 0.931728 -0.0528865
8.05033 0.931728 0.36361
8.44303 0.931728 0.152234
8.83573 0.931728 -0.162165
9.22843 0.931728 -0.130751
9.62113 0.931728 -0.0893728
10.0138 0.931728 0.167832
10.4065 0.931728 0.0568114
10.7992 0.931728 0.0512019
11.1919 0.931728 -0.215418
11.5846 0.931728 -0.088999
11.9773 0.931728 -0.262156
12.37 0.931728 -0.0720736
12.7627 0.931728 -0.244903
13.1554 0.931728 0.152884
13.5481 0.931728 -0.238135

-0.981748 0.953025 -0.0440677
-0.589049 0.953025 -0.159226
-0.19635 0.953025 -0.0886566
0.19635 0.953025 -0.164837
0.589049 0.953025 0.104355
0.981748 0.953025 -0.2444
1.37445 0.953025 -0.306468
1.76715 0.953025 0.0568437
2.15984 0.953025 0.07085
2.55254 0.953025 -0.0502526
2.94524 0.953025 -0.686734
3.33794 0.953025 -0.0534732
3.73064 0.953025 0.158045
4.12334 0.953025 -0.0743672
4.51604 0.953025 -0.100733
4.90874 0.953025 0.0733776
5.30144 0.953025 0.193736
5.69414 0.953025 0.261737
6.08684 0.953025 0.281831
6.47953 0.953025 -0.249506
6.87223 0.953025 -0.0290295
7.26493 0.953025 -0.0784996
7.65763 0.953025 -0.110844
8.05033 0.953025 0.290122
8.44303 0.953025 0.0115604
8.83573 0.953025 -0.01455
9.22843 0.953025 -0.0342233
9.62113 0.953025 0.142101
10.0138 0.953025 0.174755
10.4065 0.953025 0.00848669
10.7992 0.953025 0.0205339
11.1919 0.953025 -0.197861
11.5846 0.953025 -0.0440677
11.9773 0.953025 -0.159226
12.37 0.953025 -0.0886566
12.7627 0.953025 -0.164837
13.1554 0.953025 0.104355
13.5481 0.953025 -0.2444

-0.981748 0.969125 0.00869564
-0.589049 0.969125 -0.0747415
-0.19635 0.969125 -0.0417264
0.19635 0.969125 -0.116312
0.589049 0.969125 0.0951391
0.981748 0.969125 -0.178478
1.37445 0.969125 -0.269224
1.76715 0.969125 -0.0374103
2.15984 0.969125 0.0314513
2.55254 0.969125 -0.0190793
2.94524 0.969125 -0.478093
3.33794 0.969125 -0.0771274
3.73064 0.969125 0.190928
4.12334 0.969125 0.00364483
4.51604 0.969125 0.0245038
4.90874 0.969125 0.0248079
5.30144 0.969125 0.0733953
5.69414 0.969125 0.221308
6.08684 0.969125 0.225106
6.47953 0.969125 -0.123825
6.87223 0.969125 -0.0723395
7.26493 0.969125 -0.121532
7.65763 0.969125 -0.111331
8.05033 0.969125 0.197177
8.44303 0.969125 -0.0079669
8.83573 0.969125 0.0217789
9.22843 0.969125 -0.0379406
9.62113 0.969125 0.189712
10.0138 0.969125 0.121571
10.4065 0.969125 0.00501377
10.7992 0.969125 0.0332941
11.1919 0.969125 -0.165771
11.5846 0.969125 0.00869564
11.9773 0.969125 -0.0747415
12.37 0.969125 -0.0417264
12.7627 0.969125 -0.116312
13.1554 0.969125 0.0951391
13.5481 0.969125 -0.178478

-0.981748 0.981237 0.0192061
-0.589049 0.981237 -0.0378512
-0.19635 0.981237 -0.0207566
0.19635 0.981237 -0.0691342
0.589049 0.981237 0.0635598
0.981748 0.981237 -0.135451
1.37445 0.981237 -0.196238
1.76715 0.981237 -0.0630046
2.15984 0.981237 0.0291509
2.55254 0.981237 0.00158404
2.94524 0.981237 -0.279505
3.33794 0.981237 -0.0423723
3.73064 0.981237 0.163393
4.12334 0.981237 0.0515711
4.51604 0.981237 0.0261593
4.90874 0.981237 0.0151796
5.30144 0.981237 0.0236248
5.69414 0.981237 0.184083
6.08684 0.981237 0.161642
6.47953 0.981237 -0.0773504
6.87223 0.981237 -0.08789
7.26493 0.981237 -0.103995
7.65763 0.981237 -0.0831344
8.05033 0.981237 0.102926
8.44303 0.981237 -0.0227253
8.83573 0.981237 0.0144886
9.22843 0.981237 -0.0209508
9.62113 0.981237 0.152287
10.0138 0.981237 0.0775926
10.4065 0.981237 -0.00212081
10.7992 0.981237 0.0251134
11.1919 0.981237 -0.121831
11.5846 0.981237 0.0192061
11.9773 0.981237 -0.0378512
12.37 0.981237 -0.0207566
12.7627 0.981237 -0.0691342
13.1554 0.981237 0.0635598
13.5481 0.981237 -0.135451

-0.981748 0.990315 0.0200018
-0.589049 0.990315 -0.0183897
-0.19635 0.990315 -0.00581046
0.19635 0.990315 -0.0361765
0.589049 0.990315 0.0394072
0.981748 0.990315 -0.0818322
1.37445 0.990315 -0.119375
1.76715 0.990315 -0.049458
2.15984 0.990315 0.0211143
2.55254 0.990315 0.00949803
2.94524 0.990315 -0.149338
3.33794 0.990315 -0.0229503
3.73064 0.990315 0.0990051
4.12334 0.990315 0.0532691
4.51604 0.990315 0.0242069
4.90874 0.990315 0.0199764
5.30144 0.990315 0.00951314
5.69414 0.990315 0.121381
6.08684 0.990315 0.0950656
6.47953 0.990315 -0.034728
6.87223 0.990315 -0.0631894
7.26493 0.990315 -0.0690215
7.65763 0.990315 -0.0506584
8.05033 0.990315 0.0438365
8.44303 0.990315 -0.0102714
8.83573 0.990315 0.00105227
9.22843 0.990315 -0.0188969
9.62113 0.990315 0.0841806
10.0138 0.990315 0.03432
10.4065 0.990315 -0.00509713
10.7992 0.990315 0.0132378
11.1919 0.990315 -0.0780526
11.5846 0.990315 0.0200018
11.9773 0.990315 -0.0183897
12.37 0.990315 -0.00581046
12.7627 0.990315 -0.0361765
13.1554 0.990315 0.0394072
13.5481 0.990315 -0.0818322

-0.981748 0.9971 0.00832154
-0.589049 0.9971 -0.00579331
-0.19635 0.9971 -0.000840094
0.19635 0.9971 -0.010729
0.589049 0.9971 0.0138681
0.981748 0.9971 -0.0290884
1.37445 0.9971 -0.0395338
1.76715 0.9971 -0.0183161
2.15984 0.9971 0.0107926
2.55254 0.9971 0.00714485
2.94524 0.9971 -0.0457989
3.33794 0.9971 -0.00488516
3.73064 0.9971 0.0331706
4.12334 0.9971 0.0243328
4.51604 0.9971 0.00753705
4.90874 0.9971 0.0109349
5.30144 0.9971 0.00470048
5.69414 0.9971 0.046399
6.08684 0.9971 0.0329806
6.47953 0.9971 -0.0100445
6.87223 0.9971 -0.0247671
7.26493 0.9971 -0.0246142
7.65763 0.9971 -0.0178707
8.05033 0.9971 0.00886148
8.44303 0.9971 -0.00254702
8.83573 0.9971 -0.00340993
9.22843 0.9971 -0.00830042
9.62113 0.9971 0.024046
10.0138 0.9971 0.00716488
10.4065 0.9971 -0.00443039
10.7992 0.9971 0.00258453
11.1919 0.9971 -0.029076
11.5846 0.9971 0.00832154
11.9773 0.9971 -0.00579331
12.37 0.9971 -0.000840094
12.7627 0.9971 -0.010729
13.1554 0.9971 0.0138681
13.5481 0.9971 -0.0290884

-0.981748 1.0029 -0.00832154
-0.589049 1.0029 0.00579331
-0.19635 1.0029 0.000840094
0.19635 1.0029 0.010729
0.589049 1.0029 -0.0138681
0.981748 1.0029 0.0290884
1.37445 1.0029 0.0395338
1.76715 1.0029 0.0183161
2.15984 1.0029 -0.0107926
2.55254 1.0029 -0.00714485
2.94524 1.0029 0.0457989
3.33794 1.0029 0.00488516
3.73064 1.0029 -0.0331706
4.12334 1.0029 -0.0243328
4.51604 1.0029 -0.00753705
4.90874 1.0029 -0.0109349
5.30144 1.0029 -0.00470048
5.69414 1.0029 -0.046399
6.08684 1.0029 -0.0329806
6.47953 1.0029 0.0100445
6.87223 1.0029 0.0247671
7.26493 1.0029 0.0246142
7.65763 1.0029 0.0178707
8.05033 1.0029 -0.00886148
8.44303 1.0029 0.00254702
8.83573 1.0029 0.00340993
9.22843 1.0029 0.00830042
9.62113 1.0029 -0.024046
10.0138 1.0029 -0.00716488
10.4065 1.0029 0.00443039
10.7992 1.0029 -0.00258453
11.1919 1.0029 0.029076
11.5846 1.0029 -0.00832154
11.9773 1.0029 0.00579331
12.37 1.0029 0.000840094
12.7627 1.0029 0.010729
13.1554 1.0029 -0.0138681
13.5481 1.0029 0.0290884

