0.392699 0.03125 -1.75031e-06
1.1781 0.03125 -2.79235e-07
1.9635 0.03125 -2.00011e-06
2.74889 0.03125 -3.85158e-07
3.53429 0.03125 -1.707e-06
4.31969 0.03125 -3.4761e-07
5.10509 0.03125 -1.41635e-06
5.89049 0.03125 -2.14119e-07
6.67588 0.03125 -5.80754e-07
7.46128 0.03125 4.96572e-08
8.24668 0.03125 3.51104e-07
9.03208 0.03125 3.90941e-07
9.81748 0.03125 1.2208e-06
10.6029 0.03125 5.69993e-07
11.3883 0.03125 1.86023e-06
12.1737 0.03125 5.09205e-07
12.9591 0.03125 2.05456e-06
13.7445 0.03125 5.41641e-07
14.5299 0.03125 1.88884e-06
15.3153 0.03125 2.4724e-07
16.1007 0.03125 1.53127e-06
16.8861 0.03125 4.8796e-08
17.6715 0.03125 9.28143e-07
18.4569 0.03125 -7.60216e-08
19.2423 0.03125 2.18792e-07
20.0277 0.03125 -2.24871e-07
20.8131 0.03125 -3.01354e-07
21.5984 0.03125 -1.28079e-07
22.3838 0.03125 -9.1411e-07
23.1692 0.03125 -3.75535e-07
23.9546 0.03125 -1.38713e-06
24.74 0.03125 -3.29514e-07
0.392699 0.09375 -1.76554e-06
1.1781 0.09375 -2.8245e-07
1.9635 0.09375 -1.99276e-06
2.74889 0.09375 -3.82315e-07
3.53429 0.09375 -1.73088e-06
4.31969 0.09375 -3.34068e-07
5.10509 0.09375 -1.40991e-06
5.89049 0.09375 -1.9465e-07
6.67588 0.09375 -5.8853e-07
7.46128 0.09375 5.97496e-08
8.24668 0.09375 3.40799e-07
9.03208 0.09375 3.94777e-07
9.81748 0.09375 1.21573e-06
10.6029 0.09375 5.54976e-07
11.3883 0.09375 1.85692e-06
12.1737 0.09375 5.1797e-07
12.9591 0.09375 2.06527e-06
13.7445 0.09375 5.2845e-07
14.5299 0.09375 1.9047e-06
15.3153 0.09375 2.4327e-07
16.1007 0.09375 1.52461e-06
16.8861 0.09375 3.95132e-08
17.6715 0.09375 9.38021e-07
18.4569 0.09375 -8.36251e-08
19.2423 0.09375 2.45027e-07
20.0277 0.09375 -2.24908e-07
20.8131 0.09375 -2.99323e-07
21.5984 0.09375 -1.4989e-07
22.3838 0.09375 -9.06093e-07
23.1692 0.09375 -3.67036e-07
23.9546 0.09375 -1.40019e-06
24.74 0.09375 -3.21375e-07
0.392699 0.15625 -1.76345e-06
1.1781 0.15625 -3.0883e-07
1.9635 0.15625 -1.96384e-06
2.74889 0.15625 -3.9909e-07
3.53429 0.15625 -1.70588e-06
4.31969 0.15625 -3.71494e-07
5.10509 0.15625 -1.38651e-06
5.89049 0.15625 -2.44474e-07
6.67588 0.15625 -5.68244e-07
7.46128 0.15625 3.18328e-08
8.24668 0.15625 3.69223e-07
9.03208 0.15625 3.97597e-07
9.81748 0.15625 1.2382e-06
10.6029 0.15625 5.76662e-07
11.3883 0.15625 1.84085e-06
12.1737 0.15625 5.29354e-07
12.9591 0.15625 2.03431e-06
13.7445 0.15625 5.23285e-07
14.5299 0.15625 1.89353e-06
15.3153 0.15625 2.73707e-07
16.1007 0.15625 1.53313e-06
16.8861 0.15625 6.93254e-08
17.6715 0.15625 9.02083e-07
18.4569 0.15625 -8.39082e-08
19.2423 0.15625 2.02692e-07
20.0277 0.15625 -2.14934e-07
20.8131 0.15625 -3.26987e-07
21.5984 0.15625 -1.0887e-07
22.3838 0.15625 -8.94258e-07
23.1692 0.15625 -3.4214e-07
23.9546 0.15625 -1.409e-06
24.74 0.15625 -3.31777e-07
0.392699 0.21875 -1.79004e-06
1.1781 0.21875 -2.7956e-07
1.9635 0.21875 -1.99105e-06
2.74889 0.21875 -3.77025e-07
3.53429 0.21875 -1.77316e-06
4.31969 0.21875 -3.15642e-07
5.10509 0.21875 -1.39936e-06
5.89049 0.21875 -1.4797e-07
6.67588 0.21875 -5.98797e-07
7.46128 0.21875 8.08387e-08
8.24668 0.21875 3.17089e-07
9.03208 0.21875 3.88502e-07
9.81748 0.21875 1.20651e-06
10.6029 0.21875 5.39883e-07
11.3883 0.21875 1.84908e-06
12.1737 0.21875 5.26311e-07
12.9591 0.21875 2.08616e-06
13.7445 0.21875 5.08314e-07
14.5299 0.21875 1.93238e-06
15.3153 0.21875 2.3845e-07
16.1007 0.21875 1.51902e-06
16.8861 0.21875 1.91168e-08
17.6715 0.21875 9.51051e-07
18.4569 0.21875 -9.47713e-08
19.2423 0.21875 2.98972e-07
20.0277 0.21875 -2.29952e-07
20.8131 0.21875 -2.89918e-07
21.5984 0.21875 -1.89675e-07
22.3838 0.21875 -8.98261e-07
23.1692 0.21875 -3.51467e-07
23.9546 0.21875 -1.4194e-06
24.74 0.21875 -3.14807e-07
0.392699 0.28125 -1.76596e-06
1.1781 0.28125 -3.31058e-07
1.9635 0.28125 -1.93562e-06
2.74889 0.28125 -4.12942e-07
3.53429 0.28125 -1.70124e-06
4.31969 0.28125 -3.95627e-07
5.10509 0.28125 -1.36569e-06
5.89049 0.28125 -2.7324e-07
6.67588 0.28125 -5.52816e-07
7.46128 0.28125 2.02748e-08
8.24668 0.28125 3.86347e-07
9.03208 0.28125 3.9572e-07
9.81748 0.28125 1.24863e-06
10.6029 0.28125 5.87019e-07
11.3883 0.28125 1.82852e-06
12.1737 0.28125 5.44401e-07
12.9591 0.28125 2.01701e-06
13.7445 0.28125 5.17342e-07
14.5299 0.28125 1.89767e-06
15.3153 0.28125 2.93023e-07
16.1007 0.28125 1.52906e-06
16.8861 0.28125 8.45869e-08
17.6715 0.28125 8.85398e-07
18.4569 0.28125 -9.2108e-08
19.2423 0.28125 1.82704e-07
20.0277 0.28125 -1.97837e-07
20.8131 0.28125 -3.53247e-07
21.5984 0.28125 -1.00607e-07
22.3838 0.28125 -8.84151e-07
23.1692 0.28125 -3.03454e-07
23.9546 0.28125 -1.42212e-06
24.74 0.28125 -3.40358e-07
0.392699 0.34375 -1.80851e-06
1.1781 0.34375 -2.78626e-07
1.9635 0.34375 -1.99678e-06
2.74889 0.34375 -3.66091e-07
3.53429 0.34375 -1.80572e-06
4.31969 0.34375 -3.01279e-07
5.10509 0.34375 -1.40057e-06
5.89049 0.34375 -1.12826e-07
6.67588 0.34375 -6.08838e-07
7.46128 0.34375 1.08087e-07
8.24668 0.34375 3.03305e-07
9.03208 0.34375 3.79439e-07
9.81748 0.34375 1.19148e-06
10.6029 0.34375 5.27409e-07
11.3883 0.34375 1.85115e-06
12.1737 0.34375 5.35575e-07
12.9591 0.34375 2.10798e-06
13.7445 0.34375 4.90478e-07
14.5299 0.34375 1.94782e-06
15.3153 0.34375 2.29919e-07
16.1007 0.34375 1.51918e-06
16.8861 0.34375 4.47358e-09
17.6715 0.34375 9.6372e-07
18.4569 0.34375 -1.07494e-07
19.2423 0.34375 3.42915e-07
20.0277 0.34375 -2.3087e-07
20.8131 0.34375 -2.78934e-07
21.5984 0.34375 -2.30764e-07
22.3838 0.34375 -8.99825e-07
23.1692 0.34375 -3.40328e-07
23.9546 0.34375 -1.42632e-06
24.74 0.34375 -3.04978e-07
0.392699 0.40625 -1.77132e-06
1.1781 0.40625 -3.53092e-07
1.9635 0.40625 -1.91315e-06
2.74889 0.40625 -4.23345e-07
3.53429 0.40625 -1.69152e-06
4.31969 0.40625 -4.19352e-07
5.10509 0.40625 -1.35478e-06
5.89049 0.40625 -3.06663e-07
6.67588 0.40625 -5.39242e-07
7.46128 0.40625 1.00129e-08
8.24668 0.40625 4.07017e-07
9.03208 0.40625 3.98666e-07
9.81748 0.40625 1.2587e-06
10.6029 0.40625 5.94567e-07
11.3883 0.40625 1.81994e-06
12.1737 0.40625 5.60202e-07
12.9591 0.40625 2.00166e-06
13.7445 0.40625 5.08349e-07
14.5299 0.40625 1.89391e-06
15.3153 0.40625 3.15442e-07
16.1007 0.40625 1.53134e-06
16.8861 0.40625 9.70588e-08
17.6715 0.40625 8.67968e-07
18.4569 0.40625 -9.42037e-08
19.2423 0.40625 1.62456e-07
20.0277 0.40625 -1.86646e-07
20.8131 0.40625 -3.77608e-07
21.5984 0.40625 -8.93279e-08
22.3838 0.40625 -8.76466e-07
23.1692 0.40625 -2.74137e-07
23.9546 0.40625 -1.42566e-06
24.74 0.40625 -3.43759e-07
0.392699 0.46875 -1.81987e-06
1.1781 0.46875 -2.76673e-07
1.9635 0.46875 -2.00444e-06
2.74889 0.46875 -3.53296e-07
3.53429 0.46875 -1.83138e-06
4.31969 0.46875 -2.93234e-07
5.10509 0.46875 -1.40324e-06
5.89049 0.46875 -7.50705e-08
6.67588 0.46875 -6.16316e-07
7.46128 0.46875 1.2361e-07
8.24668 0.46875 2.84588e-07
9.03208 0.46875 3.74694e-07
9.81748 0.46875 1.18167e-06
10.6029 0.46875 5.14515e-07
11.3883 0.46875 1.85181e-06
12.1737 0.46875 5.44731e-07
12.9591 0.46875 2.13289e-06
13.7445 0.46875 4.79851e-07
14.5299 0.46875 1.95652e-06
15.3153 0.46875 2.15378e-07
16.1007 0.46875 1.51409e-06
16.8861 0.46875 -1.21606e-08
17.6715 0.46875 9.79855e-07
18.4569 0.46875 -1.11324e-07
19.2423 0.46875 3.79943e-07
20.0277 0.46875 -2.39098e-07
20.8131 0.46875 -2.67423e-07
21.5984 0.46875 -2.59249e-07
22.3838 0.46875 -8.99724e-07
23.1692 0.46875 -3.36288e-07
23.9546 0.46875 -1.43526e-06
24.74 0.46875 -2.92902e-07
0.392699 0.53125 -1.76823e-06
1.1781 0.53125 -3.69802e-07
1.9635 0.53125 -1.89571e-06
2.74889 0.53125 -4.31608e-07
3.53429 0.53125 -1.67953e-06
4.31969 0.53125 -4.39828e-07
5.10509 0.53125 -1.33998e-06
5.89049 0.53125 -3.2844e-07
6.67588 0.53125 -5.29044e-07
7.46128 0.53125 -2.47803e-09
8.24668 0.53125 4.21638e-07
9.03208 0.53125 3.96813e-07
9.81748 0.53125 1.2636e-06
10.6029 0.53125 5.98396e-07
11.3883 0.53125 1.81053e-06
12.1737 0.53125 5.73873e-07
12.9591 0.53125 1.99594e-06
13.7445 0.53125 5.07822e-07
14.5299 0.53125 1.88974e-06
15.3153 0.53125 3.24669e-07
16.1007 0.53125 1.52589e-06
16.8861 0.53125 1.09258e-07
17.6715 0.53125 8.595e-07
18.4569 0.53125 -9.42174e-08
19.2423 0.53125 1.42408e-07
20.0277 0.53125 -1.79953e-07
20.8131 0.53125 -3.97102e-07
21.5984 0.53125 -7.35623e-08
22.3838 0.53125 -8.75138e-07
23.1692 0.53125 -2.55024e-07
23.9546 0.53125 -1.4324e-06
24.74 0.53125 -3.43349e-07
0.392699 0.59375 -1.83085e-06
1.1781 0.59375 -2.72424e-07
1.9635 0.59375 -2.00931e-06
2.74889 0.59375 -3.44777e-07
3.53429 0.59375 -1.85106e-06
4.31969 0.59375 -2.80279e-07
5.10509 0.59375 -1.40323e-06
5.89049 0.59375 -4.74998e-08
6.67588 0.59375 -6.25574e-07
7.46128 0.59375 1.4223e-07
8.24668 0.59375 2.7212e-07
9.03208 0.59375 3.62792e-07
9.81748 0.59375 1.16571e-06
10.6029 0.59375 5.03026e-07
11.3883 0.59375 1.85294e-06
12.1737 0.59375 5.50872e-07
12.9591 0.59375 2.15467e-06
13.7445 0.59375 4.74657e-07
14.5299 0.59375 1.96952e-06
15.3153 0.59375 2.04914e-07
16.1007 0.59375 1.5115e-06
16.8861 0.59375 -2.3692e-08
17.6715 0.59375 9.92862e-07
18.4569 0.59375 -1.16301e-07
19.2423 0.59375 4.12298e-07
20.0277 0.59375 -2.44477e-07
20.8131 0.59375 -2.58265e-07
21.5984 0.59375 -2.85896e-07
22.3838 0.59375 -9.12013e-07
23.1692 0.59375 -3.37072e-07
23.9546 0.59375 -1.43634e-06
24.74 0.59375 -2.81299e-07
0.392699 0.65625 -1.76821e-06
1.1781 0.65625 -3.81029e-07
1.9635 0.65625 -1.87902e-06
2.74889 0.65625 -4.39412e-07
3.53429 0.65625 -1.67306e-06
4.31969 0.65625 -4.5485e-07
5.10509 0.65625 -1.33192e-06
5.89049 0.65625 -3.52539e-07
6.67588 0.65625 -5.22887e-07
7.46128 0.65625 -5.78764e-09
8.24668 0.65625 4.40756e-07
9.03208 0.65625 3.91889e-07
9.81748 0.65625 1.26689e-06
10.6029 0.65625 6.07813e-07
11.3883 0.65625 1.80138e-06
12.1737 0.65625 5.77519e-07
12.9591 0.65625 1.99087e-06
13.7445 0.65625 5.1332e-07
14.5299 0.65625 1.88979e-06
15.3153 0.65625 3.35456e-07
16.1007 0.65625 1.5238e-06
16.8861 0.65625 1.1928e-07
17.6715 0.65625 8.50655e-07
18.4569 0.65625 -9.91275e-08
19.2423 0.65625 1.27823e-07
20.0277 0.65625 -1.69066e-07
20.8131 0.65625 -4.10127e-07
21.5984 0.65625 -6.54251e-08
22.3838 0.65625 -8.81688e-07
23.1692 0.65625 -2.41605e-07
23.9546 0.65625 -1.43403e-06
24.74 0.65625 -3.44589e-07
0.392699 0.71875 -1.83638e-06
1.1781 0.71875 -2.70936e-07
1.9635 0.71875 -2.01693e-06
2.74889 0.71875 -3.41423e-07
3.53429 0.71875 -1.86939e-06
4.31969 0.71875 -2.68001e-07
5.10509 0.71875 -1.40219e-06
5.89049 0.71875 -3.03036e-08
6.67588 0.71875 -6.35553e-07
7.46128 0.71875 1.5733e-07
8.24668 0.71875 2.66616e-07
9.03208 0.71875 3.56483e-07
9.81748 0.71875 1.1606e-06
10.6029 0.71875 5.02836e-07
11.3883 0.71875 1.8509e-06
12.1737 0.71875 5.47715e-07
12.9591 0.71875 2.16807e-06
13.7445 0.71875 4.71445e-07
14.5299 0.71875 1.97984e-06
15.3153 0.71875 1.98926e-07
16.1007 0.71875 1.5081e-06
16.8861 0.71875 -3.7111e-08
17.6715 0.71875 1.00351e-06
18.4569 0.71875 -1.23093e-07
19.2423 0.71875 4.35256e-07
20.0277 0.71875 -2.46784e-07
20.8131 0.71875 -2.45425e-07
21.5984 0.71875 -3.01429e-07
22.3838 0.71875 -9.1727e-07
23.1692 0.71875 -3.38561e-07
23.9546 0.71875 -1.44384e-06
24.74 0.71875 -2.71433e-07
0.392699 0.78125 -1.76713e-06
1.1781 0.78125 -3.87727e-07
1.9635 0.78125 -1.87102e-06
2.74889 0.78125 -4.55508e-07
3.53429 0.78125 -1.67086e-06
4.31969 0.78125 -4.58339e-07
5.10509 0.78125 -1.31927e-06
5.89049 0.78125 -3.69151e-07
6.67588 0.78125 -5.21611e-07
7.46128 0.78125 -1.5432e-08
8.24668 0.78125 4.51368e-07
9.03208 0.78125 3.94305e-07
9.81748 0.78125 1.27543e-06
10.6029 0.78125 6.16991e-07
11.3883 0.78125 1.79576e-06
12.1737 0.78125 5.82275e-07
12.9591 0.78125 1.97955e-06
13.7445 0.78125 5.09071e-07
14.5299 0.78125 1.89262e-06
15.3153 0.78125 3.45341e-07
16.1007 0.78125 1.51908e-06
16.8861 0.78125 1.20554e-07
17.6715 0.78125 8.4471e-07
18.4569 0.78125 -9.96343e-08
19.2423 0.78125 1.19464e-07
20.0277 0.78125 -1.63447e-07
20.8131 0.78125 -4.2213e-07
21.5984 0.78125 -5.4936e-08
22.3838 0.78125 -8.77012e-07
23.1692 0.78125 -2.25384e-07
23.9546 0.78125 -1.43868e-06
24.74 0.78125 -3.47969e-07
0.392699 0.84375 -1.8372e-06
1.1781 0.84375 -2.60049e-07
1.9635 0.84375 -2.018e-06
2.74889 0.84375 -3.48788e-07
3.53429 0.84375 -1.8857e-06
4.31969 0.84375 -2.6113e-07
5.10509 0.84375 -1.39678e-06
5.89049 0.84375 -1.29376e-08
6.67588 0.84375 -6.43439e-07
7.46128 0.84375 1.62321e-07
8.24668 0.84375 2.62427e-07
9.03208 0.84375 3.58376e-07
9.81748 0.84375 1.1535e-06
10.6029 0.84375 4.96589e-07
11.3883 0.84375 1.85068e-06
12.1737 0.84375 5.55391e-07
12.9591 0.84375 2.17943e-06
13.7445 0.84375 4.60589e-07
14.5299 0.84375 1.98145e-06
15.3153 0.84375 1.9021e-07
16.1007 0.84375 1.5059e-06
16.8861 0.84375 -4.31847e-08
17.6715 0.84375 1.01448e-06
18.4569 0.84375 -1.22722e-07
19.2423 0.84375 4.55498e-07
20.0277 0.84375 -2.50543e-07
20.8131 0.84375 -2.49413e-07
21.5984 0.84375 -3.15484e-07
22.3838 0.84375 -9.15422e-07
23.1692 0.84375 -3.31847e-07
23.9546 0.84375 -1.4508e-06
24.74 0.84375 -2.7068e-07
0.392699 0.90625 -1.7639e-06
1.1781 0.90625 -3.91051e-07
1.9635 0.90625 -1.86205e-06
2.74889 0.90625 -4.60791e-07
3.53429 0.90625 -1.66995e-06
4.31969 0.90625 -4.70672e-07
5.10509 0.90625 -1.31423e-06
5.89049 0.90625 -3.75476e-07
6.67588 0.90625 -5.19102e-07
7.46128 0.90625 -1.7272e-08
8.24668 0.90625 4.62257e-07
9.03208 0.90625 4.00107e-07
9.81748 0.90625 1.27476e-06
10.6029 0.90625 6.13236e-07
11.3883 0.90625 1.78899e-06
12.1737 0.90625 5.93119e-07
12.9591 0.90625 1.98093e-06
13.7445 0.90625 5.01075e-07
14.5299 0.90625 1.88839e-06
15.3153 0.90625 3.5177e-07
16.1007 0.90625 1.52075e-06
16.8861 0.90625 1.21324e-07
17.6715 0.90625 8.43631e-07
18.4569 0.90625 -9.52763e-08
19.2423 0.90625 1.18027e-07
20.0277 0.90625 -1.61315e-07
20.8131 0.90625 -4.36728e-07
21.5984 0.90625 -5.67817e-08
22.3838 0.90625 -8.81247e-07
23.1692 0.90625 -2.15131e-07
23.9546 0.90625 -1.44064e-06
24.74 0.90625 -3.46379e-07
0.392699 0.96875 -1.84212e-06
1.1781 0.96875 -2.67947e-07
1.9635 0.96875 -2.01829e-06
2.74889 0.96875 -3.40084e-07
3.53429 0.96875 -1.88808e-06
4.31969 0.96875 -2.68091e-07
5.10509 0.96875 -1.40184e-06
5.89049 0.96875 -3.83025e-09
6.67588 0.96875 -6.40298e-07
7.46128 0.96875 1.69787e-07
8.24668 0.96875 2.6179e-07
9.03208 0.96875 3.61531e-07
9.81748 0.96875 1.15203e-06
10.6029 0.96875 4.91186e-07
11.3883 0.96875 1.84432e-06
12.1737 0.96875 5.57512e-07
12.9591 0.96875 2.1857e-06
13.7445 0.96875 4.57052e-07
14.5299 0.96875 1.98667e-06
15.3153 0.96875 1.93324e-07
16.1007 0.96875 1.5075e-06
16.8861 0.96875 -5.20933e-08
17.6715 0.96875 1.01292e-06
18.4569 0.96875 -1.24249e-07
19.2423 0.96875 4.71703e-07
20.0277 0.96875 -2.44119e-07
20.8131 0.96875 -2.49494e-07
21.5984 0.96875 -3.28639e-07
22.3838 0.96875 -9.27815e-07
23.1692 0.96875 -3.31776e-07
23.9546 0.96875 -1.44789e-06
24.74 0.96875 -2.63179e-07
0.392699 1.03125 -1.76634e-06
1.1781 1.03125 -3.98326e-07
1.9635 1.03125 -1.85921e-06
2.74889 1.03125 -4.56607e-07
3.53429 1.03125 -1.66874e-06
4.31969 1.03125 -4.79998e-07
5.10509 1.03125 -1.31396e-06
5.89049 1.03125 -3.72537e-07
6.67588 1.03125 -5.14589e-07
7.46128 1.03125 -1.40981e-08
8.24668 1.03125 4.63997e-07
9.03208 1.03125 3.98186e-07
9.81748 1.03125 1.27375e-06
10.6029 1.03125 6.1418e-07
11.3883 1.03125 1.78484e-06
12.1737 1.03125 5.94348e-07
12.9591 1.03125 1.98408e-06
13.7445 1.03125 5.04011e-07
14.5299 1.03125 1.88924e-06
15.3153 1.03125 3.48775e-07
16.1007 1.03125 1.519e-06
16.8861 1.03125 1.23868e-07
17.6715 1.03125 8.42943e-07
18.4569 1.03125 -9.88936e-08
19.2423 1.03125 1.25498e-07
20.0277 1.03125 -1.51663e-07
20.8131 1.03125 -4.37764e-07
21.5984 1.03125 -5.95299e-08
22.3838 1.03125 -8.91193e-07
23.1692 1.03125 -2.17502e-07
23.9546 1.03125 -1.44179e-06
24.74 1.03125 -3.4366e-07
0.392699 1.09375 -1.84378e-06
1.1781 1.09375 -2.69928e-07
1.9635 1.09375 -2.01699e-06
2.74889 1.09375 -3.45709e-07
3.53429 1.09375 -1.89017e-06
4.31969 1.09375 -2.67822e-07
5.10509 1.09375 -1.39301e-06
5.89049 1.09375 -3.16946e-09
6.67588 1.09375 -6.4246e-07
7.46128 1.09375 1.74463e-07
8.24668 1.09375 2.68207e-07
9.03208 1.09375 3.53884e-07
9.81748 1.09375 1.14242e-06
10.6029 1.09375 4.90982e-07
11.3883 1.09375 1.84359e-06
12.1737 1.09375 5.61828e-07
12.9591 1.09375 2.19124e-06
13.7445 1.09375 4.60933e-07
14.5299 1.09375 1.98628e-06
15.3153 1.09375 1.87606e-07
16.1007 1.09375 1.49915e-06
16.8861 1.09375 -4.90207e-08
17.6715 1.09375 1.02322e-06
18.4569 1.09375 -1.21669e-07
19.2423 1.09375 4.7372e-07
20.0277 1.09375 -2.43916e-07
20.8131 1.09375 -2.51405e-07
21.5984 1.09375 -3.26891e-07
22.3838 1.09375 -9.35976e-07
23.1692 1.09375 -3.34476e-07
23.9546 1.09375 -1.44748e-06
24.74 1.09375 -2.608e-07
0.392699 1.15625 -1.77205e-06
1.1781 1.15625 -3.91559e-07
1.9635 1.15625 -1.85945e-06
2.74889 1.15625 -4.66416e-07
3.53429 1.15625 -1.67544e-06
4.31969 1.15625 -4.71929e-07
5.10509 1.15625 -1.30985e-06
5.89049 1.15625 -3.66594e-07
6.67588 1.15625 -5.1952e-07
7.46128 1.15625 -5.24147e-09
8.24668 1.15625 4.6468e-07
9.03208 1.15625 3.90853e-07
9.81748 1.15625 1.2644e-06
10.6029 1.15625 6.11426e-07
11.3883 1.15625 1.78501e-06
12.1737 1.15625 5.99566e-07
12.9591 1.15625 1.99401e-06
13.7445 1.15625 5.04498e-07
14.5299 1.15625 1.89278e-06
15.3153 1.15625 3.46462e-07
16.1007 1.15625 1.5097e-06
16.8861 1.15625 1.13649e-07
17.6715 1.15625 8.51678e-07
18.4569 1.15625 -9.21644e-08
19.2423 1.15625 1.36065e-07
20.0277 1.15625 -1.5969e-07
20.8131 1.15625 -4.36244e-07
21.5984 1.15625 -5.88236e-08
22.3838 1.15625 -8.96907e-07
23.1692 1.15625 -2.19368e-07
23.9546 1.15625 -1.43909e-06
24.74 1.15625 -3.43992e-07
0.392699 1.21875 -1.84662e-06
1.1781 1.21875 -2.65718e-07
1.9635 1.21875 -2.00606e-06
2.74889 1.21875 -3.55851e-07
3.53429 1.21875 -1.88612e-06
4.31969 1.21875 -2.76001e-07
5.10509 1.21875 -1.39623e-06
5.89049 1.21875 -1.25939e-08
6.67588 1.21875 -6.34409e-07
7.46128 1.21875 1.75036e-07
8.24668 1.21875 2.71187e-07
9.03208 1.21875 3.52095e-07
9.81748 1.21875 1.14622e-06
10.6029 1.21875 4.94403e-07
11.3883 1.21875 1.83826e-06
12.1737 1.21875 5.71336e-07
12.9591 1.21875 2.19383e-06
13.7445 1.21875 4.56703e-07
14.5299 1.21875 1.98493e-06
15.3153 1.21875 1.95249e-07
16.1007 1.21875 1.49357e-06
16.8861 1.21875 -5.44085e-08
17.6715 1.21875 1.01652e-06
18.4569 1.21875 -1.182e-07
19.2423 1.21875 4.71913e-07
20.0277 1.21875 -2.43075e-07
20.8131 1.21875 -2.58108e-07
21.5984 1.21875 -3.15925e-07
22.3838 1.21875 -9.35539e-07
23.1692 1.21875 -3.28697e-07
23.9546 1.21875 -1.44741e-06
24.74 1.21875 -2.68464e-07
0.392699 1.28125 -1.77359e-06
1.1781 1.28125 -3.86665e-07
1.9635 1.28125 -1.86192e-06
2.74889 1.28125 -4.62253e-07
3.53429 1.28125 -1.68218e-06
4.31969 1.28125 -4.73353e-07
5.10509 1.28125 -1.32e-06
5.89049 1.28125 -3.47162e-07
6.67588 1.28125 -5.14702e-07
7.46128 1.28125 4.38856e-09
8.24668 1.28125 4.54439e-07
9.03208 1.28125 3.89214e-07
9.81748 1.28125 1.26235e-06
10.6029 1.28125 6.06537e-07
11.3883 1.28125 1.77785e-06
12.1737 1.28125 6.04164e-07
12.9591 1.28125 2.0108e-06
13.7445 1.28125 4.97552e-07
14.5299 1.28125 1.89606e-06
15.3153 1.28125 3.39777e-07
16.1007 1.28125 1.50698e-06
16.8861 1.28125 1.03698e-07
17.6715 1.28125 8.53878e-07
18.4569 1.28125 -9.47574e-08
19.2423 1.28125 1.56235e-07
20.0277 1.28125 -1.58294e-07
20.8131 1.28125 -4.34257e-07
21.5984 1.28125 -6.54121e-08
22.3838 1.28125 -8.97163e-07
23.1692 1.28125 -2.252e-07
23.9546 1.28125 -1.44449e-06
24.74 1.28125 -3.40843e-07
0.392699 1.34375 -1.84017e-06
1.1781 1.34375 -2.71428e-07
1.9635 1.34375 -1.99721e-06
2.74889 1.34375 -3.61763e-07
3.53429 1.34375 -1.8776e-06
4.31969 1.34375 -2.91071e-07
5.10509 1.34375 -1.39127e-06
5.89049 1.34375 -2.18477e-08
6.67588 1.34375 -6.23347e-07
7.46128 1.34375 1.69104e-07
8.24668 1.34375 2.75522e-07
9.03208 1.34375 3.51477e-07
9.81748 1.34375 1.15434e-06
10.6029 1.34375 5.05149e-07
11.3883 1.34375 1.8265e-06
12.1737 1.34375 5.72205e-07
12.9591 1.34375 2.19135e-06
13.7445 1.34375 4.52747e-07
14.5299 1.34375 1.98037e-06
15.3153 1.34375 2.01102e-07
16.1007 1.34375 1.49406e-06
16.8861 1.34375 -4.66295e-08
17.6715 1.34375 1.00903e-06
18.4569 1.34375 -1.17246e-07
19.2423 1.34375 4.62898e-07
20.0277 1.34375 -2.35952e-07
20.8131 1.34375 -2.71697e-07
21.5984 1.34375 -2.9912e-07
22.3838 1.34375 -9.31171e-07
23.1692 1.34375 -3.28506e-07
23.9546 1.34375 -1.45648e-06
24.74 1.34375 -2.72979e-07
0.392699 1.40625 -1.77398e-06
1.1781 1.40625 -3.75331e-07
1.9635 1.40625 -1.86645e-06
2.74889 1.40625 -4.60742e-07
3.53429 1.40625 -1.69724e-06
4.31969 1.40625 -4.61405e-07
5.10509 1.40625 -1.3198e-06
5.89049 1.40625 -3.28481e-07
6.67588 1.40625 -5.22024e-07
7.46128 1.40625 2.02409e-08
8.24668 1.40625 4.41972e-07
9.03208 1.40625 3.80565e-07
9.81748 1.40625 1.25478e-06
10.6029 1.40625 6.10342e-07
11.3883 1.40625 1.77662e-06
12.1737 1.40625 5.99898e-07
12.9591 1.40625 2.02501e-06
13.7445 1.40625 4.86733e-07
14.5299 1.40625 1.89918e-06
15.3153 1.40625 3.33514e-07
16.1007 1.40625 1.50921e-06
16.8861 1.40625 9.58173e-08
17.6715 1.40625 8.64537e-07
18.4569 1.40625 -9.56613e-08
19.2423 1.40625 1.78996e-07
20.0277 1.40625 -1.61664e-07
20.8131 1.40625 -4.27481e-07
21.5984 1.40625 -7.29948e-08
22.3838 1.40625 -8.98998e-07
23.1692 1.40625 -2.38561e-07
23.9546 1.40625 -1.45317e-06
24.74 1.40625 -3.40171e-07
0.392699 1.46875 -1.83096e-06
1.1781 1.46875 -2.74618e-07
1.9635 1.46875 -1.98046e-06
2.74889 1.46875 -3.7286e-07
3.53429 1.46875 -1.86824e-06
4.31969 1.46875 -3.05475e-07
5.10509 1.46875 -1.38209e-06
5.89049 1.46875 -4.65446e-08
6.67588 1.46875 -6.19532e-07
7.46128 1.46875 1.6361e-07
8.24668 1.46875 2.91192e-07
9.03208 1.46875 3.51738e-07
9.81748 1.46875 1.15796e-06
10.6029 1.46875 5.15086e-07
11.3883 1.46875 1.8149e-06
12.1737 1.46875 5.70932e-07
12.9591 1.46875 2.1854e-06
13.7445 1.46875 4.53043e-07
14.5299 1.46875 1.97616e-06
15.3153 1.46875 2.15356e-07
16.1007 1.46875 1.49215e-06
16.8861 1.46875 -3.85631e-08
17.6715 1.46875 1.00376e-06
18.4569 1.46875 -1.13122e-07
19.2423 1.46875 4.41359e-07
20.0277 1.46875 -2.28228e-07
20.8131 1.46875 -2.8486e-07
21.5984 1.46875 -2.76557e-07
22.3838 1.46875 -9.33259e-07
23.1692 1.46875 -3.31209e-07
23.9546 1.46875 -1.45939e-06
24.74 1.46875 -2.7847e-07
0.392699 1.53125 -1.7761e-06
1.1781 1.53125 -3.68535e-07
1.9635 1.53125 -1.87182e-06
2.74889 1.53125 -4.52428e-07
3.53429 1.53125 -1.71551e-06
4.31969 1.53125 -4.54262e-07
5.10509 1.53125 -1.3238e-06
5.89049 1.53125 -2.98343e-07
6.67588 1.53125 -5.31184e-07
7.46128 1.53125 3.71048e-08
8.24668 1.53125 4.2792e-07
9.03208 1.53125 3.76439e-07
9.81748 1.53125 1.24192e-06
10.6029 1.53125 6.02483e-07
11.3883 1.53125 1.77133e-06
12.1737 1.53125 5.98733e-07
12.9591 1.53125 2.05301e-06
13.7445 1.53125 4.83577e-07
14.5299 1.53125 1.9086e-06
15.3153 1.53125 3.22361e-07
16.1007 1.53125 1.49982e-06
16.8861 1.53125 7.91559e-08
17.6715 1.53125 8.81737e-07
18.4569 1.53125 -9.20614e-08
19.2423 1.53125 2.0819e-07
20.0277 1.53125 -1.65156e-07
20.8131 1.53125 -4.21775e-07
21.5984 1.53125 -8.89389e-08
22.3838 1.53125 -9.07071e-07
23.1692 1.53125 -2.55794e-07
23.9546 1.53125 -1.45302e-06
24.74 1.53125 -3.31207e-07
0.392699 1.59375 -1.82305e-06
1.1781 1.59375 -2.89744e-07
1.9635 1.59375 -1.96453e-06
2.74889 1.59375 -3.84387e-07
3.53429 1.59375 -1.85502e-06
4.31969 1.59375 -3.3e-07
5.10509 1.59375 -1.3746e-06
5.89049 1.59375 -7.05718e-08
6.67588 1.59375 -6.07037e-07
7.46128 1.59375 1.59982e-07
8.24668 1.59375 3.06754e-07
9.03208 1.59375 3.53645e-07
9.81748 1.59375 1.16282e-06
10.6029 1.59375 5.24022e-07
11.3883 1.59375 1.80446e-06
12.1737 1.59375 5.79096e-07
12.9591 1.59375 2.1862e-06
13.7445 1.59375 4.54949e-07
14.5299 1.59375 1.96715e-06
15.3153 1.59375 2.26799e-07
16.1007 1.59375 1.48455e-06
16.8861 1.59375 -3.30409e-08
17.6715 1.59375 9.93786e-07
18.4569 1.59375 -1.04973e-07
19.2423 1.59375 4.21683e-07
20.0277 1.59375 -2.15235e-07
20.8131 1.59375 -3.10962e-07
21.5984 1.59375 -2.58048e-07
22.3838 1.59375 -9.35185e-07
23.1692 1.59375 -3.27695e-07
23.9546 1.59375 -1.45437e-06
24.74 1.59375 -2.81961e-07
0.392699 1.65625 -1.78068e-06
1.1781 1.65625 -3.62344e-07
1.9635 1.65625 -1.88402e-06
2.74889 1.65625 -4.47903e-07
3.53429 1.65625 -1.73429e-06
4.31969 1.65625 -4.40443e-07
5.10509 1.65625 -1.32851e-06
5.89049 1.65625 -2.614e-07
6.67588 1.65625 -5.36425e-07
7.46128 1.65625 6.17098e-08
8.24668 1.65625 4.07372e-07
9.03208 1.65625 3.73838e-07
9.81748 1.65625 1.2327e-06
10.6029 1.65625 5.94884e-07
11.3883 1.65625 1.76804e-06
12.1737 1.65625 5.96201e-07
12.9591 1.65625 2.08113e-06
13.7445 1.65625 4.72094e-07
14.5299 1.65625 1.91498e-06
15.3153 1.65625 3.13732e-07
16.1007 1.65625 1.49365e-06
16.8861 1.65625 5.6177e-08
17.6715 1.65625 8.97451e-07
18.4569 1.65625 -8.82771e-08
19.2423 1.65625 2.44724e-07
20.0277 1.65625 -1.67696e-07
20.8131 1.65625 -4.14814e-07
21.5984 1.65625 -1.09662e-07
22.3838 1.65625 -9.17697e-07
23.1692 1.65625 -2.74079e-07
23.9546 1.65625 -1.45003e-06
24.74 1.65625 -3.22423e-07
0.392699 1.71875 -1.81511e-06
1.1781 1.71875 -3.06221e-07
1.9635 1.71875 -1.95016e-06
2.74889 1.71875 -3.95956e-07
3.53429 1.71875 -1.83107e-06
4.31969 1.71875 -3.4969e-07
5.10509 1.71875 -1.36834e-06
5.89049 1.71875 -1.0109e-07
6.67588 1.71875 -5.87628e-07
7.46128 1.71875 1.52362e-07
8.24668 1.71875 3.14954e-07
9.03208 1.71875 3.52716e-07
9.81748 1.71875 1.17712e-06
10.6029 1.71875 5.4305e-07
11.3883 1.71875 1.78904e-06
12.1737 1.71875 5.77599e-07
12.9591 1.71875 2.17926e-06
13.7445 1.71875 4.51287e-07
14.5299 1.71875 1.95679e-06
15.3153 1.71875 2.47931e-07
16.1007 1.71875 1.4799e-06
16.8861 1.71875 -2.96053e-08
17.6715 1.71875 9.8502e-07
18.4569 1.71875 -9.54805e-08
19.2423 1.71875 3.91641e-07
20.0277 1.71875 -2.01955e-07
20.8131 1.71875 -3.29019e-07
21.5984 1.71875 -2.29607e-07
22.3838 1.71875 -9.39241e-07
23.1692 1.71875 -3.25918e-07
23.9546 1.71875 -1.4522e-06
24.74 1.71875 -2.88236e-07
0.392699 1.78125 -1.78305e-06
1.1781 1.78125 -3.56145e-07
1.9635 1.78125 -1.89915e-06
2.74889 1.78125 -4.35562e-07
3.53429 1.78125 -1.75071e-06
4.31969 1.78125 -4.25899e-07
5.10509 1.78125 -1.34418e-06
5.89049 1.78125 -2.27674e-07
6.67588 1.78125 -5.39379e-07
7.46128 1.78125 8.88417e-08
8.24668 1.78125 3.85372e-07
9.03208 1.78125 3.63831e-07
9.81748 1.78125 1.21907e-06
10.6029 1.78125 5.91423e-07
11.3883 1.78125 1.76271e-06
12.1737 1.78125 5.9092e-07
12.9591 1.78125 2.11623e-06
13.7445 1.78125 4.62237e-07
14.5299 1.78125 1.9186e-06
15.3153 1.78125 2.99066e-07
16.1007 1.78125 1.48407e-06
16.8861 1.78125 3.44764e-08
17.6715 1.78125 9.25662e-07
18.4569 1.78125 -8.47005e-08
19.2423 1.78125 2.78516e-07
20.0277 1.78125 -1.72354e-07
20.8131 1.78125 -4.02366e-07
21.5984 1.78125 -1.26614e-07
22.3838 1.78125 -9.25475e-07
23.1692 1.78125 -2.94438e-07
23.9546 1.78125 -1.45108e-06
24.74 1.78125 -3.11908e-07
0.392699 1.84375 -1.80157e-06
1.1781 1.84375 -3.25034e-07
1.9635 1.84375 -1.93011e-06
2.74889 1.84375 -4.04303e-07
3.53429 1.84375 -1.81186e-06
4.31969 1.84375 -3.76907e-07
5.10509 1.84375 -1.36455e-06
5.89049 1.84375 -1.39273e-07
6.67588 1.84375 -5.70653e-07
7.46128 1.84375 1.43826e-07
8.24668 1.84375 3.36817e-07
9.03208 1.84375 3.53282e-07
9.81748 1.84375 1.18685e-06
10.6029 1.84375 5.64979e-07
11.3883 1.84375 1.76941e-06
12.1737 1.84375 5.75512e-07
12.9591 1.84375 2.1788e-06
13.7445 1.84375 4.5025e-07
14.5299 1.84375 1.9352e-06
15.3153 1.84375 2.62433e-07
16.1007 1.84375 1.47398e-06
16.8861 1.84375 -1.83272e-08
17.6715 1.84375 9.85488e-07
18.4569 1.84375 -8.14264e-08
19.2423 1.84375 3.60419e-07
20.0277 1.84375 -1.94193e-07
20.8131 1.84375 -3.59389e-07
21.5984 1.84375 -1.95021e-07
22.3838 1.84375 -9.3583e-07
23.1692 1.84375 -3.24351e-07
23.9546 1.84375 -1.45394e-06
24.74 1.84375 -2.91868e-07
0.392699 1.90625 -1.78093e-06
1.1781 1.90625 -3.51326e-07
1.9635 1.90625 -1.91057e-06
2.74889 1.90625 -4.17998e-07
3.53429 1.90625 -1.77945e-06
4.31969 1.90625 -4.12443e-07
5.10509 1.90625 -1.35163e-06
5.89049 1.90625 -1.87272e-07
6.67588 1.90625 -5.43758e-07
7.46128 1.90625 1.16531e-07
8.24668 1.90625 3.62203e-07
9.03208 1.90625 3.51463e-07
9.81748 1.90625 1.20693e-06
10.6029 1.90625 5.95196e-07
11.3883 1.90625 1.75472e-06
12.1737 1.90625 5.8281e-07
12.9591 1.90625 2.15676e-06
13.7445 1.90625 4.44434e-07
14.5299 1.90625 1.91139e-06
15.3153 1.90625 2.88593e-07
16.1007 1.90625 1.48083e-06
16.8861 1.90625 9.90054e-09
17.6715 1.90625 9.55108e-07
18.4569 1.90625 -7.6518e-08
19.2423 1.90625 3.21187e-07
20.0277 1.90625 -1.83676e-07
20.8131 1.90625 -4.007e-07
21.5984 1.90625 -1.42753e-07
22.3838 1.90625 -9.28461e-07
23.1692 1.90625 -3.19138e-07
23.9546 1.90625 -1.45735e-06
24.74 1.90625 -3.00556e-07
0.392699 1.96875 -1.77767e-06
1.1781 1.96875 -3.40678e-07
1.9635 1.96875 -1.91892e-06
2.74889 1.96875 -4.11583e-07
3.53429 1.96875 -1.79455e-06
4.31969 1.96875 -4.07727e-07
5.10509 1.96875 -1.35281e-06
5.89049 1.96875 -1.692e-07
6.67588 1.96875 -5.47231e-07
7.46128 1.96875 1.3349e-07
8.24668 1.96875 3.48669e-07
9.03208 1.96875 3.45897e-07
9.81748 1.96875 1.19852e-06
10.6029 1.96875 5.98879e-07
11.3883 1.96875 1.75685e-06
12.1737 1.96875 5.70661e-07
12.9591 1.96875 2.17456e-06
13.7445 1.96875 4.41538e-07
14.5299 1.96875 1.90658e-06
15.3153 1.96875 2.83675e-07
16.1007 1.96875 1.48199e-06
16.8861 1.96875 -6.09634e-09
17.6715 1.96875 9.71184e-07
18.4569 1.96875 -7.59547e-08
19.2423 1.96875 3.38331e-07
20.0277 1.96875 -1.8274e-07
20.8131 1.96875 -3.97164e-07
21.5984 1.96875 -1.53613e-07
22.3838 1.96875 -9.33138e-07
23.1692 1.96875 -3.27869e-07
23.9546 1.96875 -1.45821e-06
24.74 1.96875 -3.00569e-07
