0.392699 0.03125 2.49438e-06
0.392699 0.09375 2.48934e-06
0.392699 0.15625 2.487e-06
0.392699 0.21875 2.48007e-06
0.392699 0.28125 2.48453e-06
0.392699 0.34375 2.47483e-06
0.392699 0.40625 2.48194e-06
0.392699 0.46875 2.47404e-06
0.392699 0.53125 2.48477e-06
0.392699 0.59375 2.47299e-06
0.392699 0.65625 2.48554e-06
0.392699 0.71875 2.47396e-06
0.392699 0.78125 2.48686e-06
0.392699 0.84375 2.4755e-06
0.392699 0.90625 2.49008e-06
0.392699 0.96875 2.47652e-06
0.392699 1.03125 2.49065e-06
0.392699 1.09375 2.476e-06
0.392699 1.15625 2.48688e-06
0.392699 1.21875 2.4724e-06
0.392699 1.28125 2.48747e-06
0.392699 1.34375 2.4762e-06
0.392699 1.40625 2.49014e-06
0.392699 1.46875 2.48123e-06
0.392699 1.53125 2.49362e-06
0.392699 1.59375 2.48607e-06
0.392699 1.65625 2.4956e-06
0.392699 1.71875 2.49016e-06
0.392699 1.78125 2.49958e-06
0.392699 1.84375 2.49828e-06
0.392699 1.90625 2.50735e-06
0.392699 1.96875 2.51192e-06
1.1781 0.03125 3.62447e-06
1.1781 0.09375 3.61493e-06
1.1781 0.15625 3.61442e-06
1.1781 0.21875 3.60433e-06
1.1781 0.28125 3.60963e-06
1.1781 0.34375 3.59418e-06
1.1781 0.40625 3.60393e-06
1.1781 0.46875 3.58626e-06
1.1781 0.53125 3.60163e-06
1.1781 0.59375 3.58128e-06
1.1781 0.65625 3.60061e-06
1.1781 0.71875 3.57738e-06
1.1781 0.78125 3.6023e-06
1.1781 0.84375 3.58098e-06
1.1781 0.90625 3.60285e-06
1.1781 0.96875 3.57355e-06
1.1781 1.03125 3.59714e-06
1.1781 1.09375 3.57212e-06
1.1781 1.15625 3.59925e-06
1.1781 1.21875 3.57619e-06
1.1781 1.28125 3.59849e-06
1.1781 1.34375 3.5771e-06
1.1781 1.40625 3.5991e-06
1.1781 1.46875 3.57991e-06
1.1781 1.53125 3.59349e-06
1.1781 1.59375 3.57489e-06
1.1781 1.65625 3.58393e-06
1.1781 1.71875 3.56899e-06
1.1781 1.78125 3.57256e-06
1.1781 1.84375 3.56146e-06
1.1781 1.90625 3.55914e-06
1.1781 1.96875 3.5583e-06
1.9635 0.03125 2.51219e-06
1.9635 0.09375 2.5219e-06
1.9635 0.15625 2.52968e-06
1.9635 0.21875 2.53444e-06
1.9635 0.28125 2.54194e-06
1.9635 0.34375 2.53996e-06
1.9635 0.40625 2.54947e-06
1.9635 0.46875 2.54256e-06
1.9635 0.53125 2.55516e-06
1.9635 0.59375 2.54657e-06
1.9635 0.65625 2.56148e-06
1.9635 0.71875 2.54749e-06
1.9635 0.78125 2.56523e-06
1.9635 0.84375 2.55272e-06
1.9635 0.90625 2.56987e-06
1.9635 0.96875 2.55241e-06
1.9635 1.03125 2.56954e-06
1.9635 1.09375 2.55324e-06
1.9635 1.15625 2.57295e-06
1.9635 1.21875 2.55962e-06
1.9635 1.28125 2.57464e-06
1.9635 1.34375 2.56138e-06
1.9635 1.40625 2.57681e-06
1.9635 1.46875 2.5671e-06
1.9635 1.53125 2.57817e-06
1.9635 1.59375 2.56874e-06
1.9635 1.65625 2.57494e-06
1.9635 1.71875 2.56698e-06
1.9635 1.78125 2.56956e-06
1.9635 1.84375 2.56721e-06
1.9635 1.90625 2.56601e-06
1.9635 1.96875 2.56106e-06
2.74889 0.03125 3.40909e-06
2.74889 0.09375 3.40928e-06
2.74889 0.15625 3.41239e-06
2.74889 0.21875 3.40768e-06
2.74889 0.28125 3.41503e-06
2.74889 0.34375 3.40874e-06
2.74889 0.40625 3.41858e-06
2.74889 0.46875 3.41108e-06
2.74889 0.53125 3.42166e-06
2.74889 0.59375 3.41168e-06
2.74889 0.65625 3.42315e-06
2.74889 0.71875 3.40851e-06
2.74889 0.78125 3.41609e-06
2.74889 0.84375 3.40065e-06
2.74889 0.90625 3.41519e-06
2.74889 0.96875 3.40479e-06
2.74889 1.03125 3.41807e-06
2.74889 1.09375 3.4009e-06
2.74889 1.15625 3.4095e-06
2.74889 1.21875 3.39577e-06
2.74889 1.28125 3.40773e-06
2.74889 1.34375 3.39525e-06
2.74889 1.40625 3.40409e-06
2.74889 1.46875 3.39404e-06
2.74889 1.53125 3.4028e-06
2.74889 1.59375 3.39281e-06
2.74889 1.65625 3.39728e-06
2.74889 1.71875 3.39149e-06
2.74889 1.78125 3.39602e-06
2.74889 1.84375 3.39538e-06
2.74889 1.90625 3.39968e-06
2.74889 1.96875 3.39984e-06
3.53429 0.03125 2.29634e-06
3.53429 0.09375 2.28743e-06
3.53429 0.15625 2.28065e-06
3.53429 0.21875 2.27289e-06
3.53429 0.28125 2.26852e-06
3.53429 0.34375 2.26538e-06
3.53429 0.40625 2.26257e-06
3.53429 0.46875 2.26265e-06
3.53429 0.53125 2.2602e-06
3.53429 0.59375 2.26053e-06
3.53429 0.65625 2.25548e-06
3.53429 0.71875 2.25514e-06
3.53429 0.78125 2.24744e-06
3.53429 0.84375 2.24765e-06
3.53429 0.90625 2.24461e-06
3.53429 0.96875 2.25035e-06
3.53429 1.03125 2.2463e-06
3.53429 1.09375 2.24741e-06
3.53429 1.15625 2.24189e-06
3.53429 1.21875 2.24536e-06
3.53429 1.28125 2.24295e-06
3.53429 1.34375 2.24436e-06
3.53429 1.40625 2.23964e-06
3.53429 1.46875 2.24009e-06
3.53429 1.53125 2.2375e-06
3.53429 1.59375 2.23735e-06
3.53429 1.65625 2.23719e-06
3.53429 1.71875 2.24002e-06
3.53429 1.78125 2.24102e-06
3.53429 1.84375 2.23968e-06
3.53429 1.90625 2.23796e-06
3.53429 1.96875 2.23717e-06
4.31969 0.03125 2.74002e-06
4.31969 0.09375 2.7412e-06
4.31969 0.15625 2.734e-06
4.31969 0.21875 2.73795e-06
4.31969 0.28125 2.72658e-06
4.31969 0.34375 2.73381e-06
4.31969 0.40625 2.71914e-06
4.31969 0.46875 2.72742e-06
4.31969 0.53125 2.71269e-06
4.31969 0.59375 2.72593e-06
4.31969 0.65625 2.70949e-06
4.31969 0.71875 2.7267e-06
4.31969 0.78125 2.71025e-06
4.31969 0.84375 2.72456e-06
4.31969 0.90625 2.70306e-06
4.31969 0.96875 2.71696e-06
4.31969 1.03125 2.69667e-06
4.31969 1.09375 2.71579e-06
4.31969 1.15625 2.69854e-06
4.31969 1.21875 2.7134e-06
4.31969 1.28125 2.69359e-06
4.31969 1.34375 2.70762e-06
4.31969 1.40625 2.69259e-06
4.31969 1.46875 2.7031e-06
4.31969 1.53125 2.68694e-06
4.31969 1.59375 2.69441e-06
4.31969 1.65625 2.68474e-06
4.31969 1.71875 2.69171e-06
4.31969 1.78125 2.68355e-06
4.31969 1.84375 2.68429e-06
4.31969 1.90625 2.67801e-06
4.31969 1.96875 2.67324e-06
5.10509 0.03125 1.46204e-06
5.10509 0.09375 1.47331e-06
5.10509 0.15625 1.47606e-06
5.10509 0.21875 1.49173e-06
5.10509 0.28125 1.4831e-06
5.10509 0.34375 1.5008e-06
5.10509 0.40625 1.48333e-06
5.10509 0.46875 1.50658e-06
5.10509 0.53125 1.48634e-06
5.10509 0.59375 1.51417e-06
5.10509 0.65625 1.48817e-06
5.10509 0.71875 1.52216e-06
5.10509 0.78125 1.49517e-06
5.10509 0.84375 1.53011e-06
5.10509 0.90625 1.49583e-06
5.10509 0.96875 1.52727e-06
5.10509 1.03125 1.49496e-06
5.10509 1.09375 1.53299e-06
5.10509 1.15625 1.4999e-06
5.10509 1.21875 1.52847e-06
5.10509 1.28125 1.49477e-06
5.10509 1.34375 1.52621e-06
5.10509 1.40625 1.50034e-06
5.10509 1.46875 1.52736e-06
5.10509 1.53125 1.50337e-06
5.10509 1.59375 1.52463e-06
5.10509 1.65625 1.50678e-06
5.10509 1.71875 1.51999e-06
5.10509 1.78125 1.50409e-06
5.10509 1.84375 1.51234e-06
5.10509 1.90625 1.50621e-06
5.10509 1.96875 1.50991e-06
5.89049 0.03125 1.54764e-06
5.89049 0.09375 1.54949e-06
5.89049 0.15625 1.54964e-06
5.89049 0.21875 1.55888e-06
5.89049 0.28125 1.5516e-06
5.89049 0.34375 1.5612e-06
5.89049 0.40625 1.54851e-06
5.89049 0.46875 1.56736e-06
5.89049 0.53125 1.55159e-06
5.89049 0.59375 1.57096e-06
5.89049 0.65625 1.54917e-06
5.89049 0.71875 1.57107e-06
5.89049 0.78125 1.54938e-06
5.89049 0.84375 1.57608e-06
5.89049 0.90625 1.55141e-06
5.89049 0.96875 1.57784e-06
5.89049 1.03125 1.55382e-06
5.89049 1.09375 1.58038e-06
5.89049 1.15625 1.5547e-06
5.89049 1.21875 1.57815e-06
5.89049 1.28125 1.55715e-06
5.89049 1.34375 1.58005e-06
5.89049 1.40625 1.55767e-06
5.89049 1.46875 1.57704e-06
5.89049 1.53125 1.56086e-06
5.89049 1.59375 1.5767e-06
5.89049 1.65625 1.56487e-06
5.89049 1.71875 1.57255e-06
5.89049 1.78125 1.56217e-06
5.89049 1.84375 1.56456e-06
5.89049 1.90625 1.56319e-06
5.89049 1.96875 1.56301e-06
6.67588 0.03125 5.69753e-07
6.67588 0.09375 5.73495e-07
6.67588 0.15625 5.7274e-07
6.67588 0.21875 5.81683e-07
6.67588 0.28125 5.75708e-07
6.67588 0.34375 5.86919e-07
6.67588 0.40625 5.77027e-07
6.67588 0.46875 5.93306e-07
6.67588 0.53125 5.77726e-07
6.67588 0.59375 5.95033e-07
6.67588 0.65625 5.74244e-07
6.67588 0.71875 5.92984e-07
6.67588 0.78125 5.70187e-07
6.67588 0.84375 5.92208e-07
6.67588 0.90625 5.69964e-07
6.67588 0.96875 5.96198e-07
6.67588 1.03125 5.72533e-07
6.67588 1.09375 5.94092e-07
6.67588 1.15625 5.70504e-07
6.67588 1.21875 5.96354e-07
6.67588 1.28125 5.78153e-07
6.67588 1.34375 5.99407e-07
6.67588 1.40625 5.77643e-07
6.67588 1.46875 5.93447e-07
6.67588 1.53125 5.77493e-07
6.67588 1.59375 5.91835e-07
6.67588 1.65625 5.81916e-07
6.67588 1.71875 5.93569e-07
6.67588 1.78125 5.87475e-07
6.67588 1.84375 5.92125e-07
6.67588 1.90625 5.92892e-07
6.67588 1.96875 5.93783e-07
7.46128 0.03125 1.27363e-07
7.46128 0.09375 1.30014e-07
7.46128 0.15625 1.30656e-07
7.46128 0.21875 1.37541e-07
7.46128 0.28125 1.38788e-07
7.46128 0.34375 1.49237e-07
7.46128 0.40625 1.45587e-07
7.46128 0.46875 1.54252e-07
7.46128 0.53125 1.48679e-07
7.46128 0.59375 1.61073e-07
7.46128 0.65625 1.54587e-07
7.46128 0.71875 1.65703e-07
7.46128 0.78125 1.53683e-07
7.46128 0.84375 1.65271e-07
7.46128 0.90625 1.55529e-07
7.46128 0.96875 1.70123e-07
7.46128 1.03125 1.60052e-07
7.46128 1.09375 1.74263e-07
7.46128 1.15625 1.64817e-07
7.46128 1.21875 1.79384e-07
7.46128 1.28125 1.69771e-07
7.46128 1.34375 1.82593e-07
7.46128 1.40625 1.74925e-07
7.46128 1.46875 1.85909e-07
7.46128 1.53125 1.79949e-07
7.46128 1.59375 1.93502e-07
7.46128 1.65625 1.89987e-07
7.46128 1.71875 2.01986e-07
7.46128 1.78125 2.00219e-07
7.46128 1.84375 2.08852e-07
7.46128 1.90625 2.09968e-07
7.46128 1.96875 2.15946e-07
8.24668 0.03125 -4.25578e-07
8.24668 0.09375 -4.28704e-07
8.24668 0.15625 -4.31872e-07
8.24668 0.21875 -4.33487e-07
8.24668 0.28125 -4.34852e-07
8.24668 0.34375 -4.30686e-07
8.24668 0.40625 -4.34531e-07
8.24668 0.46875 -4.33088e-07
8.24668 0.53125 -4.36658e-07
8.24668 0.59375 -4.31167e-07
8.24668 0.65625 -4.31463e-07
8.24668 0.71875 -4.26631e-07
8.24668 0.78125 -4.30958e-07
8.24668 0.84375 -4.25731e-07
8.24668 0.90625 -4.28393e-07
8.24668 0.96875 -4.23937e-07
8.24668 1.03125 -4.26552e-07
8.24668 1.09375 -4.18792e-07
8.24668 1.15625 -4.22498e-07
8.24668 1.21875 -4.1935e-07
8.24668 1.28125 -4.24906e-07
8.24668 1.34375 -4.22372e-07
8.24668 1.40625 -4.24481e-07
8.24668 1.46875 -4.19571e-07
8.24668 1.53125 -4.22719e-07
8.24668 1.59375 -4.18593e-07
8.24668 1.65625 -4.24285e-07
8.24668 1.71875 -4.23422e-07
8.24668 1.78125 -4.24187e-07
8.24668 1.84375 -4.20217e-07
8.24668 1.90625 -4.23088e-07
8.24668 1.96875 -4.23652e-07
9.03208 0.03125 -1.22163e-06
9.03208 0.09375 -1.22051e-06
9.03208 0.15625 -1.22327e-06
9.03208 0.21875 -1.22593e-06
9.03208 0.28125 -1.2297e-06
9.03208 0.34375 -1.23152e-06
9.03208 0.40625 -1.23175e-06
9.03208 0.46875 -1.23499e-06
9.03208 0.53125 -1.2365e-06
9.03208 0.59375 -1.24216e-06
9.03208 0.65625 -1.24157e-06
9.03208 0.71875 -1.24543e-06
9.03208 0.78125 -1.24111e-06
9.03208 0.84375 -1.24204e-06
9.03208 0.90625 -1.23578e-06
9.03208 0.96875 -1.23858e-06
9.03208 1.03125 -1.23638e-06
9.03208 1.09375 -1.24201e-06
9.03208 1.15625 -1.23989e-06
9.03208 1.21875 -1.24408e-06
9.03208 1.28125 -1.2409e-06
9.03208 1.34375 -1.24606e-06
9.03208 1.40625 -1.24444e-06
9.03208 1.46875 -1.24592e-06
9.03208 1.53125 -1.24364e-06
9.03208 1.59375 -1.24392e-06
9.03208 1.65625 -1.24247e-06
9.03208 1.71875 -1.24538e-06
9.03208 1.78125 -1.2444e-06
9.03208 1.84375 -1.24419e-06
9.03208 1.90625 -1.24718e-06
9.03208 1.96875 -1.24707e-06
9.81748 0.03125 -1.38181e-06
9.81748 0.09375 -1.38173e-06
9.81748 0.15625 -1.38013e-06
9.81748 0.21875 -1.38401e-06
9.81748 0.28125 -1.38391e-06
9.81748 0.34375 -1.39067e-06
9.81748 0.40625 -1.3863e-06
9.81748 0.46875 -1.39396e-06
9.81748 0.53125 -1.39115e-06
9.81748 0.59375 -1.40262e-06
9.81748 0.65625 -1.39657e-06
9.81748 0.71875 -1.4049e-06
9.81748 0.78125 -1.39575e-06
9.81748 0.84375 -1.40684e-06
9.81748 0.90625 -1.39704e-06
9.81748 0.96875 -1.40702e-06
9.81748 1.03125 -1.40012e-06
9.81748 1.09375 -1.41591e-06
9.81748 1.15625 -1.40735e-06
9.81748 1.21875 -1.41672e-06
9.81748 1.28125 -1.40628e-06
9.81748 1.34375 -1.4157e-06
9.81748 1.40625 -1.40953e-06
9.81748 1.46875 -1.41921e-06
9.81748 1.53125 -1.41419e-06
9.81748 1.59375 -1.42172e-06
9.81748 1.65625 -1.41468e-06
9.81748 1.71875 -1.42022e-06
9.81748 1.78125 -1.41806e-06
9.81748 1.84375 -1.42264e-06
9.81748 1.90625 -1.42173e-06
9.81748 1.96875 -1.42549e-06
10.6029 0.03125 -2.48528e-06
10.6029 0.09375 -2.48951e-06
10.6029 0.15625 -2.48455e-06
10.6029 0.21875 -2.49095e-06
10.6029 0.28125 -2.48266e-06
10.6029 0.34375 -2.49308e-06
10.6029 0.40625 -2.483e-06
10.6029 0.46875 -2.4965e-06
10.6029 0.53125 -2.48559e-06
10.6029 0.59375 -2.50014e-06
10.6029 0.65625 -2.4826e-06
10.6029 0.71875 -2.49524e-06
10.6029 0.78125 -2.47777e-06
10.6029 0.84375 -2.49675e-06
10.6029 0.90625 -2.48141e-06
10.6029 0.96875 -2.49867e-06
10.6029 1.03125 -2.48119e-06
10.6029 1.09375 -2.49994e-06
10.6029 1.15625 -2.48241e-06
10.6029 1.21875 -2.49817e-06
10.6029 1.28125 -2.48016e-06
10.6029 1.34375 -2.4904e-06
10.6029 1.40625 -2.47216e-06
10.6029 1.46875 -2.48508e-06
10.6029 1.53125 -2.47123e-06
10.6029 1.59375 -2.48245e-06
10.6029 1.65625 -2.46836e-06
10.6029 1.71875 -2.47266e-06
10.6029 1.78125 -2.46155e-06
10.6029 1.84375 -2.46057e-06
10.6029 1.90625 -2.44887e-06
10.6029 1.96875 -2.44222e-06
11.3883 0.03125 -2.11736e-06
11.3883 0.09375 -2.12341e-06
11.3883 0.15625 -2.12762e-06
11.3883 0.21875 -2.13407e-06
11.3883 0.28125 -2.13268e-06
11.3883 0.34375 -2.13793e-06
11.3883 0.40625 -2.1359e-06
11.3883 0.46875 -2.14292e-06
11.3883 0.53125 -2.14076e-06
11.3883 0.59375 -2.14731e-06
11.3883 0.65625 -2.14447e-06
11.3883 0.71875 -2.15063e-06
11.3883 0.78125 -2.14675e-06
11.3883 0.84375 -2.15462e-06
11.3883 0.90625 -2.15314e-06
11.3883 0.96875 -2.16121e-06
11.3883 1.03125 -2.1566e-06
11.3883 1.09375 -2.16248e-06
11.3883 1.15625 -2.15848e-06
11.3883 1.21875 -2.16686e-06
11.3883 1.28125 -2.16636e-06
11.3883 1.34375 -2.17296e-06
11.3883 1.40625 -2.1699e-06
11.3883 1.46875 -2.1783e-06
11.3883 1.53125 -2.17761e-06
11.3883 1.59375 -2.18395e-06
11.3883 1.65625 -2.18461e-06
11.3883 1.71875 -2.19041e-06
11.3883 1.78125 -2.19323e-06
11.3883 1.84375 -2.1993e-06
11.3883 1.90625 -2.20252e-06
11.3883 1.96875 -2.20078e-06
12.1737 0.03125 -3.3673e-06
12.1737 0.09375 -3.36365e-06
12.1737 0.15625 -3.35902e-06
12.1737 0.21875 -3.36065e-06
12.1737 0.28125 -3.35234e-06
12.1737 0.34375 -3.35523e-06
12.1737 0.40625 -3.34364e-06
12.1737 0.46875 -3.34975e-06
12.1737 0.53125 -3.33691e-06
12.1737 0.59375 -3.34718e-06
12.1737 0.65625 -3.33728e-06
12.1737 0.71875 -3.3505e-06
12.1737 0.78125 -3.33506e-06
12.1737 0.84375 -3.3456e-06
12.1737 0.90625 -3.32922e-06
12.1737 0.96875 -3.34467e-06
12.1737 1.03125 -3.32893e-06
12.1737 1.09375 -3.34216e-06
12.1737 1.15625 -3.32492e-06
12.1737 1.21875 -3.33649e-06
12.1737 1.28125 -3.3229e-06
12.1737 1.34375 -3.33751e-06
12.1737 1.40625 -3.32648e-06
12.1737 1.46875 -3.34034e-06
12.1737 1.53125 -3.32862e-06
12.1737 1.59375 -3.3378e-06
12.1737 1.65625 -3.33126e-06
12.1737 1.71875 -3.34171e-06
12.1737 1.78125 -3.33781e-06
12.1737 1.84375 -3.34812e-06
12.1737 1.90625 -3.34713e-06
12.1737 1.96875 -3.35656e-06
12.9591 0.03125 -2.56619e-06
12.9591 0.09375 -2.56713e-06
12.9591 0.15625 -2.56685e-06
12.9591 0.21875 -2.56865e-06
12.9591 0.28125 -2.5659e-06
12.9591 0.34375 -2.56716e-06
12.9591 0.40625 -2.56207e-06
12.9591 0.46875 -2.56083e-06
12.9591 0.53125 -2.55344e-06
12.9591 0.59375 -2.55463e-06
12.9591 0.65625 -2.54852e-06
12.9591 0.71875 -2.55386e-06
12.9591 0.78125 -2.54848e-06
12.9591 0.84375 -2.54921e-06
12.9591 0.90625 -2.5414e-06
12.9591 0.96875 -2.54523e-06
12.9591 1.03125 -2.53753e-06
12.9591 1.09375 -2.53937e-06
12.9591 1.15625 -2.5303e-06
12.9591 1.21875 -2.52993e-06
12.9591 1.28125 -2.52051e-06
12.9591 1.34375 -2.52222e-06
12.9591 1.40625 -2.51518e-06
12.9591 1.46875 -2.51407e-06
12.9591 1.53125 -2.5023e-06
12.9591 1.59375 -2.49761e-06
12.9591 1.65625 -2.48922e-06
12.9591 1.71875 -2.48399e-06
12.9591 1.78125 -2.47297e-06
12.9591 1.84375 -2.46388e-06
12.9591 1.90625 -2.45186e-06
12.9591 1.96875 -2.44549e-06
13.7445 0.03125 -3.55525e-06
13.7445 0.09375 -3.56435e-06
13.7445 0.15625 -3.57367e-06
13.7445 0.21875 -3.57912e-06
13.7445 0.28125 -3.58513e-06
13.7445 0.34375 -3.59171e-06
13.7445 0.40625 -3.5965e-06
13.7445 0.46875 -3.59827e-06
13.7445 0.53125 -3.60019e-06
13.7445 0.59375 -3.60048e-06
13.7445 0.65625 -3.59983e-06
13.7445 0.71875 -3.60309e-06
13.7445 0.78125 -3.60708e-06
13.7445 0.84375 -3.61147e-06
13.7445 0.90625 -3.61442e-06
13.7445 0.96875 -3.61476e-06
13.7445 1.03125 -3.61295e-06
13.7445 1.09375 -3.61176e-06
13.7445 1.15625 -3.61207e-06
13.7445 1.21875 -3.61488e-06
13.7445 1.28125 -3.61601e-06
13.7445 1.34375 -3.61963e-06
13.7445 1.40625 -3.62163e-06
13.7445 1.46875 -3.62106e-06
13.7445 1.53125 -3.62031e-06
13.7445 1.59375 -3.62003e-06
13.7445 1.65625 -3.62351e-06
13.7445 1.71875 -3.62299e-06
13.7445 1.78125 -3.62429e-06
13.7445 1.84375 -3.62243e-06
13.7445 1.90625 -3.62846e-06
13.7445 1.96875 -3.62653e-06
14.5299 0.03125 -2.59973e-06
14.5299 0.09375 -2.59195e-06
14.5299 0.15625 -2.587e-06
14.5299 0.21875 -2.57884e-06
14.5299 0.28125 -2.57555e-06
14.5299 0.34375 -2.57419e-06
14.5299 0.40625 -2.5725e-06
14.5299 0.46875 -2.5734e-06
14.5299 0.53125 -2.56864e-06
14.5299 0.59375 -2.56833e-06
14.5299 0.65625 -2.5623e-06
14.5299 0.71875 -2.56373e-06
14.5299 0.78125 -2.55791e-06
14.5299 0.84375 -2.56517e-06
14.5299 0.90625 -2.55987e-06
14.5299 0.96875 -2.56379e-06
14.5299 1.03125 -2.55747e-06
14.5299 1.09375 -2.5616e-06
14.5299 1.15625 -2.55546e-06
14.5299 1.21875 -2.56093e-06
14.5299 1.28125 -2.55568e-06
14.5299 1.34375 -2.56119e-06
14.5299 1.40625 -2.55747e-06
14.5299 1.46875 -2.55949e-06
14.5299 1.53125 -2.55506e-06
14.5299 1.59375 -2.55883e-06
14.5299 1.65625 -2.55684e-06
14.5299 1.71875 -2.56015e-06
14.5299 1.78125 -2.56111e-06
14.5299 1.84375 -2.56843e-06
14.5299 1.90625 -2.5755e-06
14.5299 1.96875 -2.5824e-06
15.3153 0.03125 -3.36719e-06
15.3153 0.09375 -3.36313e-06
15.3153 0.15625 -3.36434e-06
15.3153 0.21875 -3.35252e-06
15.3153 0.28125 -3.36331e-06
15.3153 0.34375 -3.34554e-06
15.3153 0.40625 -3.36188e-06
15.3153 0.46875 -3.34424e-06
15.3153 0.53125 -3.36649e-06
15.3153 0.59375 -3.34192e-06
15.3153 0.65625 -3.36709e-06
15.3153 0.71875 -3.33768e-06
15.3153 0.78125 -3.36595e-06
15.3153 0.84375 -3.3381e-06
15.3153 0.90625 -3.36572e-06
15.3153 0.96875 -3.33456e-06
15.3153 1.03125 -3.36788e-06
15.3153 1.09375 -3.33783e-06
15.3153 1.15625 -3.36607e-06
15.3153 1.21875 -3.33524e-06
15.3153 1.28125 -3.36455e-06
15.3153 1.34375 -3.33672e-06
15.3153 1.40625 -3.36086e-06
15.3153 1.46875 -3.33421e-06
15.3153 1.53125 -3.35583e-06
15.3153 1.59375 -3.33434e-06
15.3153 1.65625 -3.34798e-06
15.3153 1.71875 -3.33053e-06
15.3153 1.78125 -3.3426e-06
15.3153 1.84375 -3.33296e-06
15.3153 1.90625 -3.33543e-06
15.3153 1.96875 -3.33214e-06
16.1007 0.03125 -2.14201e-06
16.1007 0.09375 -2.14581e-06
16.1007 0.15625 -2.14327e-06
16.1007 0.21875 -2.14993e-06
16.1007 0.28125 -2.14735e-06
16.1007 0.34375 -2.15111e-06
16.1007 0.40625 -2.14744e-06
16.1007 0.46875 -2.15629e-06
16.1007 0.53125 -2.15378e-06
16.1007 0.59375 -2.16043e-06
16.1007 0.65625 -2.1571e-06
16.1007 0.71875 -2.16381e-06
16.1007 0.78125 -2.16085e-06
16.1007 0.84375 -2.16644e-06
16.1007 0.90625 -2.1599e-06
16.1007 0.96875 -2.16495e-06
16.1007 1.03125 -2.16293e-06
16.1007 1.09375 -2.17277e-06
16.1007 1.15625 -2.16984e-06
16.1007 1.21875 -2.17634e-06
16.1007 1.28125 -2.17162e-06
16.1007 1.34375 -2.17592e-06
16.1007 1.40625 -2.16983e-06
16.1007 1.46875 -2.17663e-06
16.1007 1.53125 -2.17551e-06
16.1007 1.59375 -2.1817e-06
16.1007 1.65625 -2.17869e-06
16.1007 1.71875 -2.18407e-06
16.1007 1.78125 -2.18471e-06
16.1007 1.84375 -2.18822e-06
16.1007 1.90625 -2.1852e-06
16.1007 1.96875 -2.18184e-06
16.8861 0.03125 -2.58682e-06
16.8861 0.09375 -2.58537e-06
16.8861 0.15625 -2.58818e-06
16.8861 0.21875 -2.5837e-06
16.8861 0.28125 -2.59292e-06
16.8861 0.34375 -2.57923e-06
16.8861 0.40625 -2.59729e-06
16.8861 0.46875 -2.57843e-06
16.8861 0.53125 -2.60187e-06
16.8861 0.59375 -2.576e-06
16.8861 0.65625 -2.60525e-06
16.8861 0.71875 -2.57782e-06
16.8861 0.78125 -2.61197e-06
16.8861 0.84375 -2.57826e-06
16.8861 0.90625 -2.61547e-06
16.8861 0.96875 -2.5806e-06
16.8861 1.03125 -2.61518e-06
16.8861 1.09375 -2.58219e-06
16.8861 1.15625 -2.62186e-06
16.8861 1.21875 -2.59079e-06
16.8861 1.28125 -2.62357e-06
16.8861 1.34375 -2.59194e-06
16.8861 1.40625 -2.62028e-06
16.8861 1.46875 -2.59656e-06
16.8861 1.53125 -2.6231e-06
16.8861 1.59375 -2.60702e-06
16.8861 1.65625 -2.6285e-06
16.8861 1.71875 -2.62066e-06
16.8861 1.78125 -2.63294e-06
16.8861 1.84375 -2.63142e-06
16.8861 1.90625 -2.63677e-06
16.8861 1.96875 -2.63998e-06
17.6715 0.03125 -1.45463e-06
17.6715 0.09375 -1.45645e-06
17.6715 0.15625 -1.46227e-06
17.6715 0.21875 -1.46188e-06
17.6715 0.28125 -1.46402e-06
17.6715 0.34375 -1.46503e-06
17.6715 0.40625 -1.46629e-06
17.6715 0.46875 -1.46509e-06
17.6715 0.53125 -1.46373e-06
17.6715 0.59375 -1.46438e-06
17.6715 0.65625 -1.46228e-06
17.6715 0.71875 -1.46386e-06
17.6715 0.78125 -1.46141e-06
17.6715 0.84375 -1.46114e-06
17.6715 0.90625 -1.46035e-06
17.6715 0.96875 -1.46405e-06
17.6715 1.03125 -1.45918e-06
17.6715 1.09375 -1.45701e-06
17.6715 1.15625 -1.45669e-06
17.6715 1.21875 -1.46013e-06
17.6715 1.28125 -1.46023e-06
17.6715 1.34375 -1.46034e-06
17.6715 1.40625 -1.45898e-06
17.6715 1.46875 -1.4569e-06
17.6715 1.53125 -1.45659e-06
17.6715 1.59375 -1.45598e-06
17.6715 1.65625 -1.45708e-06
17.6715 1.71875 -1.45254e-06
17.6715 1.78125 -1.44898e-06
17.6715 1.84375 -1.44106e-06
17.6715 1.90625 -1.44103e-06
17.6715 1.96875 -1.43874e-06
18.4569 0.03125 -1.42635e-06
18.4569 0.09375 -1.42896e-06
18.4569 0.15625 -1.43647e-06
18.4569 0.21875 -1.43426e-06
18.4569 0.28125 -1.44714e-06
18.4569 0.34375 -1.44039e-06
18.4569 0.40625 -1.45319e-06
18.4569 0.46875 -1.43965e-06
18.4569 0.53125 -1.45581e-06
18.4569 0.59375 -1.44082e-06
18.4569 0.65625 -1.46204e-06
18.4569 0.71875 -1.4436e-06
18.4569 0.78125 -1.46438e-06
18.4569 0.84375 -1.44144e-06
18.4569 0.90625 -1.46267e-06
18.4569 0.96875 -1.44279e-06
18.4569 1.03125 -1.46497e-06
18.4569 1.09375 -1.4393e-06
18.4569 1.15625 -1.4586e-06
18.4569 1.21875 -1.43774e-06
18.4569 1.28125 -1.45908e-06
18.4569 1.34375 -1.43881e-06
18.4569 1.40625 -1.45631e-06
18.4569 1.46875 -1.43588e-06
18.4569 1.53125 -1.44842e-06
18.4569 1.59375 -1.43057e-06
18.4569 1.65625 -1.4392e-06
18.4569 1.71875 -1.42278e-06
18.4569 1.78125 -1.42599e-06
18.4569 1.84375 -1.40972e-06
18.4569 1.90625 -1.4096e-06
18.4569 1.96875 -1.40338e-06
19.2423 0.03125 -5.89654e-07
19.2423 0.09375 -5.83633e-07
19.2423 0.15625 -5.76793e-07
19.2423 0.21875 -5.70639e-07
19.2423 0.28125 -5.68786e-07
19.2423 0.34375 -5.63834e-07
19.2423 0.40625 -5.62667e-07
19.2423 0.46875 -5.57842e-07
19.2423 0.53125 -5.57983e-07
19.2423 0.59375 -5.52435e-07
19.2423 0.65625 -5.54569e-07
19.2423 0.71875 -5.49603e-07
19.2423 0.78125 -5.49843e-07
19.2423 0.84375 -5.43175e-07
19.2423 0.90625 -5.4334e-07
19.2423 0.96875 -5.35934e-07
19.2423 1.03125 -5.37456e-07
19.2423 1.09375 -5.31529e-07
19.2423 1.15625 -5.31257e-07
19.2423 1.21875 -5.25335e-07
19.2423 1.28125 -5.25496e-07
19.2423 1.34375 -5.2092e-07
19.2423 1.40625 -5.22488e-07
19.2423 1.46875 -5.2038e-07
19.2423 1.53125 -5.18339e-07
19.2423 1.59375 -5.1507e-07
19.2423 1.65625 -5.12465e-07
19.2423 1.71875 -5.13931e-07
19.2423 1.78125 -5.10679e-07
19.2423 1.84375 -5.10815e-07
19.2423 1.90625 -5.02871e-07
19.2423 1.96875 -5.00766e-07
20.0277 0.03125 -1.65667e-07
20.0277 0.09375 -1.61845e-07
20.0277 0.15625 -1.61783e-07
20.0277 0.21875 -1.55537e-07
20.0277 0.28125 -1.5231e-07
20.0277 0.34375 -1.47466e-07
20.0277 0.40625 -1.47273e-07
20.0277 0.46875 -1.46414e-07
20.0277 0.53125 -1.46046e-07
20.0277 0.59375 -1.44434e-07
20.0277 0.65625 -1.41846e-07
20.0277 0.71875 -1.42359e-07
20.0277 0.78125 -1.39879e-07
20.0277 0.84375 -1.41206e-07
20.0277 0.90625 -1.37685e-07
20.0277 0.96875 -1.34492e-07
20.0277 1.03125 -1.31112e-07
20.0277 1.09375 -1.34988e-07
20.0277 1.15625 -1.36018e-07
20.0277 1.21875 -1.36533e-07
20.0277 1.28125 -1.33408e-07
20.0277 1.34375 -1.34408e-07
20.0277 1.40625 -1.3337e-07
20.0277 1.46875 -1.3444e-07
20.0277 1.53125 -1.32031e-07
20.0277 1.59375 -1.30379e-07
20.0277 1.65625 -1.29356e-07
20.0277 1.71875 -1.29256e-07
20.0277 1.78125 -1.30447e-07
20.0277 1.84375 -1.3284e-07
20.0277 1.90625 -1.35612e-07
20.0277 1.96875 -1.35188e-07
20.8131 0.03125 4.51724e-07
20.8131 0.09375 4.47362e-07
20.8131 0.15625 4.46911e-07
20.8131 0.21875 4.42655e-07
20.8131 0.28125 4.44239e-07
20.8131 0.34375 4.40634e-07
20.8131 0.40625 4.41085e-07
20.8131 0.46875 4.38183e-07
20.8131 0.53125 4.38373e-07
20.8131 0.59375 4.368e-07
20.8131 0.65625 4.39671e-07
20.8131 0.71875 4.39198e-07
20.8131 0.78125 4.37464e-07
20.8131 0.84375 4.32086e-07
20.8131 0.90625 4.31389e-07
20.8131 0.96875 4.31617e-07
20.8131 1.03125 4.32959e-07
20.8131 1.09375 4.31291e-07
20.8131 1.15625 4.30974e-07
20.8131 1.21875 4.29275e-07
20.8131 1.28125 4.27872e-07
20.8131 1.34375 4.25589e-07
20.8131 1.40625 4.25019e-07
20.8131 1.46875 4.23732e-07
20.8131 1.53125 4.19721e-07
20.8131 1.59375 4.16582e-07
20.8131 1.65625 4.14367e-07
20.8131 1.71875 4.15666e-07
20.8131 1.78125 4.10823e-07
20.8131 1.84375 4.06724e-07
20.8131 1.90625 3.97799e-07
20.8131 1.96875 3.92225e-07
21.5984 0.03125 1.30351e-06
21.5984 0.09375 1.29322e-06
21.5984 0.15625 1.29358e-06
21.5984 0.21875 1.27512e-06
21.5984 0.28125 1.27772e-06
21.5984 0.34375 1.25622e-06
21.5984 0.40625 1.26651e-06
21.5984 0.46875 1.24597e-06
21.5984 0.53125 1.26221e-06
21.5984 0.59375 1.23762e-06
21.5984 0.65625 1.25786e-06
21.5984 0.71875 1.23449e-06
21.5984 0.78125 1.25599e-06
21.5984 0.84375 1.22742e-06
21.5984 0.90625 1.24849e-06
21.5984 0.96875 1.22041e-06
21.5984 1.03125 1.24596e-06
21.5984 1.09375 1.22153e-06
21.5984 1.15625 1.24939e-06
21.5984 1.21875 1.22542e-06
21.5984 1.28125 1.25059e-06
21.5984 1.34375 1.22964e-06
21.5984 1.40625 1.25415e-06
21.5984 1.46875 1.23573e-06
21.5984 1.53125 1.25367e-06
21.5984 1.59375 1.23537e-06
21.5984 1.65625 1.25196e-06
21.5984 1.71875 1.24116e-06
21.5984 1.78125 1.25472e-06
21.5984 1.84375 1.24822e-06
21.5984 1.90625 1.25835e-06
21.5984 1.96875 1.25986e-06
22.3838 0.03125 1.40273e-06
22.3838 0.09375 1.40822e-06
22.3838 0.15625 1.41182e-06
22.3838 0.21875 1.41069e-06
22.3838 0.28125 1.41054e-06
22.3838 0.34375 1.4057e-06
22.3838 0.40625 1.40867e-06
22.3838 0.46875 1.40312e-06
22.3838 0.53125 1.40388e-06
22.3838 0.59375 1.39209e-06
22.3838 0.65625 1.39425e-06
22.3838 0.71875 1.38692e-06
22.3838 0.78125 1.39376e-06
22.3838 0.84375 1.38525e-06
22.3838 0.90625 1.38639e-06
22.3838 0.96875 1.37326e-06
22.3838 1.03125 1.37602e-06
22.3838 1.09375 1.3654e-06
22.3838 1.15625 1.37114e-06
22.3838 1.21875 1.36407e-06
22.3838 1.28125 1.37161e-06
22.3838 1.34375 1.36658e-06
22.3838 1.40625 1.37197e-06
22.3838 1.46875 1.36425e-06
22.3838 1.53125 1.3668e-06
22.3838 1.59375 1.35891e-06
22.3838 1.65625 1.35945e-06
22.3838 1.71875 1.35325e-06
22.3838 1.78125 1.35543e-06
22.3838 1.84375 1.35337e-06
22.3838 1.90625 1.35549e-06
22.3838 1.96875 1.35386e-06
23.1692 0.03125 2.24777e-06
23.1692 0.09375 2.26199e-06
23.1692 0.15625 2.27696e-06
23.1692 0.21875 2.28873e-06
23.1692 0.28125 2.30706e-06
23.1692 0.34375 2.30928e-06
23.1692 0.40625 2.32819e-06
23.1692 0.46875 2.32229e-06
23.1692 0.53125 2.34062e-06
23.1692 0.59375 2.32723e-06
23.1692 0.65625 2.34735e-06
23.1692 0.71875 2.33242e-06
23.1692 0.78125 2.35938e-06
23.1692 0.84375 2.34287e-06
23.1692 0.90625 2.36666e-06
23.1692 0.96875 2.34323e-06
23.1692 1.03125 2.36406e-06
23.1692 1.09375 2.34055e-06
23.1692 1.15625 2.36359e-06
23.1692 1.21875 2.3437e-06
23.1692 1.28125 2.36367e-06
23.1692 1.34375 2.34344e-06
23.1692 1.40625 2.35866e-06
23.1692 1.46875 2.33822e-06
23.1692 1.53125 2.35041e-06
23.1692 1.59375 2.335e-06
23.1692 1.65625 2.34213e-06
23.1692 1.71875 2.33098e-06
23.1692 1.78125 2.33456e-06
23.1692 1.84375 2.32821e-06
23.1692 1.90625 2.32527e-06
23.1692 1.96875 2.32193e-06
23.9546 0.03125 2.08582e-06
23.9546 0.09375 2.07578e-06
23.9546 0.15625 2.06992e-06
23.9546 0.21875 2.06536e-06
23.9546 0.28125 2.06402e-06
23.9546 0.34375 2.06408e-06
23.9546 0.40625 2.06363e-06
23.9546 0.46875 2.06047e-06
23.9546 0.53125 2.06014e-06
23.9546 0.59375 2.06033e-06
23.9546 0.65625 2.05911e-06
23.9546 0.71875 2.05611e-06
23.9546 0.78125 2.05669e-06
23.9546 0.84375 2.05368e-06
23.9546 0.90625 2.0563e-06
23.9546 0.96875 2.05528e-06
23.9546 1.03125 2.05583e-06
23.9546 1.09375 2.05568e-06
23.9546 1.15625 2.05834e-06
23.9546 1.21875 2.05664e-06
23.9546 1.28125 2.0541e-06
23.9546 1.34375 2.04865e-06
23.9546 1.40625 2.04654e-06
23.9546 1.46875 2.04437e-06
23.9546 1.53125 2.04554e-06
23.9546 1.59375 2.04661e-06
23.9546 1.65625 2.04709e-06
23.9546 1.71875 2.04665e-06
23.9546 1.78125 2.04484e-06
23.9546 1.84375 2.04265e-06
23.9546 1.90625 2.0384e-06
23.9546 1.96875 2.03728e-06
24.74 0.03125 3.1739e-06
24.74 0.09375 3.17566e-06
24.74 0.15625 3.17841e-06
24.74 0.21875 3.17127e-06
24.74 0.28125 3.17824e-06
24.74 0.34375 3.17035e-06
24.74 0.40625 3.18326e-06
24.74 0.46875 3.17239e-06
24.74 0.53125 3.18955e-06
24.74 0.59375 3.17621e-06
24.74 0.65625 3.19471e-06
24.74 0.71875 3.17825e-06
24.74 0.78125 3.19548e-06
24.74 0.84375 3.1757e-06
24.74 0.90625 3.19842e-06
24.74 0.96875 3.18089e-06
24.74 1.03125 3.20213e-06
24.74 1.09375 3.18333e-06
24.74 1.15625 3.20129e-06
24.74 1.21875 3.18062e-06
24.74 1.28125 3.19894e-06
24.74 1.34375 3.17855e-06
24.74 1.40625 3.19359e-06
24.74 1.46875 3.17828e-06
24.74 1.53125 3.19419e-06
24.74 1.59375 3.18256e-06
24.74 1.65625 3.19479e-06
24.74 1.71875 3.18571e-06
24.74 1.78125 3.19497e-06
24.74 1.84375 3.18992e-06
24.74 1.90625 3.19422e-06
24.74 1.96875 3.18979e-06
