0.392699 0.03125 4.43726e-07
1.1781 0.03125 4.32192e-07
1.9635 0.03125 4.45142e-07
2.74889 0.03125 3.93531e-07
3.53429 0.03125 4.60525e-07
4.31969 0.03125 3.83652e-07
5.10509 0.03125 2.19633e-07
5.89049 0.03125 1.89856e-07
6.67588 0.03125 7.88808e-08
7.46128 0.03125 -7.68042e-09
8.24668 0.03125 -7.07401e-08
9.03208 0.03125 -8.19749e-08
9.81748 0.03125 -2.15355e-07
10.6029 0.03125 -2.61577e-07
11.3883 0.03125 -3.60366e-07
12.1737 0.03125 -3.97462e-07
12.9591 0.03125 -4.87505e-07
13.7445 0.03125 -3.5013e-07
14.5299 0.03125 -5.14281e-07
15.3153 0.03125 -4.03073e-07
16.1007 0.03125 -3.86796e-07
16.8861 0.03125 -3.00598e-07
17.6715 0.03125 -2.83848e-07
18.4569 0.03125 -1.63262e-07
19.2423 0.03125 -1.37815e-07
20.0277 0.03125 -8.38425e-08
20.8131 0.03125 7.17941e-08
21.5984 0.03125 1.85966e-07
22.3838 0.03125 3.47127e-07
23.1692 0.03125 1.38056e-07
23.9546 0.03125 3.88791e-07
24.74 0.03125 3.25191e-07
0.392699 0.09375 4.42743e-07
1.1781 0.09375 4.24282e-07
1.9635 0.09375 4.51289e-07
2.74889 0.09375 3.95261e-07
3.53429 0.09375 4.53676e-07
4.31969 0.09375 3.80759e-07
5.10509 0.09375 2.27315e-07
5.89049 0.09375 1.89234e-07
6.67588 0.09375 8.21122e-08
7.46128 0.09375 -4.28259e-09
8.24668 0.09375 -7.45472e-08
9.03208 0.09375 -8.25333e-08
9.81748 0.09375 -2.15536e-07
10.6029 0.09375 -2.61311e-07
11.3883 0.09375 -3.63965e-07
12.1737 0.09375 -3.94506e-07
12.9591 0.09375 -4.87545e-07
13.7445 0.09375 -3.56719e-07
14.5299 0.09375 -5.07476e-07
15.3153 0.09375 -3.99933e-07
16.1007 0.09375 -3.88859e-07
16.8861 0.09375 -2.99949e-07
17.6715 0.09375 -2.86103e-07
18.4569 0.09375 -1.66042e-07
19.2423 0.09375 -1.3391e-07
20.0277 0.09375 -8.03269e-08
20.8131 0.09375 6.96804e-08
21.5984 0.09375 1.76756e-07
22.3838 0.09375 3.48624e-07
23.1692 0.09375 1.52934e-07
23.9546 0.09375 3.8155e-07
24.74 0.09375 3.2539e-07
0.392699 0.15625 4.4065e-07
1.1781 0.15625 4.20174e-07
1.9635 0.15625 4.5481e-07
2.74889 0.15625 3.96327e-07
3.53429 0.15625 4.4861e-07
4.31969 0.15625 3.75759e-07
5.10509 0.15625 2.32606e-07
5.89049 0.15625 1.91399e-07
6.67588 0.15625 8.487e-08
7.46128 0.15625 -5.91263e-10
8.24668 0.15625 -7.66595e-08
9.03208 0.15625 -8.53949e-08
9.81748 0.15625 -2.17047e-07
10.6029 0.15625 -2.58863e-07
11.3883 0.15625 -3.66633e-07
12.1737 0.15625 -3.92671e-07
12.9591 0.15625 -4.87287e-07
13.7445 0.15625 -3.63835e-07
14.5299 0.15625 -5.03607e-07
15.3153 0.15625 -3.96855e-07
16.1007 0.15625 -3.88837e-07
16.8861 0.15625 -2.97254e-07
17.6715 0.15625 -2.89384e-07
18.4569 0.15625 -1.68751e-07
19.2423 0.15625 -1.28685e-07
20.0277 0.15625 -7.83471e-08
20.8131 0.15625 6.96783e-08
21.5984 0.15625 1.7141e-07
22.3838 0.15625 3.47199e-07
23.1692 0.15625 1.63946e-07
23.9546 0.15625 3.78812e-07
24.74 0.15625 3.22783e-07
0.392699 0.21875 4.38727e-07
1.1781 0.21875 4.15544e-07
1.9635 0.21875 4.6043e-07
2.74889 0.21875 3.96552e-07
3.53429 0.21875 4.42527e-07
4.31969 0.21875 3.71502e-07
5.10509 0.21875 2.38135e-07
5.89049 0.21875 1.92324e-07
6.67588 0.21875 8.75201e-08
7.46128 0.21875 4.26353e-09
8.24668 0.21875 -7.85314e-08
9.03208 0.21875 -8.71232e-08
9.81748 0.21875 -2.19068e-07
10.6029 0.21875 -2.58408e-07
11.3883 0.21875 -3.69677e-07
12.1737 0.21875 -3.90713e-07
12.9591 0.21875 -4.8707e-07
13.7445 0.21875 -3.68158e-07
14.5299 0.21875 -4.96126e-07
15.3153 0.21875 -3.91466e-07
16.1007 0.21875 -3.90921e-07
16.8861 0.21875 -2.99987e-07
17.6715 0.21875 -2.9018e-07
18.4569 0.21875 -1.72688e-07
19.2423 0.21875 -1.26607e-07
20.0277 0.21875 -7.32084e-08
20.8131 0.21875 6.91726e-08
21.5984 0.21875 1.61139e-07
22.3838 0.21875 3.43319e-07
23.1692 0.21875 1.79096e-07
23.9546 0.21875 3.77728e-07
24.74 0.21875 3.20652e-07
0.392699 0.28125 4.39302e-07
1.1781 0.28125 4.1286e-07
1.9635 0.28125 4.61165e-07
2.74889 0.28125 3.98362e-07
3.53429 0.28125 4.39876e-07
4.31969 0.28125 3.6702e-07
5.10509 0.28125 2.39628e-07
5.89049 0.28125 1.92926e-07
6.67588 0.28125 8.87712e-08
7.46128 0.28125 9.96861e-09
8.24668 0.28125 -7.76237e-08
9.03208 0.28125 -9.08795e-08
9.81748 0.28125 -2.23234e-07
10.6029 0.28125 -2.57205e-07
11.3883 0.28125 -3.69467e-07
12.1737 0.28125 -3.88023e-07
12.9591 0.28125 -4.85471e-07
13.7445 0.28125 -3.73903e-07
14.5299 0.28125 -4.94898e-07
15.3153 0.28125 -3.90709e-07
16.1007 0.28125 -3.91809e-07
16.8861 0.28125 -2.96851e-07
17.6715 0.28125 -2.90817e-07
18.4569 0.28125 -1.74851e-07
19.2423 0.28125 -1.24222e-07
20.0277 0.28125 -6.909e-08
20.8131 0.28125 7.1672e-08
21.5984 0.28125 1.54452e-07
22.3838 0.28125 3.37363e-07
23.1692 0.28125 1.87237e-07
23.9546 0.28125 3.78827e-07
24.74 0.28125 3.18182e-07
0.392699 0.34375 4.37814e-07
1.1781 0.34375 4.08496e-07
1.9635 0.34375 4.64118e-07
2.74889 0.34375 3.98232e-07
3.53429 0.34375 4.37188e-07
4.31969 0.34375 3.63226e-07
5.10509 0.34375 2.42331e-07
5.89049 0.34375 1.90505e-07
6.67588 0.34375 8.91329e-08
7.46128 0.34375 1.48876e-08
8.24668 0.34375 -7.61373e-08
9.03208 0.34375 -9.04731e-08
9.81748 0.34375 -2.25467e-07
10.6029 0.34375 -2.57974e-07
11.3883 0.34375 -3.71574e-07
12.1737 0.34375 -3.84664e-07
12.9591 0.34375 -4.83313e-07
13.7445 0.34375 -3.7738e-07
14.5299 0.34375 -4.91306e-07
15.3153 0.34375 -3.85946e-07
16.1007 0.34375 -3.91725e-07
16.8861 0.34375 -2.98517e-07
17.6715 0.34375 -2.91694e-07
18.4569 0.34375 -1.79139e-07
19.2423 0.34375 -1.24136e-07
20.0277 0.34375 -6.5501e-08
20.8131 0.34375 7.13238e-08
21.5984 0.34375 1.46009e-07
22.3838 0.34375 3.32303e-07
23.1692 0.34375 1.98272e-07
23.9546 0.34375 3.80594e-07
24.74 0.34375 3.19301e-07
0.392699 0.40625 4.39614e-07
1.1781 0.40625 4.06012e-07
1.9635 0.40625 4.63545e-07
2.74889 0.40625 4.00125e-07
3.53429 0.40625 4.36558e-07
4.31969 0.40625 3.59684e-07
5.10509 0.40625 2.41393e-07
5.89049 0.40625 1.90826e-07
6.67588 0.40625 9.07229e-08
7.46128 0.40625 1.87015e-08
8.24668 0.40625 -7.68002e-08
9.03208 0.40625 -9.31047e-08
9.81748 0.40625 -2.27625e-07
10.6029 0.40625 -2.57732e-07
11.3883 0.40625 -3.71839e-07
12.1737 0.40625 -3.81866e-07
12.9591 0.40625 -4.79975e-07
13.7445 0.40625 -3.81941e-07
14.5299 0.40625 -4.92994e-07
15.3153 0.40625 -3.86866e-07
16.1007 0.40625 -3.92939e-07
16.8861 0.40625 -2.96311e-07
17.6715 0.40625 -2.9214e-07
18.4569 0.40625 -1.7753e-07
19.2423 0.40625 -1.20598e-07
20.0277 0.40625 -6.34985e-08
20.8131 0.40625 7.23878e-08
21.5984 0.40625 1.4167e-07
22.3838 0.40625 3.28526e-07
23.1692 0.40625 2.02498e-07
23.9546 0.40625 3.81167e-07
24.74 0.40625 3.18824e-07
0.392699 0.46875 4.40385e-07
1.1781 0.46875 4.03758e-07
1.9635 0.46875 4.65605e-07
2.74889 0.46875 3.99938e-07
3.53429 0.46875 4.36282e-07
4.31969 0.46875 3.55023e-07
5.10509 0.46875 2.43589e-07
5.89049 0.46875 1.91368e-07
6.67588 0.46875 9.23297e-08
7.46128 0.46875 2.1184e-08
8.24668 0.46875 -7.78201e-08
9.03208 0.46875 -9.32332e-08
9.81748 0.46875 -2.29284e-07
10.6029 0.46875 -2.58789e-07
11.3883 0.46875 -3.75025e-07
12.1737 0.46875 -3.79453e-07
12.9591 0.46875 -4.7577e-07
13.7445 0.46875 -3.81129e-07
14.5299 0.46875 -4.8891e-07
15.3153 0.46875 -3.84744e-07
16.1007 0.46875 -3.9585e-07
16.8861 0.46875 -3.00185e-07
17.6715 0.46875 -2.91891e-07
18.4569 0.46875 -1.79995e-07
19.2423 0.46875 -1.20463e-07
20.0277 0.46875 -6.32415e-08
20.8131 0.46875 7.10282e-08
21.5984 0.46875 1.37485e-07
22.3838 0.46875 3.2493e-07
23.1692 0.46875 2.10815e-07
23.9546 0.46875 3.80456e-07
24.74 0.46875 3.2046e-07
0.392699 0.53125 4.4338e-07
1.1781 0.53125 4.02652e-07
1.9635 0.53125 4.65676e-07
2.74889 0.53125 4.01398e-07
3.53429 0.53125 4.35868e-07
4.31969 0.53125 3.53562e-07
5.10509 0.53125 2.44187e-07
5.89049 0.53125 1.93533e-07
6.67588 0.53125 9.27673e-08
7.46128 0.53125 2.41546e-08
8.24668 0.53125 -7.78369e-08
9.03208 0.53125 -9.71355e-08
9.81748 0.53125 -2.335e-07
10.6029 0.53125 -2.60029e-07
11.3883 0.53125 -3.75885e-07
12.1737 0.53125 -3.78167e-07
12.9591 0.53125 -4.71804e-07
13.7445 0.53125 -3.83835e-07
14.5299 0.53125 -4.89151e-07
15.3153 0.53125 -3.86529e-07
16.1007 0.53125 -3.98869e-07
16.8861 0.53125 -2.97878e-07
17.6715 0.53125 -2.90608e-07
18.4569 0.53125 -1.77251e-07
19.2423 0.53125 -1.16737e-07
20.0277 0.53125 -6.12917e-08
20.8131 0.53125 7.18219e-08
21.5984 0.53125 1.35335e-07
22.3838 0.53125 3.19687e-07
23.1692 0.53125 2.10407e-07
23.9546 0.53125 3.79971e-07
24.74 0.53125 3.20571e-07
0.392699 0.59375 4.42863e-07
1.1781 0.59375 4.00964e-07
1.9635 0.59375 4.68723e-07
2.74889 0.59375 4.00797e-07
3.53429 0.59375 4.34943e-07
4.31969 0.59375 3.50448e-07
5.10509 0.59375 2.4736e-07
5.89049 0.59375 1.92367e-07
6.67588 0.59375 9.16395e-08
7.46128 0.59375 2.67698e-08
8.24668 0.59375 -7.56025e-08
9.03208 0.59375 -9.72722e-08
9.81748 0.59375 -2.36949e-07
10.6029 0.59375 -2.60252e-07
11.3883 0.59375 -3.78215e-07
12.1737 0.59375 -3.77487e-07
12.9591 0.59375 -4.69278e-07
13.7445 0.59375 -3.81726e-07
14.5299 0.59375 -4.83207e-07
15.3153 0.59375 -3.82384e-07
16.1007 0.59375 -3.99792e-07
16.8861 0.59375 -3.00846e-07
17.6715 0.59375 -2.90735e-07
18.4569 0.59375 -1.82056e-07
19.2423 0.59375 -1.1752e-07
20.0277 0.59375 -6.0937e-08
20.8131 0.59375 7.16091e-08
21.5984 0.59375 1.32526e-07
22.3838 0.59375 3.133e-07
23.1692 0.59375 2.14962e-07
23.9546 0.59375 3.80496e-07
24.74 0.59375 3.23433e-07
0.392699 0.65625 4.4573e-07
1.1781 0.65625 4.00304e-07
1.9635 0.65625 4.6881e-07
2.74889 0.65625 4.01757e-07
3.53429 0.65625 4.32464e-07
4.31969 0.65625 3.50166e-07
5.10509 0.65625 2.47861e-07
5.89049 0.65625 1.93066e-07
6.67588 0.65625 8.98001e-08
7.46128 0.65625 2.90208e-08
8.24668 0.65625 -7.29487e-08
9.03208 0.65625 -9.98835e-08
9.81748 0.65625 -2.40077e-07
10.6029 0.65625 -2.58097e-07
11.3883 0.65625 -3.77681e-07
12.1737 0.65625 -3.79406e-07
12.9591 0.65625 -4.68064e-07
13.7445 0.65625 -3.84111e-07
14.5299 0.65625 -4.83435e-07
15.3153 0.65625 -3.83364e-07
16.1007 0.65625 -4.02137e-07
16.8861 0.65625 -2.98979e-07
17.6715 0.65625 -2.89127e-07
18.4569 0.65625 -1.801e-07
19.2423 0.65625 -1.14916e-07
20.0277 0.65625 -5.81349e-08
20.8131 0.65625 7.44732e-08
21.5984 0.65625 1.31605e-07
22.3838 0.65625 3.08921e-07
23.1692 0.65625 2.13249e-07
23.9546 0.65625 3.79167e-07
24.74 0.65625 3.22521e-07
0.392699 0.71875 4.45563e-07
1.1781 0.71875 3.99553e-07
1.9635 0.71875 4.70613e-07
2.74889 0.71875 3.98405e-07
3.53429 0.71875 4.29643e-07
4.31969 0.71875 3.47727e-07
5.10509 0.71875 2.53069e-07
5.89049 0.71875 1.9211e-07
6.67588 0.71875 8.79048e-08
7.46128 0.71875 2.93395e-08
8.24668 0.71875 -7.19083e-08
9.03208 0.71875 -9.83768e-08
9.81748 0.71875 -2.40432e-07
10.6029 0.71875 -2.55087e-07
11.3883 0.71875 -3.78858e-07
12.1737 0.71875 -3.79027e-07
12.9591 0.71875 -4.67941e-07
13.7445 0.71875 -3.84383e-07
14.5299 0.71875 -4.78675e-07
15.3153 0.71875 -3.78219e-07
16.1007 0.71875 -4.02043e-07
16.8861 0.71875 -3.04124e-07
17.6715 0.71875 -2.90214e-07
18.4569 0.71875 -1.84935e-07
19.2423 0.71875 -1.1622e-07
20.0277 0.71875 -5.92555e-08
20.8131 0.71875 7.40417e-08
21.5984 0.71875 1.30871e-07
22.3838 0.71875 3.06621e-07
23.1692 0.71875 2.20552e-07
23.9546 0.71875 3.78472e-07
24.74 0.71875 3.24125e-07
0.392699 0.78125 4.47386e-07
1.1781 0.78125 4.00994e-07
1.9635 0.78125 4.72434e-07
2.74889 0.78125 3.96568e-07
3.53429 0.78125 4.24745e-07
4.31969 0.78125 3.47761e-07
5.10509 0.78125 2.54678e-07
5.89049 0.78125 1.95252e-07
6.67588 0.78125 8.73392e-08
7.46128 0.78125 2.8972e-08
8.24668 0.78125 -7.27675e-08
9.03208 0.78125 -9.9167e-08
9.81748 0.78125 -2.41132e-07
10.6029 0.78125 -2.53913e-07
11.3883 0.78125 -3.78892e-07
12.1737 0.78125 -3.781e-07
12.9591 0.78125 -4.66154e-07
13.7445 0.78125 -3.90518e-07
14.5299 0.78125 -4.81253e-07
15.3153 0.78125 -3.8021e-07
16.1007 0.78125 -4.04682e-07
16.8861 0.78125 -3.02912e-07
17.6715 0.78125 -2.88684e-07
18.4569 0.78125 -1.80759e-07
19.2423 0.78125 -1.1146e-07
20.0277 0.78125 -5.58861e-08
20.8131 0.78125 7.36735e-08
21.5984 0.78125 1.28074e-07
22.3838 0.78125 3.04638e-07
23.1692 0.78125 2.22206e-07
23.9546 0.78125 3.78923e-07
24.74 0.78125 3.21146e-07
0.392699 0.84375 4.47339e-07
1.1781 0.84375 4.02248e-07
1.9635 0.84375 4.76336e-07
2.74889 0.84375 3.93836e-07
3.53429 0.84375 4.23087e-07
4.31969 0.84375 3.42552e-07
5.10509 0.84375 2.5772e-07
5.89049 0.84375 1.95678e-07
6.67588 0.84375 8.71722e-08
7.46128 0.84375 2.91132e-08
8.24668 0.84375 -7.25808e-08
9.03208 0.84375 -9.48422e-08
9.81748 0.84375 -2.4105e-07
10.6029 0.84375 -2.54467e-07
11.3883 0.84375 -3.82637e-07
12.1737 0.84375 -3.75722e-07
12.9591 0.84375 -4.62078e-07
13.7445 0.84375 -3.90656e-07
14.5299 0.84375 -4.79811e-07
15.3153 0.84375 -3.78032e-07
16.1007 0.84375 -4.03916e-07
16.8861 0.84375 -3.06433e-07
17.6715 0.84375 -2.88795e-07
18.4569 0.84375 -1.83923e-07
19.2423 0.84375 -1.11393e-07
20.0277 0.84375 -5.68284e-08
20.8131 0.84375 7.00825e-08
21.5984 0.84375 1.24636e-07
22.3838 0.84375 3.0118e-07
23.1692 0.84375 2.29819e-07
23.9546 0.84375 3.79065e-07
24.74 0.84375 3.22149e-07
0.392699 0.90625 4.50959e-07
1.1781 0.90625 4.00917e-07
1.9635 0.90625 4.75537e-07
2.74889 0.90625 3.95722e-07
3.53429 0.90625 4.23271e-07
4.31969 0.90625 3.41212e-07
5.10509 0.90625 2.54802e-07
5.89049 0.90625 1.97157e-07
6.67588 0.90625 8.79399e-08
7.46128 0.90625 3.0988e-08
8.24668 0.90625 -7.21873e-08
9.03208 0.90625 -9.42663e-08
9.81748 0.90625 -2.41093e-07
10.6029 0.90625 -2.55385e-07
11.3883 0.90625 -3.85049e-07
12.1737 0.90625 -3.75547e-07
12.9591 0.90625 -4.58867e-07
13.7445 0.90625 -3.95605e-07
14.5299 0.90625 -4.83469e-07
15.3153 0.90625 -3.79687e-07
16.1007 0.90625 -4.04171e-07
16.8861 0.90625 -3.04505e-07
17.6715 0.90625 -2.88494e-07
18.4569 0.90625 -1.79457e-07
19.2423 0.90625 -1.06154e-07
20.0277 0.90625 -5.23283e-08
20.8131 0.90625 7.08905e-08
21.5984 0.90625 1.21328e-07
22.3838 0.90625 2.95166e-07
23.1692 0.90625 2.26672e-07
23.9546 0.90625 3.79716e-07
24.74 0.90625 3.22201e-07
0.392699 0.96875 4.51249e-07
1.1781 0.96875 3.97891e-07
1.9635 0.96875 4.74874e-07
2.74889 0.96875 3.95762e-07
3.53429 0.96875 4.26416e-07
4.31969 0.96875 3.36445e-07
5.10509 0.96875 2.54633e-07
5.89049 0.96875 1.95686e-07
6.67588 0.96875 8.92447e-08
7.46128 0.96875 3.34519e-08
8.24668 0.96875 -7.13846e-08
9.03208 0.96875 -9.12429e-08
9.81748 0.96875 -2.41095e-07
10.6029 0.96875 -2.54767e-07
11.3883 0.96875 -3.88087e-07
12.1737 0.96875 -3.75695e-07
12.9591 0.96875 -4.57386e-07
13.7445 0.96875 -3.93105e-07
14.5299 0.96875 -4.79391e-07
15.3153 0.96875 -3.76176e-07
16.1007 0.96875 -4.02943e-07
16.8861 0.96875 -3.07677e-07
17.6715 0.96875 -2.90292e-07
18.4569 0.96875 -1.85635e-07
19.2423 0.96875 -1.06863e-07
20.0277 0.96875 -5.11789e-08
20.8131 0.96875 7.14547e-08
21.5984 0.96875 1.20516e-07
22.3838 0.96875 2.89516e-07
23.1692 0.96875 2.28852e-07
23.9546 0.96875 3.79765e-07
24.74 0.96875 3.25992e-07
0.392699 1.03125 4.53778e-07
1.1781 1.03125 3.9685e-07
1.9635 1.03125 4.73689e-07
2.74889 1.03125 3.96705e-07
3.53429 1.03125 4.25664e-07
4.31969 1.03125 3.36365e-07
5.10509 1.03125 2.53752e-07
5.89049 1.03125 1.98362e-07
6.67588 1.03125 8.93234e-08
7.46128 1.03125 3.52021e-08
8.24668 1.03125 -6.98656e-08
9.03208 1.03125 -9.31874e-08
9.81748 1.03125 -2.4448e-07
10.6029 1.03125 -2.55638e-07
11.3883 1.03125 -3.88095e-07
12.1737 1.03125 -3.75907e-07
12.9591 1.03125 -4.55218e-07
13.7445 1.03125 -3.94822e-07
14.5299 1.03125 -4.80902e-07
15.3153 1.03125 -3.80009e-07
16.1007 1.03125 -4.0742e-07
16.8861 1.03125 -3.05245e-07
17.6715 1.03125 -2.87109e-07
18.4569 1.03125 -1.80461e-07
19.2423 1.03125 -1.02174e-07
20.0277 1.03125 -4.76207e-08
20.8131 1.03125 7.33459e-08
21.5984 1.03125 1.20564e-07
22.3838 1.03125 2.85268e-07
23.1692 1.03125 2.23088e-07
23.9546 1.03125 3.7918e-07
24.74 1.03125 3.25224e-07
0.392699 1.09375 4.51871e-07
1.1781 1.09375 3.96581e-07
1.9635 1.09375 4.75623e-07
2.74889 1.09375 3.92944e-07
3.53429 1.09375 4.24131e-07
4.31969 1.09375 3.34039e-07
5.10509 1.09375 2.58449e-07
5.89049 1.09375 1.98323e-07
6.67588 1.09375 8.77231e-08
7.46128 1.09375 3.64742e-08
8.24668 1.09375 -6.6805e-08
9.03208 1.09375 -9.14625e-08
9.81748 1.09375 -2.4856e-07
10.6029 1.09375 -2.56798e-07
11.3883 1.09375 -3.89958e-07
12.1737 1.09375 -3.74622e-07
12.9591 1.09375 -4.52331e-07
13.7445 1.09375 -3.90881e-07
14.5299 1.09375 -4.76514e-07
15.3153 1.09375 -3.76628e-07
16.1007 1.09375 -4.09385e-07
16.8861 1.09375 -3.11304e-07
17.6715 1.09375 -2.86578e-07
18.4569 1.09375 -1.8216e-07
19.2423 1.09375 -1.02027e-07
20.0277 1.09375 -5.13499e-08
20.8131 1.09375 7.13907e-08
21.5984 1.09375 1.22338e-07
22.3838 1.09375 2.82431e-07
23.1692 1.09375 2.25607e-07
23.9546 1.09375 3.80119e-07
24.74 1.09375 3.28017e-07
0.392699 1.15625 4.51294e-07
1.1781 1.15625 3.97857e-07
1.9635 1.15625 4.77911e-07
2.74889 1.15625 3.9156e-07
3.53429 1.15625 4.21272e-07
4.31969 1.15625 3.35838e-07
5.10509 1.15625 2.57213e-07
5.89049 1.15625 1.9928e-07
6.67588 1.15625 8.72835e-08
7.46128 1.15625 3.85702e-08
8.24668 1.15625 -6.60934e-08
9.03208 1.15625 -9.40609e-08
9.81748 1.15625 -2.5089e-07
10.6029 1.15625 -2.57025e-07
11.3883 1.15625 -3.90685e-07
12.1737 1.15625 -3.73732e-07
12.9591 1.15625 -4.48175e-07
13.7445 1.15625 -3.93933e-07
14.5299 1.15625 -4.79062e-07
15.3153 1.15625 -3.77875e-07
16.1007 1.15625 -4.12228e-07
16.8861 1.15625 -3.12246e-07
17.6715 1.15625 -2.87293e-07
18.4569 1.15625 -1.7622e-07
19.2423 1.15625 -9.56849e-08
20.0277 1.15625 -5.06519e-08
20.8131 1.15625 7.11305e-08
21.5984 1.15625 1.23944e-07
22.3838 1.15625 2.81028e-07
23.1692 1.15625 2.2239e-07
23.9546 1.15625 3.81551e-07
24.74 1.15625 3.25723e-07
0.392699 1.21875 4.4905e-07
1.1781 1.21875 3.9811e-07
1.9635 1.21875 4.80977e-07
2.74889 1.21875 3.89654e-07
3.53429 1.21875 4.22075e-07
4.31969 1.21875 3.32818e-07
5.10509 1.21875 2.56362e-07
5.89049 1.21875 1.96408e-07
6.67588 1.21875 8.88695e-08
7.46128 1.21875 4.15222e-08
8.24668 1.21875 -6.61894e-08
9.03208 1.21875 -9.29188e-08
9.81748 1.21875 -2.50934e-07
10.6029 1.21875 -2.55284e-07
11.3883 1.21875 -3.94381e-07
12.1737 1.21875 -3.72811e-07
12.9591 1.21875 -4.4328e-07
13.7445 1.21875 -3.92619e-07
14.5299 1.21875 -4.76664e-07
15.3153 1.21875 -3.73912e-07
16.1007 1.21875 -4.11642e-07
16.8861 1.21875 -3.17535e-07
17.6715 1.21875 -2.90365e-07
18.4569 1.21875 -1.81105e-07
19.2423 1.21875 -9.62915e-08
20.0277 1.21875 -5.23728e-08
20.8131 1.21875 6.93379e-08
21.5984 1.21875 1.25179e-07
22.3838 1.21875 2.8068e-07
23.1692 1.21875 2.27538e-07
23.9546 1.21875 3.81808e-07
24.74 1.21875 3.26467e-07
0.392699 1.28125 4.52182e-07
1.1781 1.28125 3.98524e-07
1.9635 1.28125 4.80306e-07
2.74889 1.28125 3.90474e-07
3.53429 1.28125 4.22133e-07
4.31969 1.28125 3.32769e-07
5.10509 1.28125 2.52658e-07
5.89049 1.28125 1.98304e-07
6.67588 1.28125 9.15284e-08
7.46128 1.28125 4.38443e-08
8.24668 1.28125 -6.76059e-08
9.03208 1.28125 -9.53869e-08
9.81748 1.28125 -2.51224e-07
10.6029 1.28125 -2.52909e-07
11.3883 1.28125 -3.9661e-07
12.1737 1.28125 -3.74468e-07
12.9591 1.28125 -4.39073e-07
13.7445 1.28125 -3.96806e-07
14.5299 1.28125 -4.79611e-07
15.3153 1.28125 -3.77122e-07
16.1007 1.28125 -4.13363e-07
16.8861 1.28125 -3.14952e-07
17.6715 1.28125 -2.90517e-07
18.4569 1.28125 -1.77835e-07
19.2423 1.28125 -9.17387e-08
20.0277 1.28125 -4.90809e-08
20.8131 1.28125 6.89569e-08
21.5984 1.28125 1.25792e-07
22.3838 1.28125 2.81374e-07
23.1692 1.28125 2.24892e-07
23.9546 1.28125 3.79143e-07
24.74 1.28125 3.23457e-07
0.392699 1.34375 4.52108e-07
1.1781 1.34375 3.99012e-07
1.9635 1.34375 4.82117e-07
2.74889 1.34375 3.89403e-07
3.53429 1.34375 4.21982e-07
4.31969 1.34375 3.29316e-07
5.10509 1.34375 2.55228e-07
5.89049 1.34375 1.97475e-07
6.67588 1.34375 9.13911e-08
7.46128 1.34375 4.58254e-08
8.24668 1.34375 -6.76875e-08
9.03208 1.34375 -9.48829e-08
9.81748 1.34375 -2.52538e-07
10.6029 1.34375 -2.486e-07
11.3883 1.34375 -3.98436e-07
12.1737 1.34375 -3.76408e-07
12.9591 1.34375 -4.36369e-07
13.7445 1.34375 -3.96807e-07
14.5299 1.34375 -4.78058e-07
15.3153 1.34375 -3.74281e-07
16.1007 1.34375 -4.1182e-07
16.8861 1.34375 -3.17297e-07
17.6715 1.34375 -2.90891e-07
18.4569 1.34375 -1.81207e-07
19.2423 1.34375 -9.30785e-08
20.0277 1.34375 -5.09355e-08
20.8131 1.34375 6.67491e-08
21.5984 1.34375 1.27426e-07
22.3838 1.34375 2.82513e-07
23.1692 1.34375 2.28805e-07
23.9546 1.34375 3.76135e-07
24.74 1.34375 3.2236e-07
0.392699 1.40625 4.555e-07
1.1781 1.40625 4.00393e-07
1.9635 1.40625 4.83129e-07
2.74889 1.40625 3.89989e-07
3.53429 1.40625 4.1988e-07
4.31969 1.40625 3.29764e-07
5.10509 1.40625 2.55724e-07
5.89049 1.40625 1.98469e-07
6.67588 1.40625 8.93426e-08
7.46128 1.40625 4.71739e-08
8.24668 1.40625 -6.67799e-08
9.03208 1.40625 -9.67085e-08
9.81748 1.40625 -2.55326e-07
10.6029 1.40625 -2.46005e-07
11.3883 1.40625 -3.98833e-07
12.1737 1.40625 -3.78905e-07
12.9591 1.40625 -4.33513e-07
13.7445 1.40625 -4.01054e-07
14.5299 1.40625 -4.81238e-07
15.3153 1.40625 -3.75978e-07
16.1007 1.40625 -4.12234e-07
16.8861 1.40625 -3.14574e-07
17.6715 1.40625 -2.89693e-07
18.4569 1.40625 -1.76269e-07
19.2423 1.40625 -8.97634e-08
20.0277 1.40625 -4.96746e-08
20.8131 1.40625 6.64357e-08
21.5984 1.40625 1.29607e-07
22.3838 1.40625 2.82555e-07
23.1692 1.40625 2.24141e-07
23.9546 1.40625 3.734e-07
24.74 1.40625 3.19061e-07
0.392699 1.46875 4.5682e-07
1.1781 1.46875 3.99999e-07
1.9635 1.46875 4.8548e-07
2.74889 1.46875 3.89935e-07
3.53429 1.46875 4.19485e-07
4.31969 1.46875 3.25603e-07
5.10509 1.46875 2.57992e-07
5.89049 1.46875 1.97635e-07
6.67588 1.46875 8.70111e-08
7.46128 1.46875 4.83931e-08
8.24668 1.46875 -6.5219e-08
9.03208 1.46875 -9.37994e-08
9.81748 1.46875 -2.57177e-07
10.6029 1.46875 -2.44836e-07
11.3883 1.46875 -4.02358e-07
12.1737 1.46875 -3.82066e-07
12.9591 1.46875 -4.29624e-07
13.7445 1.46875 -3.98501e-07
14.5299 1.46875 -4.77905e-07
15.3153 1.46875 -3.71233e-07
16.1007 1.46875 -4.12275e-07
16.8861 1.46875 -3.19978e-07
17.6715 1.46875 -2.89619e-07
18.4569 1.46875 -1.76453e-07
19.2423 1.46875 -9.14973e-08
20.0277 1.46875 -5.17802e-08
20.8131 1.46875 6.47636e-08
21.5984 1.46875 1.31126e-07
22.3838 1.46875 2.81192e-07
23.1692 1.46875 2.24809e-07
23.9546 1.46875 3.72235e-07
24.74 1.46875 3.203e-07
0.392699 1.53125 4.61381e-07
1.1781 1.53125 3.97913e-07
1.9635 1.53125 4.84334e-07
2.74889 1.53125 3.9075e-07
3.53429 1.53125 4.18975e-07
4.31969 1.53125 3.24216e-07
5.10509 1.53125 2.56458e-07
5.89049 1.53125 1.9953e-07
6.67588 1.53125 8.66501e-08
7.46128 1.53125 5.07718e-08
8.24668 1.53125 -6.50385e-08
9.03208 1.53125 -9.42932e-08
9.81748 1.53125 -2.5928e-07
10.6029 1.53125 -2.44072e-07
11.3883 1.53125 -4.04783e-07
12.1737 1.53125 -3.83539e-07
12.9591 1.53125 -4.22913e-07
13.7445 1.53125 -3.99857e-07
14.5299 1.53125 -4.79205e-07
15.3153 1.53125 -3.72554e-07
16.1007 1.53125 -4.15293e-07
16.8861 1.53125 -3.2085e-07
17.6715 1.53125 -2.89919e-07
18.4569 1.53125 -1.70733e-07
19.2423 1.53125 -8.65348e-08
20.0277 1.53125 -4.90728e-08
20.8131 1.53125 6.28951e-08
21.5984 1.53125 1.30829e-07
22.3838 1.53125 2.78784e-07
23.1692 1.53125 2.19694e-07
23.9546 1.53125 3.72114e-07
24.74 1.53125 3.2063e-07
0.392699 1.59375 4.63114e-07
1.1781 1.59375 3.9499e-07
1.9635 1.59375 4.84265e-07
2.74889 1.59375 3.89288e-07
3.53429 1.59375 4.18741e-07
4.31969 1.59375 3.20612e-07
5.10509 1.59375 2.57905e-07
5.89049 1.59375 1.98962e-07
6.67588 1.59375 8.56222e-08
7.46128 1.59375 5.52347e-08
8.24668 1.59375 -6.37573e-08
9.03208 1.59375 -9.12478e-08
9.81748 1.59375 -2.60084e-07
10.6029 1.59375 -2.43499e-07
11.3883 1.59375 -4.07997e-07
12.1737 1.59375 -3.85743e-07
12.9591 1.59375 -4.16681e-07
13.7445 1.59375 -3.97371e-07
14.5299 1.59375 -4.77865e-07
15.3153 1.59375 -3.6882e-07
16.1007 1.59375 -4.1568e-07
16.8861 1.59375 -3.2785e-07
17.6715 1.59375 -2.91545e-07
18.4569 1.59375 -1.69796e-07
19.2423 1.59375 -8.66474e-08
20.0277 1.59375 -4.89652e-08
20.8131 1.59375 6.08346e-08
21.5984 1.59375 1.29932e-07
22.3838 1.59375 2.75656e-07
23.1692 1.59375 2.20265e-07
23.9546 1.59375 3.73297e-07
24.74 1.59375 3.23157e-07
0.392699 1.65625 4.6698e-07
1.1781 1.65625 3.91929e-07
1.9635 1.65625 4.81492e-07
2.74889 1.65625 3.88171e-07
3.53429 1.65625 4.19355e-07
4.31969 1.65625 3.219e-07
5.10509 1.65625 2.5732e-07
5.89049 1.65625 2.00155e-07
6.67588 1.65625 8.6824e-08
7.46128 1.65625 5.91588e-08
8.24668 1.65625 -6.56397e-08
9.03208 1.65625 -9.25856e-08
9.81748 1.65625 -2.60169e-07
10.6029 1.65625 -2.40265e-07
11.3883 1.65625 -4.1028e-07
12.1737 1.65625 -3.88918e-07
12.9591 1.65625 -4.11077e-07
13.7445 1.65625 -4.00964e-07
14.5299 1.65625 -4.80688e-07
15.3153 1.65625 -3.68403e-07
16.1007 1.65625 -4.16634e-07
16.8861 1.65625 -3.29841e-07
17.6715 1.65625 -2.92722e-07
18.4569 1.65625 -1.64076e-07
19.2423 1.65625 -8.21563e-08
20.0277 1.65625 -4.78536e-08
20.8131 1.65625 5.99968e-08
21.5984 1.65625 1.31781e-07
22.3838 1.65625 2.72987e-07
23.1692 1.65625 2.15282e-07
23.9546 1.65625 3.73054e-07
24.74 1.65625 3.23808e-07
0.392699 1.71875 4.68942e-07
1.1781 1.71875 3.88575e-07
1.9635 1.71875 4.79681e-07
2.74889 1.71875 3.87716e-07
3.53429 1.71875 4.21599e-07
4.31969 1.71875 3.21385e-07
5.10509 1.71875 2.57549e-07
5.89049 1.71875 1.96563e-07
6.67588 1.71875 8.60679e-08
7.46128 1.71875 6.42456e-08
8.24668 1.71875 -6.53412e-08
9.03208 1.71875 -9.17769e-08
9.81748 1.71875 -2.61657e-07
10.6029 1.71875 -2.37243e-07
11.3883 1.71875 -4.12829e-07
12.1737 1.71875 -3.94264e-07
12.9591 1.71875 -4.05588e-07
13.7445 1.71875 -3.98817e-07
14.5299 1.71875 -4.8051e-07
15.3153 1.71875 -3.64825e-07
16.1007 1.71875 -4.17228e-07
16.8861 1.71875 -3.38041e-07
17.6715 1.71875 -2.9197e-07
18.4569 1.71875 -1.59425e-07
19.2423 1.71875 -8.3805e-08
20.0277 1.71875 -5.00452e-08
20.8131 1.71875 6.02682e-08
21.5984 1.71875 1.33497e-07
22.3838 1.71875 2.70783e-07
23.1692 1.71875 2.16197e-07
23.9546 1.71875 3.73052e-07
24.74 1.71875 3.2528e-07
0.392699 1.78125 4.74258e-07
1.1781 1.78125 3.84781e-07
1.9635 1.78125 4.76468e-07
2.74889 1.78125 3.88593e-07
3.53429 1.78125 4.23406e-07
4.31969 1.78125 3.21899e-07
5.10509 1.78125 2.54669e-07
5.89049 1.78125 1.9473e-07
6.67588 1.78125 8.64636e-08
7.46128 1.78125 6.7048e-08
8.24668 1.78125 -6.46206e-08
9.03208 1.78125 -9.17354e-08
9.81748 1.78125 -2.63539e-07
10.6029 1.78125 -2.33562e-07
11.3883 1.78125 -4.16265e-07
12.1737 1.78125 -3.98745e-07
12.9591 1.78125 -3.9785e-07
13.7445 1.78125 -3.99837e-07
14.5299 1.78125 -4.83843e-07
15.3153 1.78125 -3.6644e-07
16.1007 1.78125 -4.20399e-07
16.8861 1.78125 -3.40051e-07
17.6715 1.78125 -2.89493e-07
18.4569 1.78125 -1.51907e-07
19.2423 1.78125 -7.95278e-08
20.0277 1.78125 -5.13337e-08
20.8131 1.78125 5.74697e-08
21.5984 1.78125 1.35991e-07
22.3838 1.78125 2.70207e-07
23.1692 1.78125 2.13473e-07
23.9546 1.78125 3.71206e-07
24.74 1.78125 3.26147e-07
0.392699 1.84375 4.77891e-07
1.1781 1.84375 3.8082e-07
1.9635 1.84375 4.75295e-07
2.74889 1.84375 3.91242e-07
3.53429 1.84375 4.24208e-07
4.31969 1.84375 3.19203e-07
5.10509 1.84375 2.54783e-07
5.89049 1.84375 1.91527e-07
6.67588 1.84375 8.42845e-08
7.46128 1.84375 7.06696e-08
8.24668 1.84375 -6.18639e-08
9.03208 1.84375 -8.91024e-08
9.81748 1.84375 -2.66276e-07
10.6029 1.84375 -2.29278e-07
11.3883 1.84375 -4.18904e-07
12.1737 1.84375 -4.06655e-07
12.9591 1.84375 -3.90377e-07
13.7445 1.84375 -3.96453e-07
14.5299 1.84375 -4.8773e-07
15.3153 1.84375 -3.65855e-07
16.1007 1.84375 -4.20925e-07
16.8861 1.84375 -3.4726e-07
17.6715 1.84375 -2.8673e-07
18.4569 1.84375 -1.43412e-07
19.2423 1.84375 -7.8389e-08
20.0277 1.84375 -5.47169e-08
20.8131 1.84375 5.38212e-08
21.5984 1.84375 1.36592e-07
22.3838 1.84375 2.69983e-07
23.1692 1.84375 2.14798e-07
23.9546 1.84375 3.6974e-07
24.74 1.84375 3.2688e-07
0.392699 1.90625 4.84402e-07
1.1781 1.90625 3.7666e-07
1.9635 1.90625 4.71921e-07
2.74889 1.90625 3.94045e-07
3.53429 1.90625 4.24113e-07
4.31969 1.90625 3.17282e-07
5.10509 1.90625 2.53709e-07
5.89049 1.90625 1.92331e-07
6.67588 1.90625 8.62043e-08
7.46128 1.90625 7.40765e-08
8.24668 1.90625 -6.24398e-08
9.03208 1.90625 -9.06004e-08
9.81748 1.90625 -2.68393e-07
10.6029 1.90625 -2.23115e-07
11.3883 1.90625 -4.21582e-07
12.1737 1.90625 -4.11576e-07
12.9591 1.90625 -3.80572e-07
13.7445 1.90625 -3.99392e-07
14.5299 1.90625 -4.95222e-07
15.3153 1.90625 -3.65559e-07
16.1007 1.90625 -4.20239e-07
16.8861 1.90625 -3.48834e-07
17.6715 1.90625 -2.86209e-07
18.4569 1.90625 -1.38066e-07
19.2423 1.90625 -7.17658e-08
20.0277 1.90625 -5.73807e-08
20.8131 1.90625 4.74823e-08
21.5984 1.90625 1.40369e-07
22.3838 1.90625 2.70732e-07
23.1692 1.90625 2.11662e-07
23.9546 1.90625 3.66456e-07
24.74 1.90625 3.27197e-07
0.392699 1.96875 4.89183e-07
1.1781 1.96875 3.77783e-07
1.9635 1.96875 4.66995e-07
2.74889 1.96875 3.94936e-07
3.53429 1.96875 4.25742e-07
4.31969 1.96875 3.13472e-07
5.10509 1.96875 2.553e-07
5.89049 1.96875 1.91683e-07
6.67588 1.96875 8.42153e-08
7.46128 1.96875 7.76628e-08
8.24668 1.96875 -6.25425e-08
9.03208 1.96875 -8.82972e-08
9.81748 1.96875 -2.71877e-07
10.6029 1.96875 -2.19119e-07
11.3883 1.96875 -4.18304e-07
12.1737 1.96875 -4.20193e-07
12.9591 1.96875 -3.76816e-07
13.7445 1.96875 -3.97142e-07
14.5299 1.96875 -4.99813e-07
15.3153 1.96875 -3.65941e-07
16.1007 1.96875 -4.17032e-07
16.8861 1.96875 -3.52752e-07
17.6715 1.96875 -2.87375e-07
18.4569 1.96875 -1.3327e-07
19.2423 1.96875 -6.80108e-08
20.0277 1.96875 -5.89097e-08
20.8131 1.96875 4.2247e-08
21.5984 1.96875 1.43192e-07
22.3838 1.96875 2.70542e-07
23.1692 1.96875 2.10945e-07
23.9546 1.96875 3.66157e-07
24.74 1.96875 3.25085e-07
