0.392699 0.03125 1.39294e-07
0.392699 0.09375 1.4086e-07
0.392699 0.15625 1.40256e-07
0.392699 0.21875 1.40221e-07
0.392699 0.28125 1.40671e-07
0.392699 0.34375 1.4177e-07
0.392699 0.40625 1.43663e-07
0.392699 0.46875 1.45987e-07
0.392699 0.53125 1.48462e-07
0.392699 0.59375 1.503e-07
0.392699 0.65625 1.52215e-07
0.392699 0.71875 1.53328e-07
0.392699 0.78125 1.53977e-07
0.392699 0.84375 1.55031e-07
0.392699 0.90625 1.57733e-07
0.392699 0.96875 1.60284e-07
0.392699 1.03125 1.62061e-07
0.392699 1.09375 1.62044e-07
0.392699 1.15625 1.61042e-07
0.392699 1.21875 1.60361e-07
0.392699 1.28125 1.61189e-07
0.392699 1.34375 1.61868e-07
0.392699 1.40625 1.63484e-07
0.392699 1.46875 1.66054e-07
0.392699 1.53125 1.69995e-07
0.392699 1.59375 1.73845e-07
0.392699 1.65625 1.77901e-07
0.392699 1.71875 1.81842e-07
0.392699 1.78125 1.86839e-07
0.392699 1.84375 1.91632e-07
0.392699 1.90625 1.97095e-07
0.392699 1.96875 2.00706e-07
1.1781 0.03125 1.00926e-07
1.1781 0.09375 9.5145e-08
1.1781 0.15625 9.20169e-08
1.1781 0.21875 8.84842e-08
1.1781 0.28125 8.69635e-08
1.1781 0.34375 8.46893e-08
1.1781 0.40625 8.39305e-08
1.1781 0.46875 8.34608e-08
1.1781 0.53125 8.35141e-08
1.1781 0.59375 8.32034e-08
1.1781 0.65625 8.33057e-08
1.1781 0.71875 8.37072e-08
1.1781 0.78125 8.44671e-08
1.1781 0.84375 8.5477e-08
1.1781 0.90625 8.53895e-08
1.1781 0.96875 8.4929e-08
1.1781 1.03125 8.44589e-08
1.1781 1.09375 8.43793e-08
1.1781 1.15625 8.405e-08
1.1781 1.21875 8.41857e-08
1.1781 1.28125 8.46371e-08
1.1781 1.34375 8.56213e-08
1.1781 1.40625 8.64014e-08
1.1781 1.46875 8.67662e-08
1.1781 1.53125 8.58303e-08
1.1781 1.59375 8.4611e-08
1.1781 1.65625 8.26452e-08
1.1781 1.71875 8.10934e-08
1.1781 1.78125 7.86204e-08
1.1781 1.84375 7.67933e-08
1.1781 1.90625 7.4291e-08
1.1781 1.96875 7.65988e-08
1.9635 0.03125 1.70637e-07
1.9635 0.09375 1.72686e-07
1.9635 0.15625 1.7435e-07
1.9635 0.21875 1.76365e-07
1.9635 0.28125 1.76604e-07
1.9635 0.34375 1.76885e-07
1.9635 0.40625 1.76348e-07
1.9635 0.46875 1.76545e-07
1.9635 0.53125 1.76982e-07
1.9635 0.59375 1.77973e-07
1.9635 0.65625 1.78823e-07
1.9635 0.71875 1.80149e-07
1.9635 0.78125 1.82875e-07
1.9635 0.84375 1.85156e-07
1.9635 0.90625 1.85159e-07
1.9635 0.96875 1.8347e-07
1.9635 1.03125 1.83061e-07
1.9635 1.09375 1.84115e-07
1.9635 1.15625 1.86768e-07
1.9635 1.21875 1.88409e-07
1.9635 1.28125 1.89137e-07
1.9635 1.34375 1.89744e-07
1.9635 1.40625 1.9105e-07
1.9635 1.46875 1.91365e-07
1.9635 1.53125 1.90568e-07
1.9635 1.59375 1.8869e-07
1.9635 1.65625 1.86312e-07
1.9635 1.71875 1.82918e-07
1.9635 1.78125 1.79646e-07
1.9635 1.84375 1.75864e-07
1.9635 1.90625 1.72315e-07
1.9635 1.96875 1.6748e-07
2.74889 0.03125 1.09562e-07
2.74889 0.09375 1.1243e-07
2.74889 0.15625 1.13957e-07
2.74889 0.21875 1.16009e-07
2.74889 0.28125 1.16931e-07
2.74889 0.34375 1.17862e-07
2.74889 0.40625 1.17936e-07
2.74889 0.46875 1.18468e-07
2.74889 0.53125 1.18439e-07
2.74889 0.59375 1.19226e-07
2.74889 0.65625 1.18933e-07
2.74889 0.71875 1.18461e-07
2.74889 0.78125 1.17268e-07
2.74889 0.84375 1.17333e-07
2.74889 0.90625 1.16824e-07
2.74889 0.96875 1.16867e-07
2.74889 1.03125 1.15784e-07
2.74889 1.09375 1.1508e-07
2.74889 1.15625 1.13903e-07
2.74889 1.21875 1.1398e-07
2.74889 1.28125 1.13423e-07
2.74889 1.34375 1.14147e-07
2.74889 1.40625 1.14498e-07
2.74889 1.46875 1.15675e-07
2.74889 1.53125 1.15366e-07
2.74889 1.59375 1.14723e-07
2.74889 1.65625 1.1294e-07
2.74889 1.71875 1.1199e-07
2.74889 1.78125 1.11745e-07
2.74889 1.84375 1.12882e-07
2.74889 1.90625 1.14451e-07
2.74889 1.96875 1.13328e-07
3.53429 0.03125 1.98108e-07
3.53429 0.09375 1.94358e-07
3.53429 0.15625 1.91957e-07
3.53429 0.21875 1.88832e-07
3.53429 0.28125 1.88334e-07
3.53429 0.34375 1.87146e-07
3.53429 0.40625 1.8835e-07
3.53429 0.46875 1.88505e-07
3.53429 0.53125 1.89764e-07
3.53429 0.59375 1.88736e-07
3.53429 0.65625 1.88117e-07
3.53429 0.71875 1.8471e-07
3.53429 0.78125 1.82474e-07
3.53429 0.84375 1.80561e-07
3.53429 0.90625 1.8258e-07
3.53429 0.96875 1.83915e-07
3.53429 1.03125 1.85047e-07
3.53429 1.09375 1.82634e-07
3.53429 1.15625 1.81659e-07
3.53429 1.21875 1.80765e-07
3.53429 1.28125 1.82014e-07
3.53429 1.34375 1.81363e-07
3.53429 1.40625 1.81569e-07
3.53429 1.46875 1.81152e-07
3.53429 1.53125 1.82081e-07
3.53429 1.59375 1.81793e-07
3.53429 1.65625 1.82662e-07
3.53429 1.71875 1.83878e-07
3.53429 1.78125 1.85912e-07
3.53429 1.84375 1.87911e-07
3.53429 1.90625 1.89311e-07
3.53429 1.96875 1.92015e-07
4.31969 0.03125 1.90616e-07
4.31969 0.09375 1.86068e-07
4.31969 0.15625 1.80557e-07
4.31969 0.21875 1.75398e-07
4.31969 0.28125 1.70585e-07
4.31969 0.34375 1.66996e-07
4.31969 0.40625 1.63461e-07
4.31969 0.46875 1.60474e-07
4.31969 0.53125 1.57877e-07
4.31969 0.59375 1.55745e-07
4.31969 0.65625 1.53392e-07
4.31969 0.71875 1.50869e-07
4.31969 0.78125 1.47609e-07
4.31969 0.84375 1.44269e-07
4.31969 0.90625 1.41948e-07
4.31969 0.96875 1.40411e-07
4.31969 1.03125 1.387e-07
4.31969 1.09375 1.3721e-07
4.31969 1.15625 1.36299e-07
4.31969 1.21875 1.3574e-07
4.31969 1.28125 1.34743e-07
4.31969 1.34375 1.33014e-07
4.31969 1.40625 1.30933e-07
4.31969 1.46875 1.28477e-07
4.31969 1.53125 1.26202e-07
4.31969 1.59375 1.245e-07
4.31969 1.65625 1.24461e-07
4.31969 1.71875 1.25242e-07
4.31969 1.78125 1.25781e-07
4.31969 1.84375 1.24991e-07
4.31969 1.90625 1.23672e-07
4.31969 1.96875 1.21775e-07
5.10509 0.03125 9.63599e-08
5.10509 0.09375 1.01954e-07
5.10509 0.15625 1.05411e-07
5.10509 0.21875 1.08315e-07
5.10509 0.28125 1.09624e-07
5.10509 0.34375 1.10582e-07
5.10509 0.40625 1.10602e-07
5.10509 0.46875 1.10534e-07
5.10509 0.53125 1.11551e-07
5.10509 0.59375 1.12551e-07
5.10509 0.65625 1.14587e-07
5.10509 0.71875 1.1658e-07
5.10509 0.78125 1.18619e-07
5.10509 0.84375 1.18249e-07
5.10509 0.90625 1.17442e-07
5.10509 0.96875 1.15584e-07
5.10509 1.03125 1.16161e-07
5.10509 1.09375 1.17079e-07
5.10509 1.15625 1.1803e-07
5.10509 1.21875 1.16446e-07
5.10509 1.28125 1.15599e-07
5.10509 1.34375 1.15462e-07
5.10509 1.40625 1.16846e-07
5.10509 1.46875 1.16798e-07
5.10509 1.53125 1.16768e-07
5.10509 1.59375 1.16675e-07
5.10509 1.65625 1.17566e-07
5.10509 1.71875 1.17995e-07
5.10509 1.78125 1.17607e-07
5.10509 1.84375 1.17249e-07
5.10509 1.90625 1.16496e-07
5.10509 1.96875 1.17073e-07
5.89049 0.03125 9.04385e-08
5.89049 0.09375 8.93864e-08
5.89049 0.15625 8.9996e-08
5.89049 0.21875 9.03088e-08
5.89049 0.28125 8.98279e-08
5.89049 0.34375 8.8368e-08
5.89049 0.40625 8.73405e-08
5.89049 0.46875 8.75767e-08
5.89049 0.53125 8.82659e-08
5.89049 0.59375 8.87979e-08
5.89049 0.65625 8.93232e-08
5.89049 0.71875 9.07411e-08
5.89049 0.78125 9.2595e-08
5.89049 0.84375 9.39679e-08
5.89049 0.90625 9.36672e-08
5.89049 0.96875 9.32684e-08
5.89049 1.03125 9.40689e-08
5.89049 1.09375 9.5609e-08
5.89049 1.15625 9.54119e-08
5.89049 1.21875 9.39742e-08
5.89049 1.28125 9.32123e-08
5.89049 1.34375 9.36549e-08
5.89049 1.40625 9.43309e-08
5.89049 1.46875 9.51897e-08
5.89049 1.53125 9.58811e-08
5.89049 1.59375 9.64763e-08
5.89049 1.65625 9.63752e-08
5.89049 1.71875 9.46075e-08
5.89049 1.78125 9.24203e-08
5.89049 1.84375 9.07021e-08
5.89049 1.90625 9.03518e-08
5.89049 1.96875 9.07736e-08
6.67588 0.03125 5.21566e-08
6.67588 0.09375 5.44856e-08
6.67588 0.15625 5.6196e-08
6.67588 0.21875 5.71587e-08
6.67588 0.28125 5.68081e-08
6.67588 0.34375 5.56081e-08
6.67588 0.40625 5.561e-08
6.67588 0.46875 5.56637e-08
6.67588 0.53125 5.55826e-08
6.67588 0.59375 5.36384e-08
6.67588 0.65625 5.20004e-08
6.67588 0.71875 5.00555e-08
6.67588 0.78125 5.02752e-08
6.67588 0.84375 4.98893e-08
6.67588 0.90625 5.05544e-08
6.67588 0.96875 5.01139e-08
6.67588 1.03125 5.04515e-08
6.67588 1.09375 4.89229e-08
6.67588 1.15625 4.86624e-08
6.67588 1.21875 4.80954e-08
6.67588 1.28125 4.94448e-08
6.67588 1.34375 4.83121e-08
6.67588 1.40625 4.70463e-08
6.67588 1.46875 4.44594e-08
6.67588 1.53125 4.36071e-08
6.67588 1.59375 4.14662e-08
6.67588 1.65625 4.09278e-08
6.67588 1.71875 3.82054e-08
6.67588 1.78125 3.67841e-08
6.67588 1.84375 3.37547e-08
6.67588 1.90625 3.33269e-08
6.67588 1.96875 3.03297e-08
7.46128 0.03125 4.86153e-10
7.46128 0.09375 5.28092e-09
7.46128 0.15625 9.74077e-09
7.46128 0.21875 1.51119e-08
7.46128 0.28125 2.01376e-08
7.46128 0.34375 2.4791e-08
7.46128 0.40625 2.86947e-08
7.46128 0.46875 3.21669e-08
7.46128 0.53125 3.47e-08
7.46128 0.59375 3.65726e-08
7.46128 0.65625 3.71559e-08
7.46128 0.71875 3.73775e-08
7.46128 0.78125 3.72297e-08
7.46128 0.84375 3.81185e-08
7.46128 0.90625 3.95572e-08
7.46128 0.96875 4.18085e-08
7.46128 1.03125 4.27497e-08
7.46128 1.09375 4.35674e-08
7.46128 1.15625 4.47669e-08
7.46128 1.21875 4.75061e-08
7.46128 1.28125 4.97952e-08
7.46128 1.34375 5.14926e-08
7.46128 1.40625 5.18198e-08
7.46128 1.46875 5.24684e-08
7.46128 1.53125 5.40808e-08
7.46128 1.59375 5.71519e-08
7.46128 1.65625 6.06735e-08
7.46128 1.71875 6.40097e-08
7.46128 1.78125 6.61748e-08
7.46128 1.84375 6.78829e-08
7.46128 1.90625 7.04325e-08
7.46128 1.96875 7.20581e-08
8.24668 0.03125 -2.09349e-08
8.24668 0.09375 -2.36555e-08
8.24668 0.15625 -2.46602e-08
8.24668 0.21875 -2.49039e-08
8.24668 0.28125 -2.28752e-08
8.24668 0.34375 -2.12927e-08
8.24668 0.40625 -2.04431e-08
8.24668 0.46875 -2.05696e-08
8.24668 0.53125 -1.95002e-08
8.24668 0.59375 -1.7724e-08
8.24668 0.65625 -1.55116e-08
8.24668 0.71875 -1.51854e-08
8.24668 0.78125 -1.5949e-08
8.24668 0.84375 -1.69801e-08
8.24668 0.90625 -1.69466e-08
8.24668 0.96875 -1.64569e-08
8.24668 1.03125 -1.49304e-08
8.24668 1.09375 -1.31988e-08
8.24668 1.15625 -1.19786e-08
8.24668 1.21875 -1.17056e-08
8.24668 1.28125 -1.1869e-08
8.24668 1.34375 -1.1772e-08
8.24668 1.40625 -1.10851e-08
8.24668 1.46875 -1.04216e-08
8.24668 1.53125 -9.89657e-09
8.24668 1.59375 -9.16214e-09
8.24668 1.65625 -9.28354e-09
8.24668 1.71875 -8.62078e-09
8.24668 1.78125 -7.76921e-09
8.24668 1.84375 -6.11249e-09
8.24668 1.90625 -5.60054e-09
8.24668 1.96875 -6.03011e-09
9.03208 0.03125 3.1109e-08
9.03208 0.09375 2.9303e-08
9.03208 0.15625 2.74522e-08
9.03208 0.21875 2.58659e-08
9.03208 0.28125 2.46708e-08
9.03208 0.34375 2.47829e-08
9.03208 0.40625 2.37574e-08
9.03208 0.46875 2.30609e-08
9.03208 0.53125 2.17072e-08
9.03208 0.59375 2.20501e-08
9.03208 0.65625 2.20924e-08
9.03208 0.71875 2.30886e-08
9.03208 0.78125 2.34631e-08
9.03208 0.84375 2.57332e-08
9.03208 0.90625 2.70885e-08
9.03208 0.96875 2.91549e-08
9.03208 1.03125 3.00006e-08
9.03208 1.09375 3.19545e-08
9.03208 1.15625 3.17802e-08
9.03208 1.21875 3.20359e-08
9.03208 1.28125 3.09191e-08
9.03208 1.34375 3.13271e-08
9.03208 1.40625 3.17275e-08
9.03208 1.46875 3.41398e-08
9.03208 1.53125 3.54057e-08
9.03208 1.59375 3.77142e-08
9.03208 1.65625 3.78002e-08
9.03208 1.71875 3.93895e-08
9.03208 1.78125 4.09897e-08
9.03208 1.84375 4.45602e-08
9.03208 1.90625 4.56848e-08
9.03208 1.96875 4.9351e-08
9.81748 0.03125 -4.73827e-08
9.81748 0.09375 -4.92349e-08
9.81748 0.15625 -5.1905e-08
9.81748 0.21875 -5.5029e-08
9.81748 0.28125 -5.91846e-08
9.81748 0.34375 -6.18643e-08
9.81748 0.40625 -6.45766e-08
9.81748 0.46875 -6.69227e-08
9.81748 0.53125 -7.06956e-08
9.81748 0.59375 -7.40005e-08
9.81748 0.65625 -7.72054e-08
9.81748 0.71875 -7.85568e-08
9.81748 0.78125 -7.93672e-08
9.81748 0.84375 -7.87752e-08
9.81748 0.90625 -7.84679e-08
9.81748 0.96875 -7.8611e-08
9.81748 1.03125 -8.0951e-08
9.81748 1.09375 -8.35395e-08
9.81748 1.15625 -8.57971e-08
9.81748 1.21875 -8.6833e-08
9.81748 1.28125 -8.8379e-08
9.81748 1.34375 -9.05311e-08
9.81748 1.40625 -9.32486e-08
9.81748 1.46875 -9.49962e-08
9.81748 1.53125 -9.65471e-08
9.81748 1.59375 -9.72207e-08
9.81748 1.65625 -9.81851e-08
9.81748 1.71875 -9.97727e-08
9.81748 1.78125 -1.01667e-07
9.81748 1.84375 -1.04214e-07
9.81748 1.90625 -1.06767e-07
9.81748 1.96875 -1.08861e-07
10.6029 0.03125 -3.90502e-08
10.6029 0.09375 -3.771e-08
10.6029 0.15625 -3.61542e-08
10.6029 0.21875 -3.56838e-08
10.6029 0.28125 -3.60003e-08
10.6029 0.34375 -3.68445e-08
10.6029 0.40625 -3.75337e-08
10.6029 0.46875 -3.85759e-08
10.6029 0.53125 -4.00823e-08
10.6029 0.59375 -4.07807e-08
10.6029 0.65625 -4.00287e-08
10.6029 0.71875 -3.82422e-08
10.6029 0.78125 -3.70927e-08
10.6029 0.84375 -3.65346e-08
10.6029 0.90625 -3.62136e-08
10.6029 0.96875 -3.58634e-08
10.6029 1.03125 -3.69719e-08
10.6029 1.09375 -3.8421e-08
10.6029 1.15625 -3.86871e-08
10.6029 1.21875 -3.70313e-08
10.6029 1.28125 -3.45032e-08
10.6029 1.34375 -3.16553e-08
10.6029 1.40625 -2.98462e-08
10.6029 1.46875 -2.8785e-08
10.6029 1.53125 -2.795e-08
10.6029 1.59375 -2.69113e-08
10.6029 1.65625 -2.44977e-08
10.6029 1.71875 -2.22971e-08
10.6029 1.78125 -1.94272e-08
10.6029 1.84375 -1.67342e-08
10.6029 1.90625 -1.30126e-08
10.6029 1.96875 -1.21885e-08
11.3883 0.03125 -1.35226e-07
11.3883 0.09375 -1.36678e-07
11.3883 0.15625 -1.37793e-07
11.3883 0.21875 -1.38882e-07
11.3883 0.28125 -1.39161e-07
11.3883 0.34375 -1.40193e-07
11.3883 0.40625 -1.41248e-07
11.3883 0.46875 -1.42975e-07
11.3883 0.53125 -1.4449e-07
11.3883 0.59375 -1.45141e-07
11.3883 0.65625 -1.44683e-07
11.3883 0.71875 -1.43988e-07
11.3883 0.78125 -1.44755e-07
11.3883 0.84375 -1.46784e-07
11.3883 0.90625 -1.4943e-07
11.3883 0.96875 -1.5073e-07
11.3883 1.03125 -1.52092e-07
11.3883 1.09375 -1.53136e-07
11.3883 1.15625 -1.54983e-07
11.3883 1.21875 -1.56341e-07
11.3883 1.28125 -1.57731e-07
11.3883 1.34375 -1.57178e-07
11.3883 1.40625 -1.57577e-07
11.3883 1.46875 -1.58292e-07
11.3883 1.53125 -1.6042e-07
11.3883 1.59375 -1.6138e-07
11.3883 1.65625 -1.62719e-07
11.3883 1.71875 -1.62541e-07
11.3883 1.78125 -1.64003e-07
11.3883 1.84375 -1.63285e-07
11.3883 1.90625 -1.63685e-07
11.3883 1.96875 -1.59168e-07
12.1737 0.03125 -1.06408e-07
12.1737 0.09375 -1.04704e-07
12.1737 0.15625 -1.03481e-07
12.1737 0.21875 -1.02097e-07
12.1737 0.28125 -1.00054e-07
12.1737 0.34375 -9.80703e-08
12.1737 0.40625 -9.64084e-08
12.1737 0.46875 -9.57377e-08
12.1737 0.53125 -9.54926e-08
12.1737 0.59375 -9.59818e-08
12.1737 0.65625 -9.67493e-08
12.1737 0.71875 -9.68458e-08
12.1737 0.78125 -9.63439e-08
12.1737 0.84375 -9.64891e-08
12.1737 0.90625 -9.71403e-08
12.1737 0.96875 -9.81947e-08
12.1737 1.03125 -9.84395e-08
12.1737 1.09375 -9.87052e-08
12.1737 1.15625 -9.88352e-08
12.1737 1.21875 -1.00258e-07
12.1737 1.28125 -1.0226e-07
12.1737 1.34375 -1.05014e-07
12.1737 1.40625 -1.07582e-07
12.1737 1.46875 -1.1151e-07
12.1737 1.53125 -1.1456e-07
12.1737 1.59375 -1.18627e-07
12.1737 1.65625 -1.22737e-07
12.1737 1.71875 -1.28738e-07
12.1737 1.78125 -1.34804e-07
12.1737 1.84375 -1.42768e-07
12.1737 1.90625 -1.49483e-07
12.1737 1.96875 -1.5602e-07
12.9591 0.03125 -2.27861e-07
12.9591 0.09375 -2.27169e-07
12.9591 0.15625 -2.26141e-07
12.9591 0.21875 -2.2478e-07
12.9591 0.28125 -2.22286e-07
12.9591 0.34375 -2.18977e-07
12.9591 0.40625 -2.15135e-07
12.9591 0.46875 -2.11085e-07
12.9591 0.53125 -2.07647e-07
12.9591 0.59375 -2.05361e-07
12.9591 0.65625 -2.04456e-07
12.9591 0.71875 -2.03213e-07
12.9591 0.78125 -2.00736e-07
12.9591 0.84375 -1.96832e-07
12.9591 0.90625 -1.93891e-07
12.9591 0.96875 -1.92109e-07
12.9591 1.03125 -1.90469e-07
12.9591 1.09375 -1.87893e-07
12.9591 1.15625 -1.84348e-07
12.9591 1.21875 -1.8027e-07
12.9591 1.28125 -1.76921e-07
12.9591 1.34375 -1.74524e-07
12.9591 1.40625 -1.72212e-07
12.9591 1.46875 -1.69668e-07
12.9591 1.53125 -1.65244e-07
12.9591 1.59375 -1.61281e-07
12.9591 1.65625 -1.57095e-07
12.9591 1.71875 -1.54235e-07
12.9591 1.78125 -1.4946e-07
12.9591 1.84375 -1.45918e-07
12.9591 1.90625 -1.39502e-07
12.9591 1.96875 -1.3905e-07
13.7445 0.03125 -6.45352e-08
13.7445 0.09375 -7.02273e-08
13.7445 0.15625 -7.55091e-08
13.7445 0.21875 -8.04836e-08
13.7445 0.28125 -8.44311e-08
13.7445 0.34375 -8.77972e-08
13.7445 0.40625 -8.93949e-08
13.7445 0.46875 -8.99247e-08
13.7445 0.53125 -8.99895e-08
13.7445 0.59375 -9.04166e-08
13.7445 0.65625 -9.12135e-08
13.7445 0.71875 -9.3682e-08
13.7445 0.78125 -9.60072e-08
13.7445 0.84375 -9.75421e-08
13.7445 0.90625 -9.83731e-08
13.7445 0.96875 -9.86935e-08
13.7445 1.03125 -9.79879e-08
13.7445 1.09375 -9.7134e-08
13.7445 1.15625 -9.66139e-08
13.7445 1.21875 -9.67585e-08
13.7445 1.28125 -9.75521e-08
13.7445 1.34375 -9.88342e-08
13.7445 1.40625 -9.98059e-08
13.7445 1.46875 -9.92885e-08
13.7445 1.53125 -9.82023e-08
13.7445 1.59375 -9.67282e-08
13.7445 1.65625 -9.66854e-08
13.7445 1.71875 -9.49866e-08
13.7445 1.78125 -9.3205e-08
13.7445 1.84375 -8.94576e-08
13.7445 1.90625 -8.80465e-08
13.7445 1.96875 -8.56716e-08
14.5299 0.03125 -2.22188e-07
14.5299 0.09375 -2.17639e-07
14.5299 0.15625 -2.14615e-07
14.5299 0.21875 -2.10965e-07
14.5299 0.28125 -2.097e-07
14.5299 0.34375 -2.08636e-07
14.5299 0.40625 -2.08628e-07
14.5299 0.46875 -2.0662e-07
14.5299 0.53125 -2.05013e-07
14.5299 0.59375 -2.02092e-07
14.5299 0.65625 -2.00745e-07
14.5299 0.71875 -1.9968e-07
14.5299 0.78125 -2.00733e-07
14.5299 0.84375 -2.01558e-07
14.5299 0.90625 -2.02893e-07
14.5299 0.96875 -2.01853e-07
14.5299 1.03125 -2.00836e-07
14.5299 1.09375 -1.99205e-07
14.5299 1.15625 -1.99488e-07
14.5299 1.21875 -1.99618e-07
14.5299 1.28125 -2.00615e-07
14.5299 1.34375 -2.01318e-07
14.5299 1.40625 -2.02413e-07
14.5299 1.46875 -2.01686e-07
14.5299 1.53125 -2.01406e-07
14.5299 1.59375 -2.01294e-07
14.5299 1.65625 -2.02571e-07
14.5299 1.71875 -2.02979e-07
14.5299 1.78125 -2.04416e-07
14.5299 1.84375 -2.06531e-07
14.5299 1.90625 -2.11478e-07
14.5299 1.96875 -2.13541e-07
15.3153 0.03125 -1.40078e-07
15.3153 0.09375 -1.37193e-07
15.3153 0.15625 -1.33869e-07
15.3153 0.21875 -1.29687e-07
15.3153 0.28125 -1.26879e-07
15.3153 0.34375 -1.24322e-07
15.3153 0.40625 -1.22996e-07
15.3153 0.46875 -1.21709e-07
15.3153 0.53125 -1.19998e-07
15.3153 0.59375 -1.17601e-07
15.3153 0.65625 -1.1505e-07
15.3153 0.71875 -1.12852e-07
15.3153 0.78125 -1.11737e-07
15.3153 0.84375 -1.12133e-07
15.3153 0.90625 -1.11695e-07
15.3153 0.96875 -1.1122e-07
15.3153 1.03125 -1.10307e-07
15.3153 1.09375 -1.09079e-07
15.3153 1.15625 -1.07367e-07
15.3153 1.21875 -1.06616e-07
15.3153 1.28125 -1.06458e-07
15.3153 1.34375 -1.06599e-07
15.3153 1.40625 -1.05762e-07
15.3153 1.46875 -1.03894e-07
15.3153 1.53125 -1.02012e-07
15.3153 1.59375 -1.00402e-07
15.3153 1.65625 -9.85245e-08
15.3153 1.71875 -9.70859e-08
15.3153 1.78125 -9.65658e-08
15.3153 1.84375 -9.73811e-08
15.3153 1.90625 -9.7392e-08
15.3153 1.96875 -9.85705e-08
16.1007 0.03125 -1.51595e-07
16.1007 0.09375 -1.52975e-07
16.1007 0.15625 -1.53382e-07
16.1007 0.21875 -1.53907e-07
16.1007 0.28125 -1.54515e-07
16.1007 0.34375 -1.54609e-07
16.1007 0.40625 -1.55831e-07
16.1007 0.46875 -1.57864e-07
16.1007 0.53125 -1.60059e-07
16.1007 0.59375 -1.60959e-07
16.1007 0.65625 -1.61923e-07
16.1007 0.71875 -1.6171e-07
16.1007 0.78125 -1.62627e-07
16.1007 0.84375 -1.6254e-07
16.1007 0.90625 -1.62463e-07
16.1007 0.96875 -1.62413e-07
16.1007 1.03125 -1.64874e-07
16.1007 1.09375 -1.66077e-07
16.1007 1.15625 -1.66951e-07
16.1007 1.21875 -1.66583e-07
16.1007 1.28125 -1.67387e-07
16.1007 1.34375 -1.6685e-07
16.1007 1.40625 -1.6687e-07
16.1007 1.46875 -1.66215e-07
16.1007 1.53125 -1.67059e-07
16.1007 1.59375 -1.66403e-07
16.1007 1.65625 -1.66233e-07
16.1007 1.71875 -1.6566e-07
16.1007 1.78125 -1.67268e-07
16.1007 1.84375 -1.67196e-07
16.1007 1.90625 -1.66781e-07
16.1007 1.96875 -1.6461e-07
16.8861 0.03125 -8.45019e-08
16.8861 0.09375 -8.36127e-08
16.8861 0.15625 -8.22834e-08
16.8861 0.21875 -8.31355e-08
16.8861 0.28125 -8.2129e-08
16.8861 0.34375 -8.24967e-08
16.8861 0.40625 -8.22659e-08
16.8861 0.46875 -8.45935e-08
16.8861 0.53125 -8.50225e-08
16.8861 0.59375 -8.67503e-08
16.8861 0.65625 -8.73251e-08
16.8861 0.71875 -8.99573e-08
16.8861 0.78125 -9.08218e-08
16.8861 0.84375 -9.25064e-08
16.8861 0.90625 -9.20768e-08
16.8861 0.96875 -9.33055e-08
16.8861 1.03125 -9.42118e-08
16.8861 1.09375 -9.80806e-08
16.8861 1.15625 -1.00044e-07
16.8861 1.21875 -1.02386e-07
16.8861 1.28125 -1.01842e-07
16.8861 1.34375 -1.02325e-07
16.8861 1.40625 -1.01795e-07
16.8861 1.46875 -1.04564e-07
16.8861 1.53125 -1.06821e-07
16.8861 1.59375 -1.10942e-07
16.8861 1.65625 -1.13974e-07
16.8861 1.71875 -1.19356e-07
16.8861 1.78125 -1.23511e-07
16.8861 1.84375 -1.28457e-07
16.8861 1.90625 -1.31134e-07
16.8861 1.96875 -1.32674e-07
17.6715 0.03125 -1.21494e-07
17.6715 0.09375 -1.23108e-07
17.6715 0.15625 -1.2462e-07
17.6715 0.21875 -1.25126e-07
17.6715 0.28125 -1.25191e-07
17.6715 0.34375 -1.25086e-07
17.6715 0.40625 -1.25653e-07
17.6715 0.46875 -1.25449e-07
17.6715 0.53125 -1.25344e-07
17.6715 0.59375 -1.2451e-07
17.6715 0.65625 -1.24355e-07
17.6715 0.71875 -1.24277e-07
17.6715 0.78125 -1.24611e-07
17.6715 0.84375 -1.24137e-07
17.6715 0.90625 -1.24811e-07
17.6715 0.96875 -1.24448e-07
17.6715 1.03125 -1.24092e-07
17.6715 1.09375 -1.24245e-07
17.6715 1.15625 -1.26726e-07
17.6715 1.21875 -1.28393e-07
17.6715 1.28125 -1.29426e-07
17.6715 1.34375 -1.29059e-07
17.6715 1.40625 -1.29311e-07
17.6715 1.46875 -1.30144e-07
17.6715 1.53125 -1.32384e-07
17.6715 1.59375 -1.35257e-07
17.6715 1.65625 -1.3816e-07
17.6715 1.71875 -1.40505e-07
17.6715 1.78125 -1.41338e-07
17.6715 1.84375 -1.42792e-07
17.6715 1.90625 -1.43705e-07
17.6715 1.96875 -1.47226e-07
18.4569 0.03125 -6.06984e-08
18.4569 0.09375 -6.29691e-08
18.4569 0.15625 -6.55126e-08
18.4569 0.21875 -6.7981e-08
18.4569 0.28125 -7.01986e-08
18.4569 0.34375 -7.18723e-08
18.4569 0.40625 -7.22513e-08
18.4569 0.46875 -7.22524e-08
18.4569 0.53125 -7.21526e-08
18.4569 0.59375 -7.3137e-08
18.4569 0.65625 -7.37312e-08
18.4569 0.71875 -7.46494e-08
18.4569 0.78125 -7.43328e-08
18.4569 0.84375 -7.41883e-08
18.4569 0.90625 -7.41632e-08
18.4569 0.96875 -7.53491e-08
18.4569 1.03125 -7.43375e-08
18.4569 1.09375 -7.32627e-08
18.4569 1.15625 -7.27553e-08
18.4569 1.21875 -7.40225e-08
18.4569 1.28125 -7.44376e-08
18.4569 1.34375 -7.42539e-08
18.4569 1.40625 -7.24683e-08
18.4569 1.46875 -7.02721e-08
18.4569 1.53125 -6.78268e-08
18.4569 1.59375 -6.54512e-08
18.4569 1.65625 -6.20327e-08
18.4569 1.71875 -5.66963e-08
18.4569 1.78125 -5.02155e-08
18.4569 1.84375 -4.28364e-08
18.4569 1.90625 -3.77201e-08
18.4569 1.96875 -3.45774e-08
19.2423 0.03125 -5.97741e-08
19.2423 0.09375 -5.76078e-08
19.2423 0.15625 -5.56026e-08
19.2423 0.21875 -5.51618e-08
19.2423 0.28125 -5.5728e-08
19.2423 0.34375 -5.60534e-08
19.2423 0.40625 -5.53697e-08
19.2423 0.46875 -5.41602e-08
19.2423 0.53125 -5.32519e-08
19.2423 0.59375 -5.27961e-08
19.2423 0.65625 -5.30277e-08
19.2423 0.71875 -5.23694e-08
19.2423 0.78125 -5.12034e-08
19.2423 0.84375 -4.92161e-08
19.2423 0.90625 -4.80336e-08
19.2423 0.96875 -4.69479e-08
19.2423 1.03125 -4.53735e-08
19.2423 1.09375 -4.20721e-08
19.2423 1.15625 -3.91539e-08
19.2423 1.21875 -3.73549e-08
19.2423 1.28125 -3.65181e-08
19.2423 1.34375 -3.5463e-08
19.2423 1.40625 -3.45869e-08
19.2423 1.46875 -3.31473e-08
19.2423 1.53125 -3.11454e-08
19.2423 1.59375 -2.89445e-08
19.2423 1.65625 -2.65044e-08
19.2423 1.71875 -2.4057e-08
19.2423 1.78125 -2.03819e-08
19.2423 1.84375 -1.56919e-08
19.2423 1.90625 -1.01771e-08
19.2423 1.96875 -4.24144e-09
20.0277 0.03125 -8.30794e-08
20.0277 0.09375 -7.98305e-08
20.0277 0.15625 -7.76347e-08
20.0277 0.21875 -7.35707e-08
20.0277 0.28125 -7.08787e-08
20.0277 0.34375 -6.78171e-08
20.0277 0.40625 -6.64622e-08
20.0277 0.46875 -6.49581e-08
20.0277 0.53125 -6.4051e-08
20.0277 0.59375 -6.28658e-08
20.0277 0.65625 -6.24061e-08
20.0277 0.71875 -6.17085e-08
20.0277 0.78125 -6.03005e-08
20.0277 0.84375 -5.85112e-08
20.0277 0.90625 -5.64271e-08
20.0277 0.96875 -5.4409e-08
20.0277 1.03125 -5.34656e-08
20.0277 1.09375 -5.37328e-08
20.0277 1.15625 -5.40239e-08
20.0277 1.21875 -5.37094e-08
20.0277 1.28125 -5.30497e-08
20.0277 1.34375 -5.30842e-08
20.0277 1.40625 -5.37516e-08
20.0277 1.46875 -5.41653e-08
20.0277 1.53125 -5.34811e-08
20.0277 1.59375 -5.27598e-08
20.0277 1.65625 -5.33342e-08
20.0277 1.71875 -5.5215e-08
20.0277 1.78125 -5.75627e-08
20.0277 1.84375 -6.01589e-08
20.0277 1.90625 -6.29091e-08
20.0277 1.96875 -6.43054e-08
20.8131 0.03125 -8.39095e-09
20.8131 0.09375 -7.99033e-09
20.8131 0.15625 -6.70487e-09
20.8131 0.21875 -3.70252e-09
20.8131 0.28125 1.98167e-11
20.8131 0.34375 3.05743e-09
20.8131 0.40625 4.80189e-09
20.8131 0.46875 5.87205e-09
20.8131 0.53125 6.66605e-09
20.8131 0.59375 8.25304e-09
20.8131 0.65625 9.84011e-09
20.8131 0.71875 1.08647e-08
20.8131 0.78125 1.07135e-08
20.8131 0.84375 1.05067e-08
20.8131 0.90625 1.13115e-08
20.8131 0.96875 1.32725e-08
20.8131 1.03125 1.38838e-08
20.8131 1.09375 1.31194e-08
20.8131 1.15625 1.16245e-08
20.8131 1.21875 1.09617e-08
20.8131 1.28125 9.98807e-09
20.8131 1.34375 9.01731e-09
20.8131 1.40625 7.6496e-09
20.8131 1.46875 6.75016e-09
20.8131 1.53125 5.55785e-09
20.8131 1.59375 5.07879e-09
20.8131 1.65625 4.35232e-09
20.8131 1.71875 4.06273e-09
20.8131 1.78125 2.12834e-09
20.8131 1.84375 -8.46325e-10
20.8131 1.90625 -5.49523e-09
20.8131 1.96875 -1.06231e-08
21.5984 0.03125 2.97631e-08
21.5984 0.09375 2.19586e-08
21.5984 0.15625 1.75568e-08
21.5984 0.21875 1.07364e-08
21.5984 0.28125 6.83079e-09
21.5984 0.34375 1.41836e-09
21.5984 0.40625 -1.19128e-09
21.5984 0.46875 -4.25487e-09
21.5984 0.53125 -4.78442e-09
21.5984 0.59375 -5.85814e-09
21.5984 0.65625 -5.03325e-09
21.5984 0.71875 -5.86829e-09
21.5984 0.78125 -7.08209e-09
21.5984 0.84375 -9.8278e-09
21.5984 0.90625 -1.03777e-08
21.5984 0.96875 -1.02628e-08
21.5984 1.03125 -8.43229e-09
21.5984 1.09375 -7.31315e-09
21.5984 1.15625 -5.36829e-09
21.5984 1.21875 -4.88027e-09
21.5984 1.28125 -3.85117e-09
21.5984 1.34375 -3.4167e-09
21.5984 1.40625 -1.52984e-09
21.5984 1.46875 -8.25933e-10
21.5984 1.53125 -1.95321e-10
21.5984 1.59375 -3.33078e-10
21.5984 1.65625 1.67597e-09
21.5984 1.71875 3.34465e-09
21.5984 1.78125 5.17215e-09
21.5984 1.84375 5.72821e-09
21.5984 1.90625 7.98564e-09
21.5984 1.96875 9.93691e-09
22.3838 0.03125 2.14812e-07
22.3838 0.09375 2.11158e-07
22.3838 0.15625 2.0545e-07
22.3838 0.21875 1.97258e-07
22.3838 0.28125 1.88099e-07
22.3838 0.34375 1.79818e-07
22.3838 0.40625 1.73235e-07
22.3838 0.46875 1.67324e-07
22.3838 0.53125 1.61494e-07
22.3838 0.59375 1.55491e-07
22.3838 0.65625 1.51026e-07
22.3838 0.71875 1.47293e-07
22.3838 0.78125 1.4342e-07
22.3838 0.84375 1.38329e-07
22.3838 0.90625 1.32827e-07
22.3838 0.96875 1.28012e-07
22.3838 1.03125 1.24842e-07
22.3838 1.09375 1.22723e-07
22.3838 1.15625 1.21735e-07
22.3838 1.21875 1.21169e-07
22.3838 1.28125 1.21529e-07
22.3838 1.34375 1.22181e-07
22.3838 1.40625 1.22648e-07
22.3838 1.46875 1.21916e-07
22.3838 1.53125 1.20065e-07
22.3838 1.59375 1.17627e-07
22.3838 1.65625 1.15723e-07
22.3838 1.71875 1.14163e-07
22.3838 1.78125 1.13077e-07
22.3838 1.84375 1.12435e-07
22.3838 1.90625 1.12619e-07
22.3838 1.96875 1.13119e-07
23.1692 0.03125 -2.97304e-08
23.1692 0.09375 -1.66579e-08
23.1692 0.15625 -7.38304e-09
23.1692 0.21875 2.39086e-09
23.1692 0.28125 8.11064e-09
23.1692 0.34375 1.3691e-08
23.1692 0.40625 1.70857e-08
23.1692 0.46875 2.04865e-08
23.1692 0.53125 2.08306e-08
23.1692 0.59375 2.09213e-08
23.1692 0.65625 2.10557e-08
23.1692 0.71875 2.36807e-08
23.1692 0.78125 2.63102e-08
23.1692 0.84375 2.83205e-08
23.1692 0.90625 2.70652e-08
23.1692 0.96875 2.48598e-08
23.1692 1.03125 2.20186e-08
23.1692 1.09375 2.05253e-08
23.1692 1.15625 1.99219e-08
23.1692 1.21875 2.12045e-08
23.1692 1.28125 2.24889e-08
23.1692 1.34375 2.40557e-08
23.1692 1.40625 2.35578e-08
23.1692 1.46875 2.23112e-08
23.1692 1.53125 1.98188e-08
23.1692 1.59375 1.77746e-08
23.1692 1.65625 1.5368e-08
23.1692 1.71875 1.47471e-08
23.1692 1.78125 1.44898e-08
23.1692 1.84375 1.52308e-08
23.1692 1.90625 1.46394e-08
23.1692 1.96875 1.40353e-08
23.9546 0.03125 1.23124e-07
23.9546 0.09375 1.2019e-07
23.9546 0.15625 1.21524e-07
23.9546 0.21875 1.24001e-07
23.9546 0.28125 1.28183e-07
23.9546 0.34375 1.31465e-07
23.9546 0.40625 1.33942e-07
23.9546 0.46875 1.34819e-07
23.9546 0.53125 1.35154e-07
23.9546 0.59375 1.35189e-07
23.9546 0.65625 1.34882e-07
23.9546 0.71875 1.3548e-07
23.9546 0.78125 1.37192e-07
23.9546 0.84375 1.38601e-07
23.9546 0.90625 1.38914e-07
23.9546 0.96875 1.38401e-07
23.9546 1.03125 1.37642e-07
23.9546 1.09375 1.38102e-07
23.9546 1.15625 1.39292e-07
23.9546 1.21875 1.40149e-07
23.9546 1.28125 1.39263e-07
23.9546 1.34375 1.37987e-07
23.9546 1.40625 1.36327e-07
23.9546 1.46875 1.35334e-07
23.9546 1.53125 1.34758e-07
23.9546 1.59375 1.34997e-07
23.9546 1.65625 1.34549e-07
23.9546 1.71875 1.34478e-07
23.9546 1.78125 1.33458e-07
23.9546 1.84375 1.32836e-07
23.9546 1.90625 1.31084e-07
23.9546 1.96875 1.31662e-07
24.74 0.03125 5.45315e-08
24.74 0.09375 5.28217e-08
24.74 0.15625 5.01623e-08
24.74 0.21875 4.80525e-08
24.74 0.28125 4.62664e-08
24.74 0.34375 4.63535e-08
24.74 0.40625 4.59941e-08
24.74 0.46875 4.59745e-08
24.74 0.53125 4.58977e-08
24.74 0.59375 4.65595e-08
24.74 0.65625 4.59712e-08
24.74 0.71875 4.55244e-08
24.74 0.78125 4.43499e-08
24.74 0.84375 4.40255e-08
24.74 0.90625 4.44064e-08
24.74 0.96875 4.54886e-08
24.74 1.03125 4.58703e-08
24.74 1.09375 4.68843e-08
24.74 1.15625 4.70294e-08
24.74 1.21875 4.65308e-08
24.74 1.28125 4.4263e-08
24.74 1.34375 4.1399e-08
24.74 1.40625 3.87721e-08
24.74 1.46875 3.77519e-08
24.74 1.53125 3.79172e-08
24.74 1.59375 3.86371e-08
24.74 1.65625 3.92323e-08
24.74 1.71875 3.92474e-08
24.74 1.78125 3.91235e-08
24.74 1.84375 3.82448e-08
24.74 1.90625 3.74359e-08
24.74 1.96875 3.54144e-08
