0.392699 0.03125 -6.9674e-08
0.392699 0.09375 -6.71707e-08
0.392699 0.15625 -6.67995e-08
0.392699 0.21875 -6.60062e-08
0.392699 0.28125 -6.55583e-08
0.392699 0.34375 -6.40458e-08
0.392699 0.40625 -6.2685e-08
0.392699 0.46875 -6.08784e-08
0.392699 0.53125 -5.93898e-08
0.392699 0.59375 -5.78102e-08
0.392699 0.65625 -5.68862e-08
0.392699 0.71875 -5.61938e-08
0.392699 0.78125 -5.58993e-08
0.392699 0.84375 -5.49693e-08
0.392699 0.90625 -5.3324e-08
0.392699 0.96875 -5.13119e-08
0.392699 1.03125 -4.99617e-08
0.392699 1.09375 -4.92724e-08
0.392699 1.15625 -4.93665e-08
0.392699 1.21875 -4.96854e-08
0.392699 1.28125 -5.02331e-08
0.392699 1.34375 -5.07346e-08
0.392699 1.40625 -5.05526e-08
0.392699 1.46875 -4.8996e-08
0.392699 1.53125 -4.60314e-08
0.392699 1.59375 -4.24532e-08
0.392699 1.65625 -3.85392e-08
0.392699 1.71875 -3.48239e-08
0.392699 1.78125 -3.05618e-08
0.392699 1.84375 -2.67884e-08
0.392699 1.90625 -2.27441e-08
0.392699 1.96875 -2.13591e-08
1.1781 0.03125 -6.4311e-08
1.1781 0.09375 -6.70606e-08
1.1781 0.15625 -6.84777e-08
1.1781 0.21875 -6.99902e-08
1.1781 0.28125 -6.97917e-08
1.1781 0.34375 -6.94393e-08
1.1781 0.40625 -6.78855e-08
1.1781 0.46875 -6.63864e-08
1.1781 0.53125 -6.45937e-08
1.1781 0.59375 -6.33917e-08
1.1781 0.65625 -6.21525e-08
1.1781 0.71875 -6.14377e-08
1.1781 0.78125 -6.07789e-08
1.1781 0.84375 -5.99435e-08
1.1781 0.90625 -5.8426e-08
1.1781 0.96875 -5.6907e-08
1.1781 1.03125 -5.59444e-08
1.1781 1.09375 -5.60026e-08
1.1781 1.15625 -5.67012e-08
1.1781 1.21875 -5.70796e-08
1.1781 1.28125 -5.67691e-08
1.1781 1.34375 -5.59218e-08
1.1781 1.40625 -5.49582e-08
1.1781 1.46875 -5.34923e-08
1.1781 1.53125 -5.22413e-08
1.1781 1.59375 -5.06561e-08
1.1781 1.65625 -4.97887e-08
1.1781 1.71875 -4.81978e-08
1.1781 1.78125 -4.76838e-08
1.1781 1.84375 -4.60866e-08
1.1781 1.90625 -4.59223e-08
1.1781 1.96875 -4.21987e-08
1.9635 0.03125 -6.57071e-08
1.9635 0.09375 -6.69495e-08
1.9635 0.15625 -6.74082e-08
1.9635 0.21875 -6.78328e-08
1.9635 0.28125 -6.81501e-08
1.9635 0.34375 -6.8394e-08
1.9635 0.40625 -6.83157e-08
1.9635 0.46875 -6.77828e-08
1.9635 0.53125 -6.69192e-08
1.9635 0.59375 -6.59328e-08
1.9635 0.65625 -6.47598e-08
1.9635 0.71875 -6.31356e-08
1.9635 0.78125 -6.10071e-08
1.9635 0.84375 -5.91765e-08
1.9635 0.90625 -5.84527e-08
1.9635 0.96875 -5.85416e-08
1.9635 1.03125 -5.83487e-08
1.9635 1.09375 -5.7475e-08
1.9635 1.15625 -5.61276e-08
1.9635 1.21875 -5.50054e-08
1.9635 1.28125 -5.42178e-08
1.9635 1.34375 -5.36234e-08
1.9635 1.40625 -5.31076e-08
1.9635 1.46875 -5.31721e-08
1.9635 1.53125 -5.39908e-08
1.9635 1.59375 -5.55231e-08
1.9635 1.65625 -5.76271e-08
1.9635 1.71875 -6.03661e-08
1.9635 1.78125 -6.36127e-08
1.9635 1.84375 -6.72818e-08
1.9635 1.90625 -7.07972e-08
1.9635 1.96875 -7.31441e-08
2.74889 0.03125 -4.27252e-08
2.74889 0.09375 -4.04329e-08
2.74889 0.15625 -3.92828e-08
2.74889 0.21875 -3.7867e-08
2.74889 0.28125 -3.77602e-08
2.74889 0.34375 -3.7886e-08
2.74889 0.40625 -3.87755e-08
2.74889 0.46875 -3.92828e-08
2.74889 0.53125 -3.96641e-08
2.74889 0.59375 -3.93477e-08
2.74889 0.65625 -3.89977e-08
2.74889 0.71875 -3.82679e-08
2.74889 0.78125 -3.74921e-08
2.74889 0.84375 -3.69979e-08
2.74889 0.90625 -3.77392e-08
2.74889 0.96875 -3.90291e-08
2.74889 1.03125 -4.00183e-08
2.74889 1.09375 -4.00128e-08
2.74889 1.15625 -3.95076e-08
2.74889 1.21875 -3.90343e-08
2.74889 1.28125 -3.88416e-08
2.74889 1.34375 -3.83683e-08
2.74889 1.40625 -3.76617e-08
2.74889 1.46875 -3.74188e-08
2.74889 1.53125 -3.79747e-08
2.74889 1.59375 -3.95934e-08
2.74889 1.65625 -4.15095e-08
2.74889 1.71875 -4.40472e-08
2.74889 1.78125 -4.56207e-08
2.74889 1.84375 -4.75487e-08
2.74889 1.90625 -4.80924e-08
2.74889 1.96875 -5.1672e-08
3.53429 0.03125 -5.0717e-08
3.53429 0.09375 -5.08134e-08
3.53429 0.15625 -5.03235e-08
3.53429 0.21875 -4.98198e-08
3.53429 0.28125 -4.86444e-08
3.53429 0.34375 -4.77422e-08
3.53429 0.40625 -4.63152e-08
3.53429 0.46875 -4.50797e-08
3.53429 0.53125 -4.38247e-08
3.53429 0.59375 -4.33201e-08
3.53429 0.65625 -4.33236e-08
3.53429 0.71875 -4.4111e-08
3.53429 0.78125 -4.45704e-08
3.53429 0.84375 -4.42822e-08
3.53429 0.90625 -4.30809e-08
3.53429 0.96875 -4.20074e-08
3.53429 1.03125 -4.15527e-08
3.53429 1.09375 -4.20978e-08
3.53429 1.15625 -4.26128e-08
3.53429 1.21875 -4.26867e-08
3.53429 1.28125 -4.20047e-08
3.53429 1.34375 -4.10847e-08
3.53429 1.40625 -3.98053e-08
3.53429 1.46875 -3.8538e-08
3.53429 1.53125 -3.74417e-08
3.53429 1.59375 -3.70362e-08
3.53429 1.65625 -3.68407e-08
3.53429 1.71875 -3.63925e-08
3.53429 1.78125 -3.52e-08
3.53429 1.84375 -3.32416e-08
3.53429 1.90625 -3.13128e-08
3.53429 1.96875 -2.95333e-08
4.31969 0.03125 4.70439e-08
4.31969 0.09375 4.19365e-08
4.31969 0.15625 3.71002e-08
4.31969 0.21875 3.22823e-08
4.31969 0.28125 2.84609e-08
4.31969 0.34375 2.53591e-08
4.31969 0.40625 2.30936e-08
4.31969 0.46875 2.11272e-08
4.31969 0.53125 1.93018e-08
4.31969 0.59375 1.71344e-08
4.31969 0.65625 1.44377e-08
4.31969 0.71875 1.10317e-08
4.31969 0.78125 7.57061e-09
4.31969 0.84375 4.96587e-09
4.31969 0.90625 3.77217e-09
4.31969 0.96875 3.15637e-09
4.31969 1.03125 2.00674e-09
4.31969 1.09375 2.63009e-10
4.31969 1.15625 -1.14056e-09
4.31969 1.21875 -1.8267e-09
4.31969 1.28125 -2.44877e-09
4.31969 1.34375 -3.68843e-09
4.31969 1.40625 -5.43945e-09
4.31969 1.46875 -7.16121e-09
4.31969 1.53125 -8.7402e-09
4.31969 1.59375 -9.9444e-09
4.31969 1.65625 -1.04874e-08
4.31969 1.71875 -1.01104e-08
4.31969 1.78125 -9.44107e-09
4.31969 1.84375 -8.77155e-09
4.31969 1.90625 -8.60209e-09
4.31969 1.96875 -8.39895e-09
5.10509 0.03125 -3.15794e-08
5.10509 0.09375 -2.81876e-08
5.10509 0.15625 -2.69706e-08
5.10509 0.21875 -2.60212e-08
5.10509 0.28125 -2.61214e-08
5.10509 0.34375 -2.58029e-08
5.10509 0.40625 -2.62591e-08
5.10509 0.46875 -2.64669e-08
5.10509 0.53125 -2.68047e-08
5.10509 0.59375 -2.65864e-08
5.10509 0.65625 -2.6575e-08
5.10509 0.71875 -2.65684e-08
5.10509 0.78125 -2.74494e-08
5.10509 0.84375 -2.86515e-08
5.10509 0.90625 -2.99975e-08
5.10509 0.96875 -3.08735e-08
5.10509 1.03125 -3.15681e-08
5.10509 1.09375 -3.17311e-08
5.10509 1.15625 -3.18909e-08
5.10509 1.21875 -3.20767e-08
5.10509 1.28125 -3.26729e-08
5.10509 1.34375 -3.31435e-08
5.10509 1.40625 -3.38263e-08
5.10509 1.46875 -3.4647e-08
5.10509 1.53125 -3.56585e-08
5.10509 1.59375 -3.59278e-08
5.10509 1.65625 -3.54705e-08
5.10509 1.71875 -3.42728e-08
5.10509 1.78125 -3.37179e-08
5.10509 1.84375 -3.35864e-08
5.10509 1.90625 -3.44174e-08
5.10509 1.96875 -3.46509e-08
5.89049 0.03125 -1.35278e-08
5.89049 0.09375 -1.43642e-08
5.89049 0.15625 -1.42903e-08
5.89049 0.21875 -1.41488e-08
5.89049 0.28125 -1.40738e-08
5.89049 0.34375 -1.44266e-08
5.89049 0.40625 -1.47472e-08
5.89049 0.46875 -1.46171e-08
5.89049 0.53125 -1.37264e-08
5.89049 0.59375 -1.23546e-08
5.89049 0.65625 -1.05799e-08
5.89049 0.71875 -8.60846e-09
5.89049 0.78125 -7.01792e-09
5.89049 0.84375 -6.34923e-09
5.89049 0.90625 -6.6233e-09
5.89049 0.96875 -6.89839e-09
5.89049 1.03125 -6.31193e-09
5.89049 1.09375 -5.12267e-09
5.89049 1.15625 -4.72642e-09
5.89049 1.21875 -5.25636e-09
5.89049 1.28125 -5.77394e-09
5.89049 1.34375 -5.22572e-09
5.89049 1.40625 -4.07738e-09
5.89049 1.46875 -2.70217e-09
5.89049 1.53125 -1.52053e-09
5.89049 1.59375 -1.00285e-10
5.89049 1.65625 9.1758e-10
5.89049 1.71875 1.50458e-09
5.89049 1.78125 1.2229e-09
5.89049 1.84375 1.16762e-09
5.89049 1.90625 1.23021e-09
5.89049 1.96875 2.8021e-09
6.67588 0.03125 -6.27899e-09
6.67588 0.09375 -6.41806e-09
6.67588 0.15625 -7.0232e-09
6.67588 0.21875 -8.39579e-09
6.67588 0.28125 -1.10137e-08
6.67588 0.34375 -1.38822e-08
6.67588 0.40625 -1.64027e-08
6.67588 0.46875 -1.80585e-08
6.67588 0.53125 -1.95657e-08
6.67588 0.59375 -2.10202e-08
6.67588 0.65625 -2.23101e-08
6.67588 0.71875 -2.28612e-08
6.67588 0.78125 -2.28703e-08
6.67588 0.84375 -2.30009e-08
6.67588 0.90625 -2.3699e-08
6.67588 0.96875 -2.45359e-08
6.67588 1.03125 -2.49944e-08
6.67588 1.09375 -2.54811e-08
6.67588 1.15625 -2.64286e-08
6.67588 1.21875 -2.77323e-08
6.67588 1.28125 -2.86647e-08
6.67588 1.34375 -2.96518e-08
6.67588 1.40625 -3.07183e-08
6.67588 1.46875 -3.21787e-08
6.67588 1.53125 -3.36876e-08
6.67588 1.59375 -3.57945e-08
6.67588 1.65625 -3.80374e-08
6.67588 1.71875 -4.11829e-08
6.67588 1.78125 -4.39547e-08
6.67588 1.84375 -4.68344e-08
6.67588 1.90625 -4.86452e-08
6.67588 1.96875 -5.11445e-08
7.46128 0.03125 -3.4382e-08
7.46128 0.09375 -2.93885e-08
7.46128 0.15625 -2.52547e-08
7.46128 0.21875 -2.12446e-08
7.46128 0.28125 -1.82787e-08
7.46128 0.34375 -1.56624e-08
7.46128 0.40625 -1.31932e-08
7.46128 0.46875 -1.08889e-08
7.46128 0.53125 -9.45005e-09
7.46128 0.59375 -9.17448e-09
7.46128 0.65625 -9.55632e-09
7.46128 0.71875 -9.78683e-09
7.46128 0.78125 -9.14664e-09
7.46128 0.84375 -7.97739e-09
7.46128 0.90625 -6.47126e-09
7.46128 0.96875 -5.31132e-09
7.46128 1.03125 -4.62693e-09
7.46128 1.09375 -4.51959e-09
7.46128 1.15625 -3.84997e-09
7.46128 1.21875 -2.63095e-09
7.46128 1.28125 -9.73653e-10
7.46128 1.34375 -2.8043e-10
7.46128 1.40625 -1.32819e-10
7.46128 1.46875 -3.02541e-10
7.46128 1.53125 5.5688e-10
7.46128 1.59375 1.76991e-09
7.46128 1.65625 3.70272e-09
7.46128 1.71875 4.70989e-09
7.46128 1.78125 5.51436e-09
7.46128 1.84375 5.48085e-09
7.46128 1.90625 6.35195e-09
7.46128 1.96875 6.37238e-09
8.24668 0.03125 -3.14262e-08
8.24668 0.09375 -3.1765e-08
8.24668 0.15625 -3.12463e-08
8.24668 0.21875 -2.96586e-08
8.24668 0.28125 -2.70746e-08
8.24668 0.34375 -2.47723e-08
8.24668 0.40625 -2.27896e-08
8.24668 0.46875 -2.13918e-08
8.24668 0.53125 -1.99573e-08
8.24668 0.59375 -1.88752e-08
8.24668 0.65625 -1.82283e-08
8.24668 0.71875 -1.86016e-08
8.24668 0.78125 -1.95212e-08
8.24668 0.84375 -2.05045e-08
8.24668 0.90625 -2.08179e-08
8.24668 0.96875 -2.06631e-08
8.24668 1.03125 -2.0217e-08
8.24668 1.09375 -1.97399e-08
8.24668 1.15625 -1.90375e-08
8.24668 1.21875 -1.83053e-08
8.24668 1.28125 -1.77361e-08
8.24668 1.34375 -1.7625e-08
8.24668 1.40625 -1.78061e-08
8.24668 1.46875 -1.81589e-08
8.24668 1.53125 -1.80913e-08
8.24668 1.59375 -1.77454e-08
8.24668 1.65625 -1.71018e-08
8.24668 1.71875 -1.67929e-08
8.24668 1.78125 -1.65166e-08
8.24668 1.84375 -1.67134e-08
8.24668 1.90625 -1.65533e-08
8.24668 1.96875 -1.81309e-08
9.03208 0.03125 1.58892e-08
9.03208 0.09375 1.46667e-08
9.03208 0.15625 1.42487e-08
9.03208 0.21875 1.44877e-08
9.03208 0.28125 1.59044e-08
9.03208 0.34375 1.73539e-08
9.03208 0.40625 1.83913e-08
9.03208 0.46875 1.89929e-08
9.03208 0.53125 2.00136e-08
9.03208 0.59375 2.16315e-08
9.03208 0.65625 2.34542e-08
9.03208 0.71875 2.46698e-08
9.03208 0.78125 2.53536e-08
9.03208 0.84375 2.60711e-08
9.03208 0.90625 2.71454e-08
9.03208 0.96875 2.87514e-08
9.03208 1.03125 3.08046e-08
9.03208 1.09375 3.29874e-08
9.03208 1.15625 3.44111e-08
9.03208 1.21875 3.52514e-08
9.03208 1.28125 3.57687e-08
9.03208 1.34375 3.6934e-08
9.03208 1.40625 3.85943e-08
9.03208 1.46875 4.08634e-08
9.03208 1.53125 4.28304e-08
9.03208 1.59375 4.48903e-08
9.03208 1.65625 4.62808e-08
9.03208 1.71875 4.85279e-08
9.03208 1.78125 5.11358e-08
9.03208 1.84375 5.50001e-08
9.03208 1.90625 5.78619e-08
9.03208 1.96875 6.09783e-08
9.81748 0.03125 4.52894e-08
9.81748 0.09375 4.20578e-08
9.81748 0.15625 3.91629e-08
9.81748 0.21875 3.60148e-08
9.81748 0.28125 3.32527e-08
9.81748 0.34375 3.10442e-08
9.81748 0.40625 2.89849e-08
9.81748 0.46875 2.67859e-08
9.81748 0.53125 2.44024e-08
9.81748 0.59375 2.21895e-08
9.81748 0.65625 2.0235e-08
9.81748 0.71875 1.88333e-08
9.81748 0.78125 1.81058e-08
9.81748 0.84375 1.82328e-08
9.81748 0.90625 1.86021e-08
9.81748 0.96875 1.87721e-08
9.81748 1.03125 1.83789e-08
9.81748 1.09375 1.76395e-08
9.81748 1.15625 1.63592e-08
9.81748 1.21875 1.46937e-08
9.81748 1.28125 1.24872e-08
9.81748 1.34375 1.02153e-08
9.81748 1.40625 8.26458e-09
9.81748 1.46875 7.16815e-09
9.81748 1.53125 6.38735e-09
9.81748 1.59375 5.95996e-09
9.81748 1.65625 4.96381e-09
9.81748 1.71875 4.07175e-09
9.81748 1.78125 2.84097e-09
9.81748 1.84375 1.89814e-09
9.81748 1.90625 4.6447e-10
9.81748 1.96875 1.20286e-09
10.6029 0.03125 4.35427e-08
10.6029 0.09375 4.38235e-08
10.6029 0.15625 4.37788e-08
10.6029 0.21875 4.28401e-08
10.6029 0.28125 4.10317e-08
10.6029 0.34375 3.91762e-08
10.6029 0.40625 3.73598e-08
10.6029 0.46875 3.54621e-08
10.6029 0.53125 3.32986e-08
10.6029 0.59375 3.14399e-08
10.6029 0.65625 3.03736e-08
10.6029 0.71875 3.02902e-08
10.6029 0.78125 3.09332e-08
10.6029 0.84375 3.19842e-08
10.6029 0.90625 3.30216e-08
10.6029 0.96875 3.32495e-08
10.6029 1.03125 3.24386e-08
10.6029 1.09375 3.11785e-08
10.6029 1.15625 3.07805e-08
10.6029 1.21875 3.12731e-08
10.6029 1.28125 3.23163e-08
10.6029 1.34375 3.28711e-08
10.6029 1.40625 3.32519e-08
10.6029 1.46875 3.32999e-08
10.6029 1.53125 3.38477e-08
10.6029 1.59375 3.42745e-08
10.6029 1.65625 3.53679e-08
10.6029 1.71875 3.58082e-08
10.6029 1.78125 3.69152e-08
10.6029 1.84375 3.70434e-08
10.6029 1.90625 3.7861e-08
10.6029 1.96875 3.62542e-08
11.3883 0.03125 3.25638e-08
11.3883 0.09375 3.24264e-08
11.3883 0.15625 3.22477e-08
11.3883 0.21875 3.15848e-08
11.3883 0.28125 3.06663e-08
11.3883 0.34375 2.92734e-08
11.3883 0.40625 2.78605e-08
11.3883 0.46875 2.62902e-08
11.3883 0.53125 2.49974e-08
11.3883 0.59375 2.44805e-08
11.3883 0.65625 2.49572e-08
11.3883 0.71875 2.56817e-08
11.3883 0.78125 2.57338e-08
11.3883 0.84375 2.51617e-08
11.3883 0.90625 2.42728e-08
11.3883 0.96875 2.3554e-08
11.3883 1.03125 2.23064e-08
11.3883 1.09375 2.10927e-08
11.3883 1.15625 2.00288e-08
11.3883 1.21875 2.01965e-08
11.3883 1.28125 2.09404e-08
11.3883 1.34375 2.27208e-08
11.3883 1.40625 2.38009e-08
11.3883 1.46875 2.49359e-08
11.3883 1.53125 2.51355e-08
11.3883 1.59375 2.63735e-08
11.3883 1.65625 2.74811e-08
11.3883 1.71875 3.00129e-08
11.3883 1.78125 3.18399e-08
11.3883 1.84375 3.52229e-08
11.3883 1.90625 3.7587e-08
11.3883 1.96875 4.17639e-08
12.1737 0.03125 2.5375e-08
12.1737 0.09375 2.65932e-08
12.1737 0.15625 2.73811e-08
12.1737 0.21875 2.81688e-08
12.1737 0.28125 2.87374e-08
12.1737 0.34375 2.89767e-08
12.1737 0.40625 2.859e-08
12.1737 0.46875 2.76547e-08
12.1737 0.53125 2.64607e-08
12.1737 0.59375 2.55356e-08
12.1737 0.65625 2.50698e-08
12.1737 0.71875 2.48301e-08
12.1737 0.78125 2.40552e-08
12.1737 0.84375 2.23845e-08
12.1737 0.90625 2.04395e-08
12.1737 0.96875 1.8813e-08
12.1737 1.03125 1.75349e-08
12.1737 1.09375 1.60975e-08
12.1737 1.15625 1.42826e-08
12.1737 1.21875 1.19451e-08
12.1737 1.28125 9.51816e-09
12.1737 1.34375 7.15539e-09
12.1737 1.40625 4.53258e-09
12.1737 1.46875 1.21123e-09
12.1737 1.53125 -2.61081e-09
12.1737 1.59375 -6.60684e-09
12.1737 1.65625 -1.095e-08
12.1737 1.71875 -1.55336e-08
12.1737 1.78125 -2.11603e-08
12.1737 1.84375 -2.67663e-08
12.1737 1.90625 -3.28491e-08
12.1737 1.96875 -3.56788e-08
12.9591 0.03125 -2.57473e-08
12.9591 0.09375 -2.36992e-08
12.9591 0.15625 -2.14476e-08
12.9591 0.21875 -1.85503e-08
12.9591 0.28125 -1.48419e-08
12.9591 0.34375 -1.09252e-08
12.9591 0.40625 -7.02601e-09
12.9591 0.46875 -3.78649e-09
12.9591 0.53125 -1.00752e-09
12.9591 0.59375 7.93593e-10
12.9591 0.65625 2.44375e-09
12.9591 0.71875 4.30626e-09
12.9591 0.78125 7.1291e-09
12.9591 0.84375 9.6965e-09
12.9591 0.90625 1.19605e-08
12.9591 0.96875 1.31124e-08
12.9591 1.03125 1.4586e-08
12.9591 1.09375 1.59677e-08
12.9591 1.15625 1.83718e-08
12.9591 1.21875 2.03402e-08
12.9591 1.28125 2.26149e-08
12.9591 1.34375 2.37258e-08
12.9591 1.40625 2.51979e-08
12.9591 1.46875 2.56346e-08
12.9591 1.53125 2.73237e-08
12.9591 1.59375 2.79066e-08
12.9591 1.65625 2.92958e-08
12.9591 1.71875 2.86608e-08
12.9591 1.78125 2.92168e-08
12.9591 1.84375 2.80168e-08
12.9591 1.90625 2.92541e-08
12.9591 1.96875 2.7046e-08
13.7445 0.03125 4.69639e-08
13.7445 0.09375 4.24974e-08
13.7445 0.15625 3.87314e-08
13.7445 0.21875 3.51656e-08
13.7445 0.28125 3.29817e-08
13.7445 0.34375 3.17474e-08
13.7445 0.40625 3.17731e-08
13.7445 0.46875 3.21335e-08
13.7445 0.53125 3.24756e-08
13.7445 0.59375 3.21481e-08
13.7445 0.65625 3.12995e-08
13.7445 0.71875 3.01943e-08
13.7445 0.78125 2.96887e-08
13.7445 0.84375 2.99656e-08
13.7445 0.90625 3.03798e-08
13.7445 0.96875 3.06742e-08
13.7445 1.03125 3.11228e-08
13.7445 1.09375 3.2092e-08
13.7445 1.15625 3.32506e-08
13.7445 1.21875 3.43085e-08
13.7445 1.28125 3.46245e-08
13.7445 1.34375 3.46278e-08
13.7445 1.40625 3.45355e-08
13.7445 1.46875 3.51481e-08
13.7445 1.53125 3.62593e-08
13.7445 1.59375 3.77411e-08
13.7445 1.65625 3.88664e-08
13.7445 1.71875 4.03275e-08
13.7445 1.78125 4.24486e-08
13.7445 1.84375 4.53932e-08
13.7445 1.90625 4.8533e-08
13.7445 1.96875 4.94375e-08
14.5299 0.03125 2.71846e-08
14.5299 0.09375 2.90395e-08
14.5299 0.15625 2.99849e-08
14.5299 0.21875 3.04272e-08
14.5299 0.28125 3.00432e-08
14.5299 0.34375 2.97598e-08
14.5299 0.40625 2.9803e-08
14.5299 0.46875 3.07752e-08
14.5299 0.53125 3.18478e-08
14.5299 0.59375 3.28224e-08
14.5299 0.65625 3.2916e-08
14.5299 0.71875 3.21925e-08
14.5299 0.78125 3.09797e-08
14.5299 0.84375 3.00568e-08
14.5299 0.90625 2.94875e-08
14.5299 0.96875 2.97058e-08
14.5299 1.03125 3.03642e-08
14.5299 1.09375 3.09897e-08
14.5299 1.15625 3.10044e-08
14.5299 1.21875 3.06474e-08
14.5299 1.28125 2.99014e-08
14.5299 1.34375 2.90263e-08
14.5299 1.40625 2.81907e-08
14.5299 1.46875 2.80985e-08
14.5299 1.53125 2.81672e-08
14.5299 1.59375 2.83065e-08
14.5299 1.65625 2.77574e-08
14.5299 1.71875 2.78983e-08
14.5299 1.78125 2.77564e-08
14.5299 1.84375 2.79904e-08
14.5299 1.90625 2.61707e-08
14.5299 1.96875 2.60059e-08
15.3153 0.03125 -5.33948e-09
15.3153 0.09375 -2.50433e-09
15.3153 0.15625 2.91534e-10
15.3153 0.21875 3.55387e-09
15.3153 0.28125 6.18165e-09
15.3153 0.34375 8.43049e-09
15.3153 0.40625 1.03318e-08
15.3153 0.46875 1.27239e-08
15.3153 0.53125 1.54443e-08
15.3153 0.59375 1.84252e-08
15.3153 0.65625 2.09241e-08
15.3153 0.71875 2.25936e-08
15.3153 0.78125 2.31163e-08
15.3153 0.84375 2.29185e-08
15.3153 0.90625 2.28396e-08
15.3153 0.96875 2.36435e-08
15.3153 1.03125 2.51906e-08
15.3153 1.09375 2.69149e-08
15.3153 1.15625 2.81442e-08
15.3153 1.21875 2.87285e-08
15.3153 1.28125 2.88283e-08
15.3153 1.34375 2.87703e-08
15.3153 1.40625 2.92541e-08
15.3153 1.46875 3.05332e-08
15.3153 1.53125 3.22117e-08
15.3153 1.59375 3.35548e-08
15.3153 1.65625 3.48746e-08
15.3153 1.71875 3.59678e-08
15.3153 1.78125 3.69372e-08
15.3153 1.84375 3.67179e-08
15.3153 1.90625 3.64232e-08
15.3153 1.96875 3.5961e-08
16.1007 0.03125 3.68754e-08
16.1007 0.09375 3.63094e-08
16.1007 0.15625 3.64852e-08
16.1007 0.21875 3.71206e-08
16.1007 0.28125 3.7675e-08
16.1007 0.34375 3.80095e-08
16.1007 0.40625 3.78385e-08
16.1007 0.46875 3.74677e-08
16.1007 0.53125 3.73171e-08
16.1007 0.59375 3.78197e-08
16.1007 0.65625 3.8726e-08
16.1007 0.71875 3.97927e-08
16.1007 0.78125 4.02428e-08
16.1007 0.84375 4.03433e-08
16.1007 0.90625 4.03631e-08
16.1007 0.96875 4.0388e-08
16.1007 1.03125 4.02119e-08
16.1007 1.09375 4.06562e-08
16.1007 1.15625 4.12804e-08
16.1007 1.21875 4.18063e-08
16.1007 1.28125 4.16279e-08
16.1007 1.34375 4.17064e-08
16.1007 1.40625 4.21194e-08
16.1007 1.46875 4.34346e-08
16.1007 1.53125 4.46662e-08
16.1007 1.59375 4.64262e-08
16.1007 1.65625 4.80303e-08
16.1007 1.71875 4.97442e-08
16.1007 1.78125 5.03703e-08
16.1007 1.84375 5.10575e-08
16.1007 1.90625 5.16701e-08
16.1007 1.96875 5.25442e-08
16.8861 0.03125 4.96075e-08
16.8861 0.09375 5.0074e-08
16.8861 0.15625 5.0436e-08
16.8861 0.21875 5.03622e-08
16.8861 0.28125 5.02578e-08
16.8861 0.34375 4.99278e-08
16.8861 0.40625 4.90588e-08
16.8861 0.46875 4.74286e-08
16.8861 0.53125 4.58421e-08
16.8861 0.59375 4.4468e-08
16.8861 0.65625 4.32126e-08
16.8861 0.71875 4.20004e-08
16.8861 0.78125 4.08328e-08
16.8861 0.84375 4.00366e-08
16.8861 0.90625 3.956e-08
16.8861 0.96875 3.87609e-08
16.8861 1.03125 3.70428e-08
16.8861 1.09375 3.52335e-08
16.8861 1.15625 3.40007e-08
16.8861 1.21875 3.35532e-08
16.8861 1.28125 3.33746e-08
16.8861 1.34375 3.3592e-08
16.8861 1.40625 3.35078e-08
16.8861 1.46875 3.31482e-08
16.8861 1.53125 3.2062e-08
16.8861 1.59375 3.11933e-08
16.8861 1.65625 2.96053e-08
16.8861 1.71875 2.77741e-08
16.8861 1.78125 2.46828e-08
16.8861 1.84375 2.25496e-08
16.8861 1.90625 2.04381e-08
16.8861 1.96875 2.13051e-08
17.6715 0.03125 4.27577e-08
17.6715 0.09375 4.22998e-08
17.6715 0.15625 4.19743e-08
17.6715 0.21875 4.19325e-08
17.6715 0.28125 4.22162e-08
17.6715 0.34375 4.22563e-08
17.6715 0.40625 4.17733e-08
17.6715 0.46875 4.09939e-08
17.6715 0.53125 4.05201e-08
17.6715 0.59375 4.03347e-08
17.6715 0.65625 4.01004e-08
17.6715 0.71875 3.95138e-08
17.6715 0.78125 3.89512e-08
17.6715 0.84375 3.85482e-08
17.6715 0.90625 3.84174e-08
17.6715 0.96875 3.82213e-08
17.6715 1.03125 3.7527e-08
17.6715 1.09375 3.57757e-08
17.6715 1.15625 3.38099e-08
17.6715 1.21875 3.22799e-08
17.6715 1.28125 3.17817e-08
17.6715 1.34375 3.1379e-08
17.6715 1.40625 3.06203e-08
17.6715 1.46875 2.83168e-08
17.6715 1.53125 2.521e-08
17.6715 1.59375 2.08921e-08
17.6715 1.65625 1.65106e-08
17.6715 1.71875 1.11593e-08
17.6715 1.78125 6.56532e-09
17.6715 1.84375 1.51951e-09
17.6715 1.90625 -1.69951e-09
17.6715 1.96875 -5.55692e-09
18.4569 0.03125 2.6265e-08
18.4569 0.09375 2.44748e-08
18.4569 0.15625 2.31699e-08
18.4569 0.21875 2.18838e-08
18.4569 0.28125 2.12959e-08
18.4569 0.34375 2.08379e-08
18.4569 0.40625 2.06941e-08
18.4569 0.46875 2.05278e-08
18.4569 0.53125 2.04581e-08
18.4569 0.59375 2.01517e-08
18.4569 0.65625 1.9876e-08
18.4569 0.71875 1.9381e-08
18.4569 0.78125 1.92133e-08
18.4569 0.84375 1.90521e-08
18.4569 0.90625 1.88911e-08
18.4569 0.96875 1.84933e-08
18.4569 1.03125 1.84205e-08
18.4569 1.09375 1.76288e-08
18.4569 1.15625 1.63023e-08
18.4569 1.21875 1.46878e-08
18.4569 1.28125 1.41931e-08
18.4569 1.34375 1.43078e-08
18.4569 1.40625 1.54144e-08
18.4569 1.46875 1.60637e-08
18.4569 1.53125 1.69019e-08
18.4569 1.59375 1.70403e-08
18.4569 1.65625 1.84455e-08
18.4569 1.71875 2.01373e-08
18.4569 1.78125 2.37621e-08
18.4569 1.84375 2.64954e-08
18.4569 1.90625 2.94512e-08
18.4569 1.96875 2.82335e-08
19.2423 0.03125 3.7861e-08
19.2423 0.09375 3.81244e-08
19.2423 0.15625 3.822e-08
19.2423 0.21875 3.7015e-08
19.2423 0.28125 3.55513e-08
19.2423 0.34375 3.42838e-08
19.2423 0.40625 3.41548e-08
19.2423 0.46875 3.44277e-08
19.2423 0.53125 3.48339e-08
19.2423 0.59375 3.4726e-08
19.2423 0.65625 3.46406e-08
19.2423 0.71875 3.46754e-08
19.2423 0.78125 3.52309e-08
19.2423 0.84375 3.58508e-08
19.2423 0.90625 3.63274e-08
19.2423 0.96875 3.67278e-08
19.2423 1.03125 3.81793e-08
19.2423 1.09375 4.03368e-08
19.2423 1.15625 4.2222e-08
19.2423 1.21875 4.30536e-08
19.2423 1.28125 4.35987e-08
19.2423 1.34375 4.44575e-08
19.2423 1.40625 4.5888e-08
19.2423 1.46875 4.76704e-08
19.2423 1.53125 4.96141e-08
19.2423 1.59375 5.19732e-08
19.2423 1.65625 5.51e-08
19.2423 1.71875 5.96658e-08
19.2423 1.78125 6.52166e-08
19.2423 1.84375 7.20724e-08
19.2423 1.90625 7.82998e-08
19.2423 1.96875 8.46887e-08
20.0277 0.03125 -1.56206e-08
20.0277 0.09375 -1.34291e-08
20.0277 0.15625 -1.23334e-08
20.0277 0.21875 -1.09626e-08
20.0277 0.28125 -1.06549e-08
20.0277 0.34375 -9.92149e-09
20.0277 0.40625 -9.40183e-09
20.0277 0.46875 -8.36097e-09
20.0277 0.53125 -7.73314e-09
20.0277 0.59375 -7.2386e-09
20.0277 0.65625 -7.30451e-09
20.0277 0.71875 -6.81344e-09
20.0277 0.78125 -5.85285e-09
20.0277 0.84375 -4.30168e-09
20.0277 0.90625 -3.15163e-09
20.0277 0.96875 -2.02944e-09
20.0277 1.03125 -1.13193e-09
20.0277 1.09375 1.32926e-10
20.0277 1.15625 9.81082e-10
20.0277 1.21875 1.75843e-09
20.0277 1.28125 1.94579e-09
20.0277 1.34375 2.17795e-09
20.0277 1.40625 1.8324e-09
20.0277 1.46875 2.09132e-09
20.0277 1.53125 2.31252e-09
20.0277 1.59375 2.95776e-09
20.0277 1.65625 2.39909e-09
20.0277 1.71875 1.81777e-09
20.0277 1.78125 3.15139e-10
20.0277 1.84375 -2.74779e-10
20.0277 1.90625 -1.61146e-09
20.0277 1.96875 -3.37811e-10
20.8131 0.03125 -1.93135e-08
20.8131 0.09375 -1.6839e-08
20.8131 0.15625 -1.46258e-08
20.8131 0.21875 -1.04309e-08
20.8131 0.28125 -6.37328e-09
20.8131 0.34375 -2.37855e-09
20.8131 0.40625 1.7566e-10
20.8131 0.46875 2.20291e-09
20.8131 0.53125 3.402e-09
20.8131 0.59375 4.70123e-09
20.8131 0.65625 5.5752e-09
20.8131 0.71875 6.52673e-09
20.8131 0.78125 7.3229e-09
20.8131 0.84375 8.42612e-09
20.8131 0.90625 9.6003e-09
20.8131 0.96875 1.07603e-08
20.8131 1.03125 1.08793e-08
20.8131 1.09375 1.01189e-08
20.8131 1.15625 8.90991e-09
20.8131 1.21875 8.07912e-09
20.8131 1.28125 7.23882e-09
20.8131 1.34375 6.19563e-09
20.8131 1.40625 4.80942e-09
20.8131 1.46875 3.70879e-09
20.8131 1.53125 3.01423e-09
20.8131 1.59375 2.44947e-09
20.8131 1.65625 1.47532e-09
20.8131 1.71875 -9.45632e-11
20.8131 1.78125 -2.08751e-09
20.8131 1.84375 -5.28849e-09
20.8131 1.90625 -9.17937e-09
20.8131 1.96875 -1.40675e-08
21.5984 0.03125 -3.84736e-08
21.5984 0.09375 -4.21636e-08
21.5984 0.15625 -4.2727e-08
21.5984 0.21875 -4.33015e-08
21.5984 0.28125 -4.16646e-08
21.5984 0.34375 -4.11067e-08
21.5984 0.40625 -3.98499e-08
21.5984 0.46875 -3.92393e-08
21.5984 0.53125 -3.74902e-08
21.5984 0.59375 -3.58133e-08
21.5984 0.65625 -3.35961e-08
21.5984 0.71875 -3.23957e-08
21.5984 0.78125 -3.14994e-08
21.5984 0.84375 -3.09486e-08
21.5984 0.90625 -2.92083e-08
21.5984 0.96875 -2.70634e-08
21.5984 1.03125 -2.47913e-08
21.5984 1.09375 -2.34104e-08
21.5984 1.15625 -2.22185e-08
21.5984 1.21875 -2.16447e-08
21.5984 1.28125 -2.10934e-08
21.5984 1.34375 -2.09233e-08
21.5984 1.40625 -2.0226e-08
21.5984 1.46875 -1.96862e-08
21.5984 1.53125 -1.86803e-08
21.5984 1.59375 -1.77184e-08
21.5984 1.65625 -1.57948e-08
21.5984 1.71875 -1.41283e-08
21.5984 1.78125 -1.23204e-08
21.5984 1.84375 -1.1504e-08
21.5984 1.90625 -1.01636e-08
21.5984 1.96875 -9.86101e-09
22.3838 0.03125 1.18888e-07
22.3838 0.09375 1.10459e-07
22.3838 0.15625 1.02225e-07
22.3838 0.21875 9.22834e-08
22.3838 0.28125 8.28607e-08
22.3838 0.34375 7.40402e-08
22.3838 0.40625 6.69727e-08
22.3838 0.46875 6.08178e-08
22.3838 0.53125 5.59791e-08
22.3838 0.59375 5.17309e-08
22.3838 0.65625 4.8283e-08
22.3838 0.71875 4.45143e-08
22.3838 0.78125 4.02953e-08
22.3838 0.84375 3.57205e-08
22.3838 0.90625 3.20756e-08
22.3838 0.96875 2.97105e-08
22.3838 1.03125 2.86162e-08
22.3838 1.09375 2.81045e-08
22.3838 1.15625 2.7899e-08
22.3838 1.21875 2.75964e-08
22.3838 1.28125 2.74367e-08
22.3838 1.34375 2.75402e-08
22.3838 1.40625 2.78653e-08
22.3838 1.46875 2.78676e-08
22.3838 1.53125 2.7262e-08
22.3838 1.59375 2.65042e-08
22.3838 1.65625 2.58694e-08
22.3838 1.71875 2.52725e-08
22.3838 1.78125 2.41403e-08
22.3838 1.84375 2.34223e-08
22.3838 1.90625 2.32746e-08
22.3838 1.96875 2.44561e-08
23.1692 0.03125 -5.71406e-09
23.1692 0.09375 2.43946e-09
23.1692 0.15625 5.87249e-09
23.1692 0.21875 8.27139e-09
23.1692 0.28125 6.96237e-09
23.1692 0.34375 6.09446e-09
23.1692 0.40625 4.19351e-09
23.1692 0.46875 3.09388e-09
23.1692 0.53125 6.75878e-10
23.1692 0.59375 -1.25451e-09
23.1692 0.65625 -3.00315e-09
23.1692 0.71875 -3.48474e-09
23.1692 0.78125 -4.53004e-09
23.1692 0.84375 -6.10141e-09
23.1692 0.90625 -9.11033e-09
23.1692 0.96875 -1.21454e-08
23.1692 1.03125 -1.51249e-08
23.1692 1.09375 -1.70852e-08
23.1692 1.15625 -1.82897e-08
23.1692 1.21875 -1.80513e-08
23.1692 1.28125 -1.71602e-08
23.1692 1.34375 -1.59058e-08
23.1692 1.40625 -1.57439e-08
23.1692 1.46875 -1.65714e-08
23.1692 1.53125 -1.86715e-08
23.1692 1.59375 -2.08538e-08
23.1692 1.65625 -2.28616e-08
23.1692 1.71875 -2.38539e-08
23.1692 1.78125 -2.43172e-08
23.1692 1.84375 -2.43141e-08
23.1692 1.90625 -2.44756e-08
23.1692 1.96875 -2.53099e-08
23.9546 0.03125 -4.08243e-08
23.9546 0.09375 -3.87906e-08
23.9546 0.15625 -3.43783e-08
23.9546 0.21875 -2.96279e-08
23.9546 0.28125 -2.44926e-08
23.9546 0.34375 -2.07858e-08
23.9546 0.40625 -1.78578e-08
23.9546 0.46875 -1.64374e-08
23.9546 0.53125 -1.59778e-08
23.9546 0.59375 -1.62484e-08
23.9546 0.65625 -1.60263e-08
23.9546 0.71875 -1.48285e-08
23.9546 0.78125 -1.2938e-08
23.9546 0.84375 -1.17121e-08
23.9546 0.90625 -1.19897e-08
23.9546 0.96875 -1.32901e-08
23.9546 1.03125 -1.47084e-08
23.9546 1.09375 -1.52424e-08
23.9546 1.15625 -1.48329e-08
23.9546 1.21875 -1.3655e-08
23.9546 1.28125 -1.2569e-08
23.9546 1.34375 -1.15795e-08
23.9546 1.40625 -1.14089e-08
23.9546 1.46875 -1.16109e-08
23.9546 1.53125 -1.23534e-08
23.9546 1.59375 -1.28021e-08
23.9546 1.65625 -1.33823e-08
23.9546 1.71875 -1.31045e-08
23.9546 1.78125 -1.28792e-08
23.9546 1.84375 -1.20816e-08
23.9546 1.90625 -1.20257e-08
23.9546 1.96875 -1.07932e-08
24.74 0.03125 -3.48338e-08
24.74 0.09375 -3.73172e-08
24.74 0.15625 -3.87318e-08
24.74 0.21875 -3.95367e-08
24.74 0.28125 -3.96175e-08
24.74 0.34375 -3.952e-08
24.74 0.40625 -3.97352e-08
24.74 0.46875 -4.05106e-08
24.74 0.53125 -4.14717e-08
24.74 0.59375 -4.25218e-08
24.74 0.65625 -4.3634e-08
24.74 0.71875 -4.44201e-08
24.74 0.78125 -4.47329e-08
24.74 0.84375 -4.51039e-08
24.74 0.90625 -4.56964e-08
24.74 0.96875 -4.65423e-08
24.74 1.03125 -4.69986e-08
24.74 1.09375 -4.67736e-08
24.74 1.15625 -4.6124e-08
24.74 1.21875 -4.63749e-08
24.74 1.28125 -4.78842e-08
24.74 1.34375 -5.04983e-08
24.74 1.40625 -5.30785e-08
24.74 1.46875 -5.54441e-08
24.74 1.53125 -5.69878e-08
24.74 1.59375 -5.84258e-08
24.74 1.65625 -5.95971e-08
24.74 1.71875 -6.13066e-08
24.74 1.78125 -6.3055e-08
24.74 1.84375 -6.52777e-08
24.74 1.90625 -6.71396e-08
24.74 1.96875 -6.86109e-08
