0.392699 0.03125 1.4379e-05
1.1781 0.03125 -4.13835e-06
1.9635 0.03125 1.95554e-05
2.74889 0.03125 -3.50385e-07
3.53429 0.03125 2.10607e-05
4.31969 0.03125 1.30198e-06
5.10509 0.03125 1.67247e-05
5.89049 0.03125 5.02699e-07
6.67588 0.03125 8.54069e-06
7.46128 0.03125 -1.58592e-06
8.24668 0.03125 -2.28315e-06
9.03208 0.03125 -3.80897e-06
9.81748 0.03125 -1.27495e-05
10.6029 0.03125 -4.65529e-06
11.3883 0.03125 -2.03751e-05
12.1737 0.03125 -3.17349e-06
12.9591 0.03125 -2.24117e-05
13.7445 0.03125 2.25765e-06
14.5299 0.03125 -1.83933e-05
15.3153 0.03125 8.24059e-06
16.1007 0.03125 -1.1162e-05
16.8861 0.03125 1.16903e-05
17.6715 0.03125 -4.73875e-06
18.4569 0.03125 9.83807e-06
19.2423 0.03125 -9.70124e-07
20.0277 0.03125 3.49471e-06
20.8131 0.03125 1.27136e-06
21.5984 0.03125 -3.54637e-06
22.3838 0.03125 3.50518e-06
23.1692 0.03125 -8.11062e-06
23.9546 0.03125 8.03916e-06
24.74 0.03125 -7.96383e-06
0.392699 0.09375 1.46788e-05
1.1781 0.09375 -4.61635e-06
1.9635 0.09375 1.86602e-05
2.74889 0.09375 -5.56019e-07
3.53429 0.09375 2.11073e-05
4.31969 0.09375 1.15372e-06
5.10509 0.09375 1.74836e-05
5.89049 0.09375 9.78943e-07
6.67588 0.09375 8.85349e-06
7.46128 0.09375 -2.17734e-06
8.24668 0.09375 -2.44404e-06
9.03208 0.09375 -4.34398e-06
9.81748 0.09375 -1.27512e-05
10.6029 0.09375 -4.40227e-06
11.3883 0.09375 -2.00321e-05
12.1737 0.09375 -2.54612e-06
12.9591 0.09375 -2.24859e-05
13.7445 0.09375 2.4111e-06
14.5299 0.09375 -1.84551e-05
15.3153 0.09375 7.91712e-06
16.1007 0.09375 -1.12217e-05
16.8861 0.09375 1.17809e-05
17.6715 0.09375 -4.22703e-06
18.4569 0.09375 1.00685e-05
19.2423 0.09375 -1.25534e-06
20.0277 0.09375 3.73672e-06
20.8131 0.09375 7.90985e-07
21.5984 0.09375 -4.06058e-06
22.3838 0.09375 3.15078e-06
23.1692 0.09375 -8.11762e-06
23.9546 0.09375 8.14694e-06
24.74 0.09375 -7.21448e-06
0.392699 0.15625 1.36839e-05
1.1781 0.15625 -3.24458e-06
1.9635 0.15625 2.14485e-05
2.74889 0.15625 7.53153e-08
3.53429 0.15625 2.09424e-05
4.31969 0.15625 1.66092e-06
5.10509 0.15625 1.5323e-05
5.89049 0.15625 -4.50208e-07
6.67588 0.15625 7.89395e-06
7.46128 0.15625 -4.63223e-07
8.24668 0.15625 -1.85231e-06
9.03208 0.15625 -2.68679e-06
9.81748 0.15625 -1.278e-05
10.6029 0.15625 -5.26209e-06
11.3883 0.15625 -2.11346e-05
12.1737 0.15625 -4.28335e-06
12.9591 0.15625 -2.23783e-05
13.7445 0.15625 1.88056e-06
14.5299 0.15625 -1.82854e-05
15.3153 0.15625 8.94827e-06
16.1007 0.15625 -1.10903e-05
16.8861 0.15625 1.15676e-05
17.6715 0.15625 -5.7084e-06
18.4569 0.15625 9.33972e-06
19.2423 0.15625 -3.04738e-07
20.0277 0.15625 3.04563e-06
20.8131 0.15625 2.17834e-06
21.5984 0.15625 -2.55039e-06
22.3838 0.15625 4.23435e-06
23.1692 0.15625 -8.12231e-06
23.9546 0.15625 7.81071e-06
24.74 0.15625 -9.49874e-06
0.392699 0.21875 1.52895e-05
1.1781 0.21875 -5.55142e-06
1.9635 0.21875 1.68912e-05
2.74889 0.21875 -9.83456e-07
3.53429 0.21875 2.12212e-05
4.31969 0.21875 8.06382e-07
5.10509 0.21875 1.89854e-05
5.89049 0.21875 1.95244e-06
6.67588 0.21875 9.45579e-06
7.46128 0.21875 -3.30536e-06
8.24668 0.21875 -2.82918e-06
9.03208 0.21875 -5.42904e-06
9.81748 0.21875 -1.27289e-05
10.6029 0.21875 -3.87773e-06
11.3883 0.21875 -1.93773e-05
12.1737 0.21875 -1.34808e-06
12.9591 0.21875 -2.25818e-05
13.7445 0.21875 2.71133e-06
14.5299 0.21875 -1.85813e-05
15.3153 0.21875 7.30621e-06
16.1007 0.21875 -1.13308e-05
16.8861 0.21875 1.1947e-05
17.6715 0.21875 -3.26273e-06
18.4569 0.21875 1.05433e-05
19.2423 0.21875 -1.83631e-06
20.0277 0.21875 4.18146e-06
20.8131 0.21875 -1.15685e-07
21.5984 0.21875 -5.04638e-06
22.3838 0.21875 2.48552e-06
23.1692 0.21875 -8.13679e-06
23.9546 0.21875 8.33018e-06
24.74 0.21875 -5.72011e-06
0.392699 0.28125 1.30484e-05
1.1781 0.28125 -2.37625e-06
1.9635 0.28125 2.3254e-05
2.74889 0.28125 4.80198e-07
3.53429 0.28125 2.08358e-05
4.31969 0.28125 2.00389e-06
5.10509 0.28125 1.39592e-05
5.89049 0.28125 -1.36363e-06
6.67588 0.28125 7.28766e-06
7.46128 0.28125 6.20444e-07
8.24668 0.28125 -1.45108e-06
9.03208 0.28125 -1.63273e-06
9.81748 0.28125 -1.28188e-05
10.6029 0.28125 -5.83085e-06
11.3883 0.28125 -2.18507e-05
12.1737 0.28125 -5.3679e-06
12.9591 0.28125 -2.23366e-05
13.7445 0.28125 1.55835e-06
14.5299 0.28125 -1.81809e-05
15.3153 0.28125 9.60636e-06
16.1007 0.28125 -1.10326e-05
16.8861 0.28125 1.14326e-05
17.6715 0.28125 -6.62327e-06
18.4569 0.28125 8.87118e-06
19.2423 0.28125 3.27685e-07
20.0277 0.28125 2.62211e-06
20.8131 0.28125 3.03377e-06
21.5984 0.28125 -1.6194e-06
22.3838 0.28125 4.92965e-06
23.1692 0.28125 -8.11186e-06
23.9546 0.28125 7.58617e-06
24.74 0.28125 -1.09708e-05
0.392699 0.34375 1.58666e-05
1.1781 0.34375 -6.43501e-06
1.9635 0.34375 1.52131e-05
2.74889 0.34375 -1.36949e-06
3.53429 0.34375 2.13277e-05
4.31969 0.34375 4.79867e-07
5.10509 0.34375 2.03739e-05
5.89049 0.34375 2.85235e-06
6.67588 0.34375 1.00313e-05
7.46128 0.34375 -4.35347e-06
8.24668 0.34375 -3.18448e-06
9.03208 0.34375 -6.4522e-06
9.81748 0.34375 -1.27135e-05
10.6029 0.34375 -3.3699e-06
11.3883 0.34375 -1.87413e-05
12.1737 0.34375 -2.25661e-07
12.9591 0.34375 -2.26651e-05
13.7445 0.34375 2.98802e-06
14.5299 0.34375 -1.87177e-05
15.3153 0.34375 6.71692e-06
16.1007 0.34375 -1.14164e-05
16.8861 0.34375 1.21199e-05
17.6715 0.34375 -2.3617e-06
18.4569 0.34375 1.09719e-05
19.2423 0.34375 -2.39154e-06
20.0277 0.34375 4.6117e-06
20.8131 0.34375 -9.66849e-07
21.5984 0.34375 -5.97243e-06
22.3838 0.34375 1.84964e-06
23.1692 0.34375 -8.15651e-06
23.9546 0.34375 8.52461e-06
24.74 0.34375 -4.32201e-06
0.392699 0.40625 1.2456e-05
1.1781 0.40625 -1.57891e-06
1.9635 0.40625 2.49157e-05
2.74889 0.40625 8.53626e-07
3.53429 0.40625 2.07486e-05
4.31969 0.40625 2.30764e-06
5.10509 0.40625 1.26895e-05
5.89049 0.40625 -2.21896e-06
6.67588 0.40625 6.73464e-06
7.46128 0.40625 1.62729e-06
8.24668 0.40625 -1.07102e-06
9.03208 0.40625 -6.7158e-07
9.81748 0.40625 -1.28596e-05
10.6029 0.40625 -6.35435e-06
11.3883 0.40625 -2.25011e-05
12.1737 0.40625 -6.37332e-06
12.9591 0.40625 -2.23087e-05
13.7445 0.40625 1.26472e-06
14.5299 0.40625 -1.80822e-05
15.3153 0.40625 1.02402e-05
16.1007 0.40625 -1.09654e-05
16.8861 0.40625 1.1282e-05
17.6715 0.40625 -7.47484e-06
18.4569 0.40625 8.47067e-06
19.2423 0.40625 9.0396e-07
20.0277 0.40625 2.2219e-06
20.8131 0.40625 3.81958e-06
21.5984 0.40625 -7.728e-07
22.3838 0.40625 5.56165e-06
23.1692 0.40625 -8.10082e-06
23.9546 0.40625 7.39017e-06
24.74 0.40625 -1.23076e-05
0.392699 0.46875 1.63897e-05
1.1781 0.46875 -7.22115e-06
1.9635 0.46875 1.36971e-05
2.74889 0.46875 -1.71004e-06
3.53429 0.46875 2.14128e-05
4.31969 0.46875 1.90394e-07
5.10509 0.46875 2.16162e-05
5.89049 0.46875 3.67245e-06
6.67588 0.46875 1.0549e-05
7.46128 0.46875 -5.3205e-06
8.24668 0.46875 -3.51837e-06
9.03208 0.46875 -7.34403e-06
9.81748 0.46875 -1.2685e-05
10.6029 0.46875 -2.91246e-06
11.3883 0.46875 -1.81713e-05
12.1737 0.46875 7.81976e-07
12.9591 0.46875 -2.27277e-05
13.7445 0.46875 3.2364e-06
14.5299 0.46875 -1.88473e-05
15.3153 0.46875 6.16282e-06
16.1007 0.46875 -1.15038e-05
16.8861 0.46875 1.22855e-05
17.6715 0.46875 -1.53879e-06
18.4569 0.46875 1.13468e-05
19.2423 0.46875 -2.8949e-06
20.0277 0.46875 4.9918e-06
20.8131 0.46875 -1.72316e-06
21.5984 0.46875 -6.77584e-06
22.3838 0.46875 1.28795e-06
23.1692 0.46875 -8.18388e-06
23.9546 0.46875 8.69813e-06
24.74 0.46875 -3.08562e-06
0.392699 0.53125 1.19607e-05
1.1781 0.53125 -8.88085e-07
1.9635 0.53125 2.63668e-05
2.74889 0.53125 1.18304e-06
3.53429 0.53125 2.06846e-05
4.31969 0.53125 2.55936e-06
5.10509 0.53125 1.1597e-05
5.89049 0.53125 -2.95415e-06
6.67588 0.53125 6.24569e-06
7.46128 0.53125 2.5079e-06
8.24668 0.53125 -7.4265e-07
9.03208 0.53125 1.39506e-07
9.81748 0.53125 -1.29083e-05
10.6029 0.53125 -6.81482e-06
11.3883 0.53125 -2.30664e-05
12.1737 0.53125 -7.25251e-06
12.9591 0.53125 -2.22717e-05
13.7445 0.53125 1.03091e-06
14.5299 0.53125 -1.80069e-05
15.3153 0.53125 1.07792e-05
16.1007 0.53125 -1.09092e-05
16.8861 0.53125 1.11402e-05
17.6715 0.53125 -8.21232e-06
18.4569 0.53125 8.13931e-06
19.2423 0.53125 1.39703e-06
20.0277 0.53125 1.86968e-06
20.8131 0.53125 4.51186e-06
21.5984 0.53125 -4.54567e-08
22.3838 0.53125 6.09568e-06
23.1692 0.53125 -8.09578e-06
23.9546 0.53125 7.20468e-06
24.74 0.53125 -1.34365e-05
0.392699 0.59375 1.68197e-05
1.1781 0.59375 -7.875e-06
1.9635 0.59375 1.24057e-05
2.74889 0.59375 -2.00194e-06
3.53429 0.59375 2.14839e-05
4.31969 0.59375 -2.36246e-08
5.10509 0.59375 2.26589e-05
5.89049 0.59375 4.35183e-06
6.67588 0.59375 1.099e-05
7.46128 0.59375 -6.13203e-06
8.24668 0.59375 -3.80629e-06
9.03208 0.59375 -8.09609e-06
9.81748 0.59375 -1.26651e-05
10.6029 0.59375 -2.52164e-06
11.3883 0.59375 -1.76853e-05
12.1737 0.59375 1.63405e-06
12.9591 0.59375 -2.27794e-05
13.7445 0.59375 3.43714e-06
14.5299 0.59375 -1.89403e-05
15.3153 0.59375 5.6887e-06
16.1007 0.59375 -1.15745e-05
16.8861 0.59375 1.24462e-05
17.6715 0.59375 -8.42774e-07
18.4569 0.59375 1.164e-05
19.2423 0.59375 -3.31474e-06
20.0277 0.59375 5.31654e-06
20.8131 0.59375 -2.36915e-06
21.5984 0.59375 -7.44436e-06
22.3838 0.59375 8.02425e-07
23.1692 0.59375 -8.2064e-06
23.9546 0.59375 8.86751e-06
24.74 0.59375 -2.07314e-06
0.392699 0.65625 1.15615e-05
1.1781 0.65625 -3.21e-07
1.9635 0.65625 2.75615e-05
2.74889 0.65625 1.44827e-06
3.53429 0.65625 2.0634e-05
4.31969 0.65625 2.74207e-06
5.10509 0.65625 1.06986e-05
5.89049 0.65625 -3.55628e-06
6.67588 0.65625 5.85131e-06
7.46128 0.65625 3.24381e-06
8.24668 0.65625 -4.67072e-07
9.03208 0.65625 7.69763e-07
9.81748 0.65625 -1.29528e-05
10.6029 0.65625 -7.18218e-06
11.3883 0.65625 -2.35279e-05
12.1737 0.65625 -7.98086e-06
12.9591 0.65625 -2.22404e-05
13.7445 0.65625 8.69877e-07
14.5299 0.65625 -1.79442e-05
15.3153 0.65625 1.1234e-05
16.1007 0.65625 -1.08547e-05
16.8861 0.65625 1.1e-05
17.6715 0.65625 -8.82395e-06
18.4569 0.65625 7.89244e-06
19.2423 0.65625 1.80403e-06
20.0277 0.65625 1.58903e-06
20.8131 0.65625 5.07093e-06
21.5984 0.65625 5.07628e-07
22.3838 0.65625 6.51392e-06
23.1692 0.65625 -8.08321e-06
23.9546 0.65625 7.05266e-06
24.74 0.65625 -1.43333e-05
0.392699 0.71875 1.71509e-05
1.1781 0.71875 -8.38447e-06
1.9635 0.71875 1.13873e-05
2.74889 0.71875 -2.22738e-06
3.53429 0.71875 2.15223e-05
4.31969 0.71875 -1.7029e-07
5.10509 0.71875 2.34622e-05
5.89049 0.71875 4.87334e-06
6.67588 0.71875 1.13334e-05
7.46128 0.71875 -6.76531e-06
8.24668 0.71875 -4.02698e-06
9.03208 0.71875 -8.65068e-06
9.81748 0.71875 -1.26261e-05
10.6029 0.71875 -2.20746e-06
11.3883 0.71875 -1.73227e-05
12.1737 0.71875 2.28608e-06
12.9591 0.71875 -2.2811e-05
13.7445 0.71875 3.57917e-06
14.5299 0.71875 -1.90163e-05
15.3153 0.71875 5.30644e-06
16.1007 0.71875 -1.16368e-05
16.8861 0.71875 1.25899e-05
17.6715 0.71875 -2.93123e-07
18.4569 0.71875 1.18294e-05
19.2423 0.71875 -3.64069e-06
20.0277 0.71875 5.58071e-06
20.8131 0.71875 -2.85723e-06
21.5984 0.71875 -7.92897e-06
22.3838 0.71875 4.38665e-07
23.1692 0.71875 -8.23928e-06
23.9546 0.71875 8.99492e-06
24.74 0.71875 -1.31158e-06
0.392699 0.78125 1.12747e-05
1.1781 0.78125 8.1422e-08
1.9635 0.78125 2.84298e-05
2.74889 0.78125 1.62978e-06
3.53429 0.78125 2.06163e-05
4.31969 0.78125 2.87417e-06
5.10509 0.78125 1.00549e-05
5.89049 0.78125 -3.99833e-06
6.67588 0.78125 5.5543e-06
7.46128 0.78125 3.77471e-06
8.24668 0.78125 -2.65924e-07
9.03208 0.78125 1.21661e-06
9.81748 0.78125 -1.29838e-05
10.6029 0.78125 -7.45197e-06
11.3883 0.78125 -2.38574e-05
12.1737 0.78125 -8.51704e-06
12.9591 0.78125 -2.22443e-05
13.7445 0.78125 7.65803e-07
14.5299 0.78125 -1.78847e-05
15.3153 0.78125 1.15831e-05
16.1007 0.78125 -1.08201e-05
16.8861 0.78125 1.0859e-05
17.6715 0.78125 -9.27371e-06
18.4569 0.78125 7.74952e-06
19.2423 0.78125 2.09688e-06
20.0277 0.78125 1.37586e-06
20.8131 0.78125 5.48259e-06
21.5984 0.78125 8.987e-07
22.3838 0.78125 6.82268e-06
23.1692 0.78125 -8.06569e-06
23.9546 0.78125 6.92858e-06
24.74 0.78125 -1.49515e-05
0.392699 0.84375 1.73759e-05
1.1781 0.84375 -8.69692e-06
1.9635 0.84375 1.0693e-05
2.74889 0.84375 -2.3973e-06
3.53429 0.84375 2.15323e-05
4.31969 0.84375 -2.43362e-07
5.10509 0.84375 2.40019e-05
5.89049 0.84375 5.23018e-06
6.67588 0.84375 1.15574e-05
7.46128 0.84375 -7.20614e-06
8.24668 0.84375 -4.17629e-06
9.03208 0.84375 -8.99069e-06
9.81748 0.84375 -1.26019e-05
10.6029 0.84375 -1.99901e-06
11.3883 0.84375 -1.70727e-05
12.1737 0.84375 2.73934e-06
12.9591 0.84375 -2.28271e-05
13.7445 0.84375 3.64284e-06
14.5299 0.84375 -1.90756e-05
15.3153 0.84375 5.023e-06
16.1007 0.84375 -1.16788e-05
16.8861 0.84375 1.27245e-05
17.6715 0.84375 8.79718e-08
18.4569 0.84375 1.19271e-05
19.2423 0.84375 -3.84558e-06
20.0277 0.84375 5.75618e-06
20.8131 0.84375 -3.20757e-06
21.5984 0.84375 -8.22382e-06
22.3838 0.84375 2.19876e-07
23.1692 0.84375 -8.26011e-06
23.9546 0.84375 9.08134e-06
24.74 0.84375 -8.53768e-07
0.392699 0.90625 1.1122e-05
1.1781 0.90625 3.14687e-07
1.9635 0.90625 2.89581e-05
2.74889 0.90625 1.74066e-06
3.53429 0.90625 2.06119e-05
4.31969 0.90625 2.90981e-06
5.10509 0.90625 9.68679e-06
5.89049 0.90625 -4.25122e-06
6.67588 0.90625 5.37904e-06
7.46128 0.90625 4.10649e-06
8.24668 0.90625 -1.33387e-07
9.03208 0.90625 1.44495e-06
9.81748 0.90625 -1.30296e-05
10.6029 0.90625 -7.6255e-06
11.3883 0.90625 -2.40419e-05
12.1737 0.90625 -8.81671e-06
12.9591 0.90625 -2.22443e-05
13.7445 0.90625 7.13329e-07
14.5299 0.90625 -1.78634e-05
15.3153 0.90625 1.18099e-05
16.1007 0.90625 -1.07851e-05
16.8861 0.90625 1.07469e-05
17.6715 0.90625 -9.53369e-06
18.4569 0.90625 7.7089e-06
19.2423 0.90625 2.25959e-06
20.0277 0.90625 1.23847e-06
20.8131 0.90625 5.71191e-06
21.5984 0.90625 1.08707e-06
22.3838 0.90625 6.98503e-06
23.1692 0.90625 -8.053e-06
23.9546 0.90625 6.84376e-06
24.74 0.90625 -1.52595e-05
0.392699 0.96875 1.74463e-05
1.1781 0.96875 -8.85241e-06
1.9635 0.96875 1.03676e-05
2.74889 0.96875 -2.4517e-06
3.53429 0.96875 2.15199e-05
4.31969 0.96875 -2.64053e-07
5.10509 0.96875 2.42328e-05
5.89049 0.96875 5.40082e-06
6.67588 0.96875 1.16738e-05
7.46128 0.96875 -7.41784e-06
8.24668 0.96875 -4.24908e-06
9.03208 0.96875 -9.10649e-06
9.81748 0.96875 -1.25726e-05
10.6029 0.96875 -1.90816e-06
11.3883 0.96875 -1.69715e-05
12.1737 0.96875 2.94995e-06
12.9591 0.96875 -2.28286e-05
13.7445 0.96875 3.65597e-06
14.5299 0.96875 -1.90836e-05
15.3153 0.96875 4.88738e-06
16.1007 0.96875 -1.17101e-05
16.8861 0.96875 1.27999e-05
17.6715 0.96875 2.64656e-07
18.4569 0.96875 1.193e-05
19.2423 0.96875 -3.91897e-06
20.0277 0.96875 5.85709e-06
20.8131 0.96875 -3.37174e-06
21.5984 0.96875 -8.33888e-06
22.3838 0.96875 1.15529e-07
23.1692 0.96875 -8.27281e-06
23.9546 0.96875 9.15227e-06
24.74 0.96875 -6.91499e-07
0.392699 1.03125 1.10907e-05
1.1781 1.03125 3.58988e-07
1.9635 1.03125 2.91126e-05
2.74889 1.03125 1.77764e-06
3.53429 1.03125 2.06274e-05
4.31969 1.03125 2.8679e-06
5.10509 1.03125 9.60727e-06
5.89049 1.03125 -4.29723e-06
6.67588 1.03125 5.3376e-06
7.46128 1.03125 4.19966e-06
8.24668 1.03125 -1.01151e-07
9.03208 1.03125 1.45338e-06
9.81748 1.03125 -1.30499e-05
10.6029 1.03125 -7.67086e-06
11.3883 1.03125 -2.40847e-05
12.1737 1.03125 -8.89751e-06
12.9591 1.03125 -2.2251e-05
13.7445 1.03125 7.43158e-07
14.5299 1.03125 -1.78658e-05
15.3153 1.03125 1.18833e-05
16.1007 1.03125 -1.07637e-05
16.8861 1.03125 1.06756e-05
17.6715 1.03125 -9.61596e-06
18.4569 1.03125 7.74686e-06
19.2423 1.03125 2.31171e-06
20.0277 1.03125 1.21572e-06
20.8131 1.03125 5.76971e-06
21.5984 1.03125 1.08388e-06
22.3838 1.03125 7.00017e-06
23.1692 1.03125 -8.05601e-06
23.9546 1.03125 6.80071e-06
24.74 1.03125 -1.52704e-05
0.392699 1.09375 1.73986e-05
1.1781 1.09375 -8.80449e-06
1.9635 1.09375 1.04099e-05
2.74889 1.09375 -2.43944e-06
3.53429 1.09375 2.14849e-05
4.31969 1.09375 -1.9515e-07
5.10509 1.09375 2.41789e-05
5.89049 1.09375 5.36341e-06
6.67588 1.09375 1.16471e-05
7.46128 1.09375 -7.38665e-06
8.24668 1.09375 -4.23751e-06
9.03208 1.09375 -9.02974e-06
9.81748 1.09375 -1.25643e-05
10.6029 1.09375 -1.92257e-06
11.3883 1.09375 -1.69988e-05
12.1737 1.09375 2.92418e-06
12.9591 1.09375 -2.28062e-05
13.7445 1.09375 3.60776e-06
14.5299 1.09375 -1.90833e-05
15.3153 1.09375 4.86423e-06
16.1007 1.09375 -1.17227e-05
16.8861 1.09375 1.28651e-05
17.6715 1.09375 2.66991e-07
18.4569 1.09375 1.18342e-05
19.2423 1.09375 -3.88386e-06
20.0277 1.09375 5.85586e-06
20.8131 1.09375 -3.34494e-06
21.5984 1.09375 -8.24484e-06
22.3838 1.09375 1.53498e-07
23.1692 1.09375 -8.29001e-06
23.9546 1.09375 9.16787e-06
24.74 1.09375 -8.27084e-07
0.392699 1.15625 1.11884e-05
1.1781 1.15625 2.27407e-07
1.9635 1.15625 2.88637e-05
2.74889 1.15625 1.70126e-06
3.53429 1.15625 2.06649e-05
4.31969 1.15625 2.79035e-06
5.10509 1.15625 9.82874e-06
5.89049 1.15625 -4.15651e-06
6.67588 1.15625 5.41408e-06
7.46128 1.15625 4.06485e-06
8.24668 1.15625 -1.49362e-07
9.03208 1.15625 1.23612e-06
9.81748 1.15625 -1.30694e-05
10.6029 1.15625 -7.5979e-06
11.3883 1.15625 -2.39716e-05
12.1737 1.15625 -8.73093e-06
12.9591 1.15625 -2.22636e-05
13.7445 1.15625 8.31102e-07
14.5299 1.15625 -1.7882e-05
15.3153 1.15625 1.18138e-05
16.1007 1.15625 -1.07798e-05
16.8861 1.15625 1.06364e-05
17.6715 1.15625 -9.47399e-06
18.4569 1.15625 7.87944e-06
19.2423 1.15625 2.21633e-06
20.0277 1.15625 1.26263e-06
20.8131 1.15625 5.64642e-06
21.5984 1.15625 9.0345e-07
22.3838 1.15625 6.87671e-06
23.1692 1.15625 -8.05556e-06
23.9546 1.15625 6.81758e-06
24.74 1.15625 -1.4986e-05
0.392699 1.21875 1.72226e-05
1.1781 1.21875 -8.54553e-06
1.9635 1.21875 1.0844e-05
2.74889 1.21875 -2.3465e-06
3.53429 1.21875 2.14311e-05
4.31969 1.21875 -8.51001e-08
5.10509 1.21875 2.38007e-05
5.89049 1.21875 5.13335e-06
6.67588 1.21875 1.15034e-05
7.46128 1.21875 -7.12347e-06
8.24668 1.21875 -4.15249e-06
9.03208 1.21875 -8.72461e-06
9.81748 1.21875 -1.2546e-05
10.6029 1.21875 -2.05489e-06
11.3883 1.21875 -1.71677e-05
12.1737 1.21875 2.66047e-06
12.9591 1.21875 -2.27779e-05
13.7445 1.21875 3.49137e-06
14.5299 1.21875 -1.90423e-05
15.3153 1.21875 5.00429e-06
16.1007 1.21875 -1.17187e-05
16.8861 1.21875 1.2847e-05
17.6715 1.21875 4.42519e-08
18.4569 1.21875 1.16672e-05
19.2423 1.21875 -3.7151e-06
20.0277 1.21875 5.75706e-06
20.8131 1.21875 -3.12941e-06
21.5984 1.21875 -7.95648e-06
22.3838 1.21875 3.41468e-07
23.1692 1.21875 -8.29028e-06
23.9546 1.21875 9.12482e-06
24.74 1.21875 -1.26876e-06
0.392699 1.28125 1.14144e-05
1.1781 1.28125 -9.41313e-08
1.9635 1.28125 2.82414e-05
2.74889 1.28125 1.56162e-06
3.53429 1.28125 2.07058e-05
4.31969 1.28125 2.62591e-06
5.10509 1.28125 1.03263e-05
5.89049 1.28125 -3.79998e-06
6.67588 1.28125 5.6342e-06
7.46128 1.28125 3.68397e-06
8.24668 1.28125 -2.86881e-07
9.03208 1.28125 8.32312e-07
9.81748 1.28125 -1.30654e-05
10.6029 1.28125 -7.4163e-06
11.3883 1.28125 -2.37229e-05
12.1737 1.28125 -8.31632e-06
12.9591 1.28125 -2.22782e-05
13.7445 1.28125 9.56808e-07
14.5299 1.28125 -1.79224e-05
15.3153 1.28125 1.15907e-05
16.1007 1.28125 -1.08033e-05
16.8861 1.28125 1.06524e-05
17.6715 1.28125 -9.1511e-06
18.4569 1.28125 8.06753e-06
19.2423 1.28125 2.01004e-06
20.0277 1.28125 1.42578e-06
20.8131 1.28125 5.32633e-06
21.5984 1.28125 5.43353e-07
22.3838 1.28125 6.62635e-06
23.1692 1.28125 -8.0682e-06
23.9546 1.28125 6.877e-06
24.74 1.28125 -1.44121e-05
0.392699 1.34375 1.6929e-05
1.1781 1.34375 -8.12779e-06
1.9635 1.34375 1.16429e-05
2.74889 1.34375 -2.15941e-06
3.53429 1.34375 2.13604e-05
4.31969 1.34375 7.42305e-08
5.10509 1.34375 2.31554e-05
5.89049 1.34375 4.72906e-06
6.67588 1.34375 1.12283e-05
7.46128 1.34375 -6.63367e-06
8.24668 1.34375 -3.98478e-06
9.03208 1.34375 -8.22597e-06
9.81748 1.34375 -1.25413e-05
10.6029 1.34375 -2.30159e-06
11.3883 1.34375 -1.74853e-05
12.1737 1.34375 2.14859e-06
12.9591 1.34375 -2.27325e-05
13.7445 1.34375 3.33444e-06
14.5299 1.34375 -1.89773e-05
15.3153 1.34375 5.27721e-06
16.1007 1.34375 -1.16809e-05
16.8861 1.34375 1.27829e-05
17.6715 1.34375 -3.71565e-07
18.4569 1.34375 1.14305e-05
19.2423 1.34375 -3.42597e-06
20.0277 1.34375 5.56866e-06
20.8131 1.34375 -2.74147e-06
21.5984 1.34375 -7.4952e-06
22.3838 1.34375 6.55946e-07
23.1692 1.34375 -8.29925e-06
23.9546 1.34375 9.0254e-06
24.74 1.34375 -1.95411e-06
0.392699 1.40625 1.17572e-05
1.1781 1.40625 -5.70339e-07
1.9635 1.40625 2.7252e-05
2.74889 1.40625 1.32671e-06
3.53429 1.40625 2.07521e-05
4.31969 1.40625 2.44248e-06
5.10509 1.40625 1.11028e-05
5.89049 1.40625 -3.28333e-06
6.67588 1.40625 5.96525e-06
7.46128 1.40625 3.08618e-06
8.24668 1.40625 -5.15848e-07
9.03208 1.40625 2.33274e-07
9.81748 1.40625 -1.30352e-05
10.6029 1.40625 -7.09395e-06
11.3883 1.40625 -2.33328e-05
12.1737 1.40625 -7.69271e-06
12.9591 1.40625 -2.23094e-05
13.7445 1.40625 1.11497e-06
14.5299 1.40625 -1.79813e-05
15.3153 1.40625 1.12321e-05
16.1007 1.40625 -1.08382e-05
16.8861 1.40625 1.07311e-05
17.6715 1.40625 -8.63191e-06
18.4569 1.40625 8.30965e-06
19.2423 1.40625 1.68284e-06
20.0277 1.40625 1.67463e-06
20.8131 1.40625 4.83793e-06
21.5984 1.40625 3.33391e-08
22.3838 1.40625 6.25273e-06
23.1692 1.40625 -8.09032e-06
23.9546 1.40625 6.98056e-06
24.74 1.40625 -1.36013e-05
0.392699 1.46875 1.65335e-05
1.1781 1.46875 -7.53349e-06
1.9635 1.46875 1.27876e-05
2.74889 1.46875 -1.90738e-06
3.53429 1.46875 2.12792e-05
4.31969 1.46875 2.81099e-07
5.10509 1.46875 2.22423e-05
5.89049 1.46875 4.1321e-06
6.67588 1.46875 1.083e-05
7.46128 1.46875 -5.91311e-06
8.24668 1.46875 -3.72666e-06
9.03208 1.46875 -7.56406e-06
9.81748 1.46875 -1.25629e-05
10.6029 1.46875 -2.65668e-06
11.3883 1.46875 -1.79189e-05
12.1737 1.46875 1.41662e-06
12.9591 1.46875 -2.26805e-05
13.7445 1.46875 3.14464e-06
14.5299 1.46875 -1.88841e-05
15.3153 1.46875 5.69501e-06
16.1007 1.46875 -1.16262e-05
16.8861 1.46875 1.26535e-05
17.6715 1.46875 -9.62881e-07
18.4569 1.46875 1.11378e-05
19.2423 1.46875 -3.04089e-06
20.0277 1.46875 5.29979e-06
20.8131 1.46875 -2.18085e-06
21.5984 1.46875 -6.88808e-06
22.3838 1.46875 1.07205e-06
23.1692 1.46875 -8.30235e-06
23.9546 1.46875 8.88674e-06
24.74 1.46875 -2.86961e-06
0.392699 1.53125 1.21924e-05
1.1781 1.53125 -1.20174e-06
1.9635 1.53125 2.59457e-05
2.74889 1.53125 1.03199e-06
3.53429 1.53125 2.07935e-05
4.31969 1.53125 2.20672e-06
5.10509 1.53125 1.21201e-05
5.89049 1.53125 -2.58695e-06
6.67588 1.53125 6.39733e-06
7.46128 1.53125 2.2753e-06
8.24668 1.53125 -8.13732e-07
9.03208 1.53125 -5.10102e-07
9.81748 1.53125 -1.29948e-05
10.6029 1.53125 -6.69145e-06
11.3883 1.53125 -2.28309e-05
12.1737 1.53125 -6.85777e-06
12.9591 1.53125 -2.23219e-05
13.7445 1.53125 1.31862e-06
14.5299 1.53125 -1.8049e-05
15.3153 1.53125 1.07267e-05
16.1007 1.53125 -1.09118e-05
16.8861 1.53125 1.08655e-05
17.6715 1.53125 -7.93114e-06
18.4569 1.53125 8.59404e-06
19.2423 1.53125 1.25426e-06
20.0277 1.53125 2.0066e-06
20.8131 1.53125 4.18827e-06
21.5984 1.53125 -6.11954e-07
22.3838 1.53125 5.76433e-06
23.1692 1.53125 -8.12017e-06
23.9546 1.53125 7.14585e-06
24.74 1.53125 -1.25677e-05
0.392699 1.59375 1.60373e-05
1.1781 1.59375 -6.81479e-06
1.9635 1.59375 1.42282e-05
2.74889 1.59375 -1.58746e-06
3.53429 1.59375 2.1185e-05
4.31969 1.59375 5.01527e-07
5.10509 1.59375 2.11053e-05
5.89049 1.59375 3.40203e-06
6.67588 1.59375 1.0344e-05
7.46128 1.59375 -5.00092e-06
8.24668 1.59375 -3.41179e-06
9.03208 1.59375 -6.76735e-06
9.81748 1.59375 -1.26002e-05
10.6029 1.59375 -3.09749e-06
11.3883 1.59375 -1.84428e-05
12.1737 1.59375 5.19105e-07
12.9591 1.59375 -2.26091e-05
13.7445 1.59375 2.92182e-06
14.5299 1.59375 -1.87812e-05
15.3153 1.59375 6.21784e-06
16.1007 1.59375 -1.1557e-05
16.8861 1.59375 1.24602e-05
17.6715 1.59375 -1.71464e-06
18.4569 1.59375 1.08137e-05
19.2423 1.59375 -2.5508e-06
20.0277 1.59375 4.95604e-06
20.8131 1.59375 -1.50219e-06
21.5984 1.59375 -6.16573e-06
22.3838 1.59375 1.59538e-06
23.1692 1.59375 -8.28641e-06
23.9546 1.59375 8.71064e-06
24.74 1.59375 -3.97444e-06
0.392699 1.65625 1.27097e-05
1.1781 1.65625 -1.95081e-06
1.9635 1.65625 2.43564e-05
2.74889 1.65625 6.64886e-07
3.53429 1.65625 2.0836e-05
4.31969 1.65625 1.95277e-06
5.10509 1.65625 1.33337e-05
5.89049 1.65625 -1.7523e-06
6.67588 1.65625 6.92513e-06
7.46128 1.65625 1.30592e-06
8.24668 1.65625 -1.17325e-06
9.03208 1.65625 -1.37049e-06
9.81748 1.65625 -1.29317e-05
10.6029 1.65625 -6.20482e-06
11.3883 1.65625 -2.22237e-05
12.1737 1.65625 -5.86033e-06
12.9591 1.65625 -2.23467e-05
13.7445 1.65625 1.53218e-06
14.5299 1.65625 -1.81302e-05
15.3153 1.65625 1.01192e-05
16.1007 1.65625 -1.09958e-05
16.8861 1.65625 1.10442e-05
17.6715 1.65625 -7.0942e-06
18.4569 1.65625 8.90268e-06
19.2423 1.65625 7.4888e-07
20.0277 1.65625 2.41146e-06
20.8131 1.65625 3.40424e-06
21.5984 1.65625 -1.36401e-06
22.3838 1.65625 5.18572e-06
23.1692 1.65625 -8.15418e-06
23.9546 1.65625 7.35564e-06
24.74 1.65625 -1.13688e-05
0.392699 1.71875 1.54678e-05
1.1781 1.71875 -5.9814e-06
1.9635 1.71875 1.59015e-05
2.74889 1.71875 -1.21048e-06
3.53429 1.71875 2.11011e-05
4.31969 1.71875 7.5347e-07
5.10509 1.71875 1.97898e-05
5.89049 1.71875 2.55827e-06
6.67588 1.71875 9.78254e-06
7.46128 1.71875 -3.95506e-06
8.24668 1.71875 -3.06324e-06
9.03208 1.71875 -5.85961e-06
9.81748 1.71875 -1.26261e-05
10.6029 1.71875 -3.60001e-06
11.3883 1.71875 -1.9065e-05
12.1737 1.71875 -5.47654e-07
12.9591 1.71875 -2.25458e-05
13.7445 1.71875 2.6708e-06
14.5299 1.71875 -1.86493e-05
15.3153 1.71875 6.85455e-06
16.1007 1.71875 -1.14705e-05
16.8861 1.71875 1.22058e-05
17.6715 1.71875 -2.58726e-06
18.4569 1.71875 1.04598e-05
19.2423 1.71875 -1.99944e-06
20.0277 1.71875 4.55885e-06
20.8131 1.71875 -6.88383e-07
21.5984 1.71875 -5.34346e-06
22.3838 1.71875 2.18243e-06
23.1692 1.71875 -8.2726e-06
23.9546 1.71875 8.49268e-06
24.74 1.71875 -5.22594e-06
0.392699 1.78125 1.32909e-05
1.1781 1.78125 -2.78999e-06
1.9635 1.78125 2.25598e-05
2.74889 1.78125 2.66113e-07
3.53429 1.78125 2.08775e-05
4.31969 1.78125 1.67138e-06
5.10509 1.78125 1.46714e-05
5.89049 1.78125 -8.18648e-07
6.67588 1.78125 7.53121e-06
7.46128 1.78125 2.09424e-07
8.24668 1.78125 -1.58701e-06
9.03208 1.78125 -2.34276e-06
9.81748 1.78125 -1.28565e-05
10.6029 1.78125 -5.64334e-06
11.3883 1.78125 -2.154e-05
12.1737 1.78125 -4.73086e-06
12.9591 1.78125 -2.236e-05
13.7445 1.78125 1.76262e-06
14.5299 1.78125 -1.82271e-05
15.3153 1.78125 9.41312e-06
16.1007 1.78125 -1.10944e-05
16.8861 1.78125 1.12725e-05
17.6715 1.78125 -6.13654e-06
18.4569 1.78125 9.21311e-06
19.2423 1.78125 1.74952e-07
20.0277 1.78125 2.87922e-06
20.8131 1.78125 2.5298e-06
21.5984 1.78125 -2.18352e-06
22.3838 1.78125 4.54376e-06
23.1692 1.78125 -8.19503e-06
23.9546 1.78125 7.59475e-06
24.74 1.78125 -1.00433e-05
0.392699 1.84375 1.48554e-05
1.1781 1.84375 -5.06844e-06
1.9635 1.84375 1.77465e-05
2.74889 1.84375 -8.03972e-07
3.53429 1.84375 2.09965e-05
4.31969 1.84375 1.00837e-06
5.10509 1.84375 1.83446e-05
5.89049 1.84375 1.62706e-06
6.67588 1.84375 9.16081e-06
7.46128 1.84375 -2.7954e-06
8.24668 1.84375 -2.65273e-06
9.03208 1.84375 -4.88284e-06
9.81748 1.84375 -1.26711e-05
10.6029 1.84375 -4.15171e-06
11.3883 1.84375 -1.97443e-05
12.1737 1.84375 -1.71215e-06
12.9591 1.84375 -2.2469e-05
13.7445 1.84375 2.40677e-06
14.5299 1.84375 -1.85236e-05
15.3153 1.84375 7.54308e-06
16.1007 1.84375 -1.13692e-05
16.8861 1.84375 1.19324e-05
17.6715 1.84375 -3.53251e-06
18.4569 1.84375 1.00872e-05
19.2423 1.84375 -1.39619e-06
20.0277 1.84375 4.10826e-06
20.8131 1.84375 1.8636e-07
21.5984 1.84375 -4.443e-06
22.3838 1.84375 2.82846e-06
23.1692 1.84375 -8.26125e-06
23.9546 1.84375 8.24808e-06
24.74 1.84375 -6.56388e-06
0.392699 1.90625 1.39136e-05
1.1781 1.90625 -3.68409e-06
1.9635 1.90625 2.06471e-05
2.74889 1.90625 -1.60404e-07
3.53429 1.90625 2.08941e-05
4.31969 1.90625 1.38891e-06
5.10509 1.90625 1.61166e-05
5.89049 1.90625 1.84131e-07
6.67588 1.90625 8.17295e-06
7.46128 1.90625 -9.70627e-07
8.24668 1.90625 -2.03288e-06
9.03208 1.90625 -3.37283e-06
9.81748 1.90625 -1.27581e-05
10.6029 1.90625 -5.03001e-06
11.3883 1.90625 -2.08173e-05
12.1737 1.90625 -3.52643e-06
12.9591 1.90625 -2.23742e-05
13.7445 1.90625 1.98514e-06
14.5299 1.90625 -1.83357e-05
15.3153 1.90625 8.66688e-06
16.1007 1.90625 -1.11951e-05
16.8861 1.90625 1.15162e-05
17.6715 1.90625 -5.10618e-06
18.4569 1.90625 9.54022e-06
19.2423 1.90625 -4.31038e-07
20.0277 1.90625 3.36783e-06
20.8131 1.90625 1.57784e-06
21.5984 1.90625 -3.04322e-06
22.3838 1.90625 3.8676e-06
23.1692 1.90625 -8.24657e-06
23.9546 1.90625 7.84668e-06
24.74 1.90625 -8.63952e-06
0.392699 1.96875 1.42384e-05
1.1781 1.96875 -4.11462e-06
1.9635 1.96875 1.96537e-05
2.74889 1.96875 -3.75905e-07
3.53429 1.96875 2.08847e-05
4.31969 1.96875 1.26681e-06
5.10509 1.96875 1.68456e-05
5.89049 1.96875 6.80343e-07
6.67588 1.96875 8.52325e-06
7.46128 1.96875 -1.58969e-06
8.24668 1.96875 -2.24975e-06
9.03208 1.96875 -3.89243e-06
9.81748 1.96875 -1.27069e-05
10.6029 1.96875 -4.70077e-06
11.3883 1.96875 -2.04417e-05
12.1737 1.96875 -2.92911e-06
12.9591 1.96875 -2.23981e-05
13.7445 1.96875 2.11924e-06
14.5299 1.96875 -1.83957e-05
15.3153 1.96875 8.2766e-06
16.1007 1.96875 -1.12368e-05
16.8861 1.96875 1.16322e-05
17.6715 1.96875 -4.55384e-06
18.4569 1.96875 9.68724e-06
19.2423 1.96875 -7.42333e-07
20.0277 1.96875 3.64945e-06
20.8131 1.96875 1.09048e-06
21.5984 1.96875 -3.50044e-06
22.3838 1.96875 3.49457e-06
23.1692 1.96875 -8.26125e-06
23.9546 1.96875 7.9862e-06
24.74 1.96875 -7.95339e-06
