0.392699 0.03125 8.52589e-08
1.1781 0.03125 8.17127e-08
1.9635 0.03125 8.58561e-08
2.74889 0.03125 1.1496e-07
3.53429 0.03125 8.94839e-08
4.31969 0.03125 1.75773e-07
5.10509 0.03125 1.14586e-07
5.89049 0.03125 9.07548e-08
6.67588 0.03125 8.37884e-08
7.46128 0.03125 3.57376e-08
8.24668 0.03125 -1.00311e-08
9.03208 0.03125 -5.97154e-09
9.81748 0.03125 -4.61459e-09
10.6029 0.03125 -1.53037e-08
11.3883 0.03125 -6.02098e-08
12.1737 0.03125 -7.64352e-08
12.9591 0.03125 -1.62551e-07
13.7445 0.03125 -1.21969e-07
14.5299 0.03125 -1.26513e-07
15.3153 0.03125 -1.64601e-07
16.1007 0.03125 -1.37527e-07
16.8861 0.03125 -1.01955e-07
17.6715 0.03125 -8.34278e-08
18.4569 0.03125 -8.50966e-08
19.2423 0.03125 -4.25105e-08
20.0277 0.03125 -6.09049e-08
20.8131 0.03125 -3.11638e-08
21.5984 0.03125 -6.18531e-08
22.3838 0.03125 1.27416e-07
23.1692 0.03125 1.01271e-07
23.9546 0.03125 7.24592e-08
24.74 0.03125 9.37912e-08

0.392699 0.09375 8.76608e-08
1.1781 0.09375 8.07737e-08
1.9635 0.09375 8.3849e-08
2.74889 0.09375 1.16209e-07
3.53429 0.09375 9.09693e-08
4.31969 0.09375 1.7109e-07
5.10509 0.09375 1.1689e-07
5.89049 0.09375 9.05445e-08
6.67588 0.09375 8.23356e-08
7.46128 0.09375 4.00062e-08
8.24668 0.09375 -9.24916e-09
9.03208 0.09375 -6.21738e-09
9.81748 0.09375 -7.8739e-09
10.6029 0.09375 -1.60252e-08
11.3883 0.09375 -6.03863e-08
12.1737 0.09375 -7.55797e-08
12.9591 0.09375 -1.59791e-07
13.7445 0.09375 -1.25512e-07
14.5299 0.09375 -1.26036e-07
15.3153 0.09375 -1.62089e-07
16.1007 0.09375 -1.37602e-07
16.8861 0.09375 -1.01842e-07
17.6715 0.09375 -8.35204e-08
18.4569 0.09375 -8.64737e-08
19.2423 0.09375 -4.29238e-08
20.0277 0.09375 -5.96045e-08
20.8131 0.09375 -2.84381e-08
21.5984 0.09375 -6.25537e-08
22.3838 0.09375 1.18056e-07
23.1692 0.09375 1.05604e-07
23.9546 0.09375 7.62777e-08
24.74 0.09375 9.16416e-08

0.392699 0.15625 8.82995e-08
1.1781 0.15625 8.04668e-08
1.9635 0.15625 8.30006e-08
2.74889 0.15625 1.1652e-07
3.53429 0.15625 9.26477e-08
4.31969 0.15625 1.67167e-07
5.10509 0.15625 1.17238e-07
5.89049 0.15625 9.08573e-08
6.67588 0.15625 8.06644e-08
7.46128 0.15625 4.32648e-08
8.24668 0.15625 -8.10597e-09
9.03208 0.15625 -5.79224e-09
9.81748 0.15625 -1.0347e-08
10.6029 0.15625 -1.68952e-08
11.3883 0.15625 -6.06794e-08
12.1737 0.15625 -7.51748e-08
12.9591 0.15625 -1.57044e-07
13.7445 0.15625 -1.28265e-07
14.5299 0.15625 -1.26144e-07
15.3153 0.15625 -1.59871e-07
16.1007 0.15625 -1.37076e-07
16.8861 0.15625 -1.01675e-07
17.6715 0.15625 -8.37654e-08
18.4569 0.15625 -8.72317e-08
19.2423 0.15625 -4.31256e-08
20.0277 0.15625 -5.92513e-08
20.8131 0.15625 -2.67842e-08
21.5984 0.15625 -6.07251e-08
22.3838 0.15625 1.10504e-07
23.1692 0.15625 1.054e-07
23.9546 0.15625 8.09039e-08
24.74 0.15625 9.12202e-08

0.392699 0.21875 8.92238e-08
1.1781 0.21875 8.0179e-08
1.9635 0.21875 8.23038e-08
2.74889 0.21875 1.17016e-07
3.53429 0.21875 9.43872e-08
4.31969 0.21875 1.63267e-07
5.10509 0.21875 1.17269e-07
5.89049 0.21875 9.14314e-08
6.67588 0.21875 7.84212e-08
7.46128 0.21875 4.59061e-08
8.24668 0.21875 -6.22423e-09
9.03208 0.21875 -4.39391e-09
9.81748 0.21875 -1.26831e-08
10.6029 0.21875 -1.84656e-08
11.3883 0.21875 -6.1653e-08
12.1737 0.21875 -7.51473e-08
12.9591 0.21875 -1.53652e-07
13.7445 0.21875 -1.30567e-07
14.5299 0.21875 -1.26861e-07
15.3153 0.21875 -1.57448e-07
16.1007 0.21875 -1.36053e-07
16.8861 0.21875 -1.0163e-07
17.6715 0.21875 -8.37305e-08
18.4569 0.21875 -8.78876e-08
19.2423 0.21875 -4.44141e-08
20.0277 0.21875 -5.92679e-08
20.8131 0.21875 -2.34999e-08
21.5984 0.21875 -5.80907e-08
22.3838 0.21875 1.02003e-07
23.1692 0.21875 1.03798e-07
23.9546 0.21875 8.52981e-08
24.74 0.21875 9.13461e-08

0.392699 0.28125 8.95994e-08
1.1781 0.28125 8.11201e-08
1.9635 0.28125 8.24696e-08
2.74889 0.28125 1.16493e-07
3.53429 0.28125 9.61912e-08
4.31969 0.28125 1.60376e-07
5.10509 0.28125 1.16498e-07
5.89049 0.28125 9.22086e-08
6.67588 0.28125 7.53634e-08
7.46128 0.28125 4.72353e-08
8.24668 0.28125 -3.98274e-09
9.03208 0.28125 -1.96248e-09
9.81748 0.28125 -1.41169e-08
10.6029 0.28125 -2.0586e-08
11.3883 0.28125 -6.30864e-08
12.1737 0.28125 -7.57697e-08
12.9591 0.28125 -1.49936e-07
13.7445 0.28125 -1.31389e-07
14.5299 0.28125 -1.27955e-07
15.3153 0.28125 -1.55446e-07
16.1007 0.28125 -1.34946e-07
16.8861 0.28125 -1.01743e-07
17.6715 0.28125 -8.37644e-08
18.4569 0.28125 -8.7866e-08
19.2423 0.28125 -4.56062e-08
20.0277 0.28125 -6.01343e-08
20.8131 0.28125 -2.08234e-08
21.5984 0.28125 -5.36236e-08
22.3838 0.28125 9.50758e-08
23.1692 0.28125 9.8928e-08
23.9546 0.28125 8.91095e-08
24.74 0.28125 9.22016e-08

0.392699 0.34375 9.06093e-08
1.1781 0.34375 8.24574e-08
1.9635 0.34375 8.2995e-08
2.74889 0.34375 1.15913e-07
3.53429 0.34375 9.75592e-08
4.31969 0.34375 1.57908e-07
5.10509 0.34375 1.16216e-07
5.89049 0.34375 9.28526e-08
6.67588 0.34375 7.21684e-08
7.46128 0.34375 4.8251e-08
8.24668 0.34375 -1.94891e-09
9.03208 0.34375 4.4724e-10
9.81748 0.34375 -1.52484e-08
10.6029 0.34375 -2.26983e-08
11.3883 0.34375 -6.48546e-08
12.1737 0.34375 -7.6832e-08
12.9591 0.34375 -1.463e-07
13.7445 0.34375 -1.31417e-07
14.5299 0.34375 -1.28655e-07
15.3153 0.34375 -1.53551e-07
16.1007 0.34375 -1.34078e-07
16.8861 0.34375 -1.02078e-07
17.6715 0.34375 -8.39823e-08
18.4569 0.34375 -8.79682e-08
19.2423 0.34375 -4.67465e-08
20.0277 0.34375 -6.0581e-08
20.8131 0.34375 -1.782e-08
21.5984 0.34375 -5.0087e-08
22.3838 0.34375 8.83742e-08
23.1692 0.34375 9.48097e-08
23.9546 0.34375 9.17442e-08
24.74 0.34375 9.25803e-08

0.392699 0.40625 9.11983e-08
1.1781 0.40625 8.45528e-08
1.9635 0.40625 8.42421e-08
2.74889 0.40625 1.14845e-07
3.53429 0.40625 9.89674e-08
4.31969 0.40625 1.5629e-07
5.10509 0.40625 1.15498e-07
5.89049 0.40625 9.3434e-08
6.67588 0.40625 6.92101e-08
7.46128 0.40625 4.91577e-08
8.24668 0.40625 -7.70342e-11
9.03208 0.40625 2.49834e-09
9.81748 0.40625 -1.62359e-08
10.6029 0.40625 -2.48048e-08
11.3883 0.40625 -6.65667e-08
12.1737 0.40625 -7.84631e-08
12.9591 0.40625 -1.43104e-07
13.7445 0.40625 -1.30538e-07
14.5299 0.40625 -1.28853e-07
15.3153 0.40625 -1.51613e-07
16.1007 0.40625 -1.33399e-07
16.8861 0.40625 -1.02837e-07
17.6715 0.40625 -8.48224e-08
18.4569 0.40625 -8.81141e-08
19.2423 0.40625 -4.70412e-08
20.0277 0.40625 -6.06636e-08
20.8131 0.40625 -1.5948e-08
21.5984 0.40625 -4.6585e-08
22.3838 0.40625 8.33161e-08
23.1692 0.40625 9.02315e-08
23.9546 0.40625 9.36124e-08
24.74 0.40625 9.25715e-08

0.392699 0.46875 9.19739e-08
1.1781 0.46875 8.65816e-08
1.9635 0.46875 8.57569e-08
2.74889 0.46875 1.14244e-07
3.53429 0.46875 1.00206e-07
4.31969 0.46875 1.54871e-07
5.10509 0.46875 1.14989e-07
5.89049 0.46875 9.41717e-08
6.67588 0.46875 6.70866e-08
7.46128 0.46875 5.01956e-08
8.24668 0.46875 1.3624e-09
9.03208 0.46875 4.15533e-09
9.81748 0.46875 -1.74764e-08
10.6029 0.46875 -2.69983e-08
11.3883 0.46875 -6.82415e-08
12.1737 0.46875 -8.03236e-08
12.9591 0.46875 -1.40579e-07
13.7445 0.46875 -1.29738e-07
14.5299 0.46875 -1.28416e-07
15.3153 0.46875 -1.49166e-07
16.1007 0.46875 -1.32642e-07
16.8861 0.46875 -1.04014e-07
17.6715 0.46875 -8.58931e-08
18.4569 0.46875 -8.85782e-08
19.2423 0.46875 -4.71603e-08
20.0277 0.46875 -6.01125e-08
20.8131 0.46875 -1.42291e-08
21.5984 0.46875 -4.40227e-08
22.3838 0.46875 7.87475e-08
23.1692 0.46875 8.69842e-08
23.9546 0.46875 9.44748e-08
24.74 0.46875 9.16712e-08

0.392699 0.53125 9.23864e-08
1.1781 0.53125 8.86132e-08
1.9635 0.53125 8.75081e-08
2.74889 0.53125 1.13887e-07
3.53429 0.53125 1.01527e-07
4.31969 0.53125 1.53588e-07
5.10509 0.53125 1.14138e-07
5.89049 0.53125 9.53983e-08
6.67588 0.53125 6.55294e-08
7.46128 0.53125 5.06619e-08
8.24668 0.53125 2.43077e-09
9.03208 0.53125 6.00907e-09
9.81748 0.53125 -1.86061e-08
10.6029 0.53125 -2.93691e-08
11.3883 0.53125 -6.96612e-08
12.1737 0.53125 -8.22319e-08
12.9591 0.53125 -1.38503e-07
13.7445 0.53125 -1.29071e-07
14.5299 0.53125 -1.28064e-07
15.3153 0.53125 -1.46478e-07
16.1007 0.53125 -1.31535e-07
16.8861 0.53125 -1.05211e-07
17.6715 0.53125 -8.68746e-08
18.4569 0.53125 -8.88963e-08
19.2423 0.53125 -4.70625e-08
20.0277 0.53125 -5.96651e-08
20.8131 0.53125 -1.34534e-08
21.5984 0.53125 -4.10884e-08
22.3838 0.53125 7.56765e-08
23.1692 0.53125 8.33366e-08
23.9546 0.53125 9.44895e-08
24.74 0.53125 9.04153e-08

0.392699 0.59375 9.29001e-08
1.1781 0.59375 9.01765e-08
1.9635 0.59375 8.90629e-08
2.74889 0.59375 1.14241e-07
3.53429 0.59375 1.02509e-07
4.31969 0.59375 1.51809e-07
5.10509 0.59375 1.13444e-07
5.89049 0.59375 9.70311e-08
6.67588 0.59375 6.45921e-08
7.46128 0.59375 5.04763e-08
8.24668 0.59375 2.73253e-09
9.03208 0.59375 8.07656e-09
9.81748 0.59375 -1.96019e-08
10.6029 0.59375 -3.15696e-08
11.3883 0.59375 -7.04451e-08
12.1737 0.59375 -8.35325e-08
12.9591 0.59375 -1.36892e-07
13.7445 0.59375 -1.29075e-07
14.5299 0.59375 -1.28011e-07
15.3153 0.59375 -1.43904e-07
16.1007 0.59375 -1.30004e-07
16.8861 0.59375 -1.06143e-07
17.6715 0.59375 -8.74734e-08
18.4569 0.59375 -8.93168e-08
19.2423 0.59375 -4.72836e-08
20.0277 0.59375 -5.93912e-08
20.8131 0.59375 -1.27301e-08
21.5984 0.59375 -3.84844e-08
22.3838 0.59375 7.30087e-08
23.1692 0.59375 8.06325e-08
23.9546 0.59375 9.40715e-08
24.74 0.59375 8.8857e-08

0.392699 0.65625 9.30106e-08
1.1781 0.65625 9.14219e-08
1.9635 0.65625 9.06585e-08
2.74889 0.65625 1.14868e-07
3.53429 0.65625 1.03347e-07
4.31969 0.65625 1.4953e-07
5.10509 0.65625 1.12263e-07
5.89049 0.65625 9.88526e-08
6.67588 0.65625 6.40763e-08
7.46128 0.65625 5.0002e-08
8.24668 0.65625 2.47158e-09
9.03208 0.65625 1.00469e-08
9.81748 0.65625 -2.04289e-08
10.6029 0.65625 -3.32348e-08
11.3883 0.65625 -7.04713e-08
12.1737 0.65625 -8.43112e-08
12.9591 0.65625 -1.35144e-07
13.7445 0.65625 -1.29267e-07
14.5299 0.65625 -1.28704e-07
15.3153 0.65625 -1.42016e-07
16.1007 0.65625 -1.28296e-07
16.8861 0.65625 -1.06885e-07
17.6715 0.65625 -8.81067e-08
18.4569 0.65625 -8.96433e-08
19.2423 0.65625 -4.73828e-08
20.0277 0.65625 -5.94299e-08
20.8131 0.65625 -1.25335e-08
21.5984 0.65625 -3.56746e-08
22.3838 0.65625 7.09653e-08
23.1692 0.65625 7.79698e-08
23.9546 0.65625 9.41151e-08
24.74 0.65625 8.76323e-08

0.392699 0.71875 9.31853e-08
1.1781 0.71875 9.21305e-08
1.9635 0.71875 9.22982e-08
2.74889 0.71875 1.16004e-07
3.53429 0.71875 1.03896e-07
4.31969 0.71875 1.46679e-07
5.10509 0.71875 1.10838e-07
5.89049 0.71875 1.00517e-07
6.67588 0.71875 6.40899e-08
7.46128 0.71875 5.00367e-08
8.24668 0.71875 1.66247e-09
9.03208 0.71875 1.13035e-08
9.81748 0.71875 -2.12527e-08
10.6029 0.71875 -3.40485e-08
11.3883 0.71875 -7.00023e-08
12.1737 0.71875 -8.49064e-08
12.9591 0.71875 -1.33219e-07
13.7445 0.71875 -1.29404e-07
14.5299 0.71875 -1.29774e-07
15.3153 0.71875 -1.41091e-07
16.1007 0.71875 -1.26823e-07
16.8861 0.71875 -1.07485e-07
17.6715 0.71875 -8.87925e-08
18.4569 0.71875 -9.02405e-08
19.2423 0.71875 -4.75281e-08
20.0277 0.71875 -5.90931e-08
20.8131 0.71875 -1.19908e-08
21.5984 0.71875 -3.35153e-08
22.3838 0.71875 6.8287e-08
23.1692 0.71875 7.59784e-08
23.9546 0.71875 9.49375e-08
24.74 0.71875 8.69476e-08

0.392699 0.78125 9.33245e-08
1.1781 0.78125 9.26242e-08
1.9635 0.78125 9.41793e-08
2.74889 0.78125 1.17131e-07
3.53429 0.78125 1.04751e-07
4.31969 0.78125 1.44062e-07
5.10509 0.78125 1.08861e-07
5.89049 0.78125 1.01564e-07
6.67588 0.78125 6.40919e-08
7.46128 0.78125 5.09066e-08
8.24668 0.78125 8.63491e-10
9.03208 0.78125 1.19085e-08
9.81748 0.78125 -2.18632e-08
10.6029 0.78125 -3.3938e-08
11.3883 0.78125 -6.9616e-08
12.1737 0.78125 -8.62049e-08
12.9591 0.78125 -1.30959e-07
13.7445 0.78125 -1.28852e-07
14.5299 0.78125 -1.30868e-07
15.3153 0.78125 -1.40989e-07
16.1007 0.78125 -1.26042e-07
16.8861 0.78125 -1.08198e-07
17.6715 0.78125 -8.95676e-08
18.4569 0.78125 -9.05914e-08
19.2423 0.78125 -4.73442e-08
20.0277 0.78125 -5.83733e-08
20.8131 0.78125 -1.14106e-08
21.5984 0.78125 -3.13602e-08
22.3838 0.78125 6.54071e-08
23.1692 0.78125 7.32273e-08
23.9546 0.78125 9.59965e-08
24.74 0.78125 8.68393e-08

0.392699 0.84375 9.38277e-08
1.1781 0.84375 9.34933e-08
1.9635 0.84375 9.59772e-08
2.74889 0.84375 1.17766e-07
3.53429 0.84375 1.05727e-07
4.31969 0.84375 1.42298e-07
5.10509 0.84375 1.07125e-07
5.89049 0.84375 1.01897e-07
6.67588 0.84375 6.36724e-08
7.46128 0.84375 5.21796e-08
8.24668 0.84375 1.8695e-10
9.03208 0.84375 1.23337e-08
9.81748 0.84375 -2.20462e-08
10.6029 0.84375 -3.31701e-08
11.3883 0.84375 -6.92671e-08
12.1737 0.84375 -8.81438e-08
12.9591 0.84375 -1.29279e-07
13.7445 0.84375 -1.27936e-07
14.5299 0.84375 -1.31406e-07
15.3153 0.84375 -1.41286e-07
16.1007 0.84375 -1.2581e-07
16.8861 0.84375 -1.08785e-07
17.6715 0.84375 -9.00886e-08
18.4569 0.84375 -9.09797e-08
19.2423 0.84375 -4.71926e-08
20.0277 0.84375 -5.72711e-08
20.8131 0.84375 -1.0457e-08
21.5984 0.84375 -2.93679e-08
22.3838 0.84375 6.24348e-08
23.1692 0.84375 7.02805e-08
23.9546 0.84375 9.64028e-08
24.74 0.84375 8.63903e-08

0.392699 0.90625 9.45584e-08
1.1781 0.90625 9.51019e-08
1.9635 0.90625 9.74894e-08
2.74889 0.90625 1.1721e-07
3.53429 0.90625 1.06752e-07
4.31969 0.90625 1.41627e-07
5.10509 0.90625 1.05769e-07
5.89049 0.90625 1.01722e-07
6.67588 0.90625 6.2612e-08
7.46128 0.90625 5.34151e-08
8.24668 0.90625 -3.2973e-11
9.03208 0.90625 1.30979e-08
9.81748 0.90625 -2.18452e-08
10.6029 0.90625 -3.2255e-08
11.3883 0.90625 -6.92243e-08
12.1737 0.90625 -9.03562e-08
12.9591 0.90625 -1.27916e-07
13.7445 0.90625 -1.27025e-07
14.5299 0.90625 -1.31671e-07
15.3153 0.90625 -1.41304e-07
16.1007 0.90625 -1.25703e-07
16.8861 0.90625 -1.09352e-07
17.6715 0.90625 -9.04501e-08
18.4569 0.90625 -9.11384e-08
19.2423 0.90625 -4.69753e-08
20.0277 0.90625 -5.64386e-08
20.8131 0.90625 -9.78479e-09
21.5984 0.90625 -2.67553e-08
22.3838 0.90625 6.0677e-08
23.1692 0.90625 6.68118e-08
23.9546 0.90625 9.55531e-08
24.74 0.90625 8.53065e-08

0.392699 0.96875 9.5414e-08
1.1781 0.96875 9.69722e-08
1.9635 0.96875 9.8563e-08
2.74889 0.96875 1.16116e-07
3.53429 0.96875 1.07327e-07
4.31969 0.96875 1.41265e-07
5.10509 0.96875 1.04906e-07
5.89049 0.96875 1.01691e-07
6.67588 0.96875 6.1579e-08
7.46128 0.96875 5.42444e-08
8.24668 0.96875 -1.62065e-10
9.03208 0.96875 1.44268e-08
9.81748 0.96875 -2.14005e-08
10.6029 0.96875 -3.19527e-08
11.3883 0.96875 -6.93949e-08
12.1737 0.96875 -9.21965e-08
12.9591 0.96875 -1.27247e-07
13.7445 0.96875 -1.26499e-07
14.5299 0.96875 -1.31544e-07
15.3153 0.96875 -1.40579e-07
16.1007 0.96875 -1.25305e-07
16.8861 0.96875 -1.10034e-07
17.6715 0.96875 -9.08808e-08
18.4569 0.96875 -9.16642e-08
19.2423 0.96875 -4.67422e-08
20.0277 0.96875 -5.55003e-08
20.8131 0.96875 -9.27021e-09
21.5984 0.96875 -2.42953e-08
22.3838 0.96875 5.9994e-08
23.1692 0.96875 6.39453e-08
23.9546 0.96875 9.39606e-08
24.74 0.96875 8.3716e-08

0.392699 1.03125 9.6116e-08
1.1781 1.03125 9.81596e-08
1.9635 1.03125 9.94612e-08
2.74889 1.03125 1.15375e-07
3.53429 1.03125 1.0772e-07
4.31969 1.03125 1.40437e-07
5.10509 1.03125 1.03916e-07
5.89049 1.03125 1.02142e-07
6.67588 1.03125 6.10321e-08
7.46128 1.03125 5.47631e-08
8.24668 1.03125 -2.48262e-10
9.03208 1.03125 1.6218e-08
9.81748 1.03125 -2.09629e-08
10.6029 1.03125 -3.23354e-08
11.3883 1.03125 -7.0327e-08
12.1737 1.03125 -9.40377e-08
12.9591 1.03125 -1.26327e-07
13.7445 1.03125 -1.25876e-07
14.5299 1.03125 -1.31305e-07
15.3153 1.03125 -1.39162e-07
16.1007 1.03125 -1.24579e-07
16.8861 1.03125 -1.11147e-07
17.6715 1.03125 -9.19346e-08
18.4569 1.03125 -9.23567e-08
19.2423 1.03125 -4.58238e-08
20.0277 1.03125 -5.43457e-08
20.8131 1.03125 -9.48248e-09
21.5984 1.03125 -2.21684e-08
22.3838 1.03125 6.02851e-08
23.1692 1.03125 6.14101e-08
23.9546 1.03125 9.22272e-08
24.74 1.03125 8.25728e-08

0.392699 1.09375 9.66986e-08
1.1781 1.09375 9.8376e-08
1.9635 1.09375 1.00241e-07
2.74889 1.09375 1.15595e-07
3.53429 1.09375 1.07771e-07
4.31969 1.09375 1.3903e-07
5.10509 1.09375 1.03061e-07
5.89049 1.09375 1.03049e-07
6.67588 1.09375 6.07135e-08
7.46128 1.09375 5.48948e-08
8.24668 1.09375 -4.35524e-10
9.03208 1.09375 1.81788e-08
9.81748 1.09375 -2.07578e-08
10.6029 1.09375 -3.31672e-08
11.3883 1.09375 -7.11988e-08
12.1737 1.09375 -9.59462e-08
12.9591 1.09375 -1.25645e-07
13.7445 1.09375 -1.24908e-07
14.5299 1.09375 -1.3094e-07
15.3153 1.09375 -1.37763e-07
16.1007 1.09375 -1.23439e-07
16.8861 1.09375 -1.11897e-07
17.6715 1.09375 -9.34577e-08
18.4569 1.09375 -9.40854e-08
19.2423 1.09375 -4.4744e-08
20.0277 1.09375 -5.26403e-08
20.8131 1.09375 -1.00491e-08
21.5984 1.09375 -2.10502e-08
22.3838 1.09375 6.06775e-08
23.1692 1.09375 5.97344e-08
23.9546 1.09375 9.12272e-08
24.74 1.09375 8.22387e-08

0.392699 1.15625 9.70089e-08
1.1781 1.15625 9.77669e-08
1.9635 1.15625 1.00977e-07
2.74889 1.15625 1.16331e-07
3.53429 1.15625 1.08001e-07
4.31969 1.15625 1.3776e-07
5.10509 1.15625 1.02404e-07
5.89049 1.15625 1.03598e-07
6.67588 1.15625 5.98554e-08
7.46128 1.15625 5.52016e-08
8.24668 1.15625 -1.96213e-10
9.03208 1.15625 1.98418e-08
9.81748 1.15625 -2.13223e-08
10.6029 1.15625 -3.36712e-08
11.3883 1.15625 -7.17316e-08
12.1737 1.15625 -9.82573e-08
12.9591 1.15625 -1.24353e-07
13.7445 1.15625 -1.23524e-07
14.5299 1.15625 -1.30884e-07
15.3153 1.15625 -1.36799e-07
16.1007 1.15625 -1.22431e-07
16.8861 1.15625 -1.12281e-07
17.6715 1.15625 -9.49401e-08
18.4569 1.15625 -9.5938e-08
19.2423 1.15625 -4.38933e-08
20.0277 1.15625 -5.13417e-08
20.8131 1.15625 -1.09953e-08
21.5984 1.15625 -2.02153e-08
22.3838 1.15625 6.10633e-08
23.1692 1.15625 5.85191e-08
23.9546 1.15625 9.11123e-08
24.74 1.15625 8.26413e-08

0.392699 1.21875 9.67585e-08
1.1781 1.21875 9.73508e-08
1.9635 1.21875 1.0165e-07
2.74889 1.21875 1.16966e-07
3.53429 1.21875 1.08328e-07
4.31969 1.21875 1.37041e-07
5.10509 1.21875 1.02077e-07
5.89049 1.21875 1.03715e-07
6.67588 1.21875 5.84756e-08
7.46128 1.21875 5.57045e-08
8.24668 1.21875 2.45484e-10
9.03208 1.21875 2.12581e-08
9.81748 1.21875 -2.25707e-08
10.6029 1.21875 -3.40233e-08
11.3883 1.21875 -7.09516e-08
12.1737 1.21875 -1.00499e-07
12.9591 1.21875 -1.23441e-07
13.7445 1.21875 -1.22251e-07
14.5299 1.21875 -1.30989e-07
15.3153 1.21875 -1.36431e-07
16.1007 1.21875 -1.21827e-07
16.8861 1.21875 -1.12158e-07
17.6715 1.21875 -9.58894e-08
18.4569 1.21875 -9.77698e-08
19.2423 1.21875 -4.36615e-08
20.0277 1.21875 -5.03591e-08
20.8131 1.21875 -1.17403e-08
21.5984 1.21875 -1.98609e-08
22.3838 1.21875 6.09954e-08
23.1692 1.21875 5.82701e-08
23.9546 1.21875 9.21814e-08
24.74 1.21875 8.26867e-08

0.392699 1.28125 9.59189e-08
1.1781 1.28125 9.72688e-08
1.9635 1.28125 1.02259e-07
2.74889 1.28125 1.1729e-07
3.53429 1.28125 1.09256e-07
4.31969 1.28125 1.36586e-07
5.10509 1.28125 1.01488e-07
5.89049 1.28125 1.03673e-07
6.67588 1.28125 5.71678e-08
7.46128 1.28125 5.65645e-08
8.24668 1.28125 7.2334e-10
9.03208 1.28125 2.25389e-08
9.81748 1.28125 -2.43922e-08
10.6029 1.28125 -3.42237e-08
11.3883 1.28125 -6.96421e-08
12.1737 1.28125 -1.02741e-07
12.9591 1.28125 -1.22095e-07
13.7445 1.28125 -1.21381e-07
14.5299 1.28125 -1.31557e-07
15.3153 1.28125 -1.36354e-07
16.1007 1.28125 -1.21824e-07
16.8861 1.28125 -1.12208e-07
17.6715 1.28125 -9.63709e-08
18.4569 1.28125 -9.82817e-08
19.2423 1.28125 -4.32483e-08
20.0277 1.28125 -5.004e-08
20.8131 1.28125 -1.2636e-08
21.5984 1.28125 -1.94789e-08
22.3838 1.28125 6.08216e-08
23.1692 1.28125 5.84681e-08
23.9546 1.28125 9.37513e-08
24.74 1.28125 8.19713e-08

0.392699 1.34375 9.46872e-08
1.1781 1.34375 9.78487e-08
1.9635 1.34375 1.02828e-07
2.74889 1.34375 1.17535e-07
3.53429 1.34375 1.10522e-07
4.31969 1.34375 1.3593e-07
5.10509 1.34375 1.00585e-07
5.89049 1.34375 1.04283e-07
6.67588 1.34375 5.62225e-08
7.46128 1.34375 5.69252e-08
8.24668 1.34375 4.9406e-10
9.03208 1.34375 2.41396e-08
9.81748 1.34375 -2.59937e-08
10.6029 1.34375 -3.49268e-08
11.3883 1.34375 -6.75979e-08
12.1737 1.34375 -1.04553e-07
12.9591 1.34375 -1.21554e-07
13.7445 1.34375 -1.20976e-07
14.5299 1.34375 -1.32211e-07
15.3153 1.34375 -1.36473e-07
16.1007 1.34375 -1.21762e-07
16.8861 1.34375 -1.11822e-07
17.6715 1.34375 -9.68219e-08
18.4569 1.34375 -9.85311e-08
19.2423 1.34375 -4.24213e-08
20.0277 1.34375 -4.95091e-08
20.8131 1.34375 -1.36208e-08
21.5984 1.34375 -1.95423e-08
22.3838 1.34375 6.06798e-08
23.1692 1.34375 5.90329e-08
23.9546 1.34375 9.55818e-08
24.74 1.34375 8.02897e-08

0.392699 1.40625 9.40304e-08
1.1781 1.40625 9.87036e-08
1.9635 1.40625 1.03241e-07
2.74889 1.40625 1.17794e-07
3.53429 1.40625 1.12326e-07
4.31969 1.40625 1.35023e-07
5.10509 1.40625 9.92008e-08
5.89049 1.40625 1.05244e-07
6.67588 1.40625 5.54517e-08
7.46128 1.40625 5.70357e-08
8.24668 1.40625 -1.27389e-10
9.03208 1.40625 2.59319e-08
9.81748 1.40625 -2.72091e-08
10.6029 1.40625 -3.54846e-08
11.3883 1.40625 -6.60655e-08
12.1737 1.40625 -1.06807e-07
12.9591 1.40625 -1.20779e-07
13.7445 1.40625 -1.20632e-07
14.5299 1.40625 -1.32997e-07
15.3153 1.40625 -1.36188e-07
16.1007 1.40625 -1.21241e-07
16.8861 1.40625 -1.11526e-07
17.6715 1.40625 -9.78697e-08
18.4569 1.40625 -9.80401e-08
19.2423 1.40625 -4.09084e-08
20.0277 1.40625 -4.93268e-08
20.8131 1.40625 -1.49492e-08
21.5984 1.40625 -1.92678e-08
22.3838 1.40625 6.0917e-08
23.1692 1.40625 5.89657e-08
23.9546 1.40625 9.66002e-08
24.74 1.40625 7.82072e-08

0.392699 1.46875 9.42739e-08
1.1781 1.46875 1.00569e-07
1.9635 1.46875 1.0351e-07
2.74889 1.46875 1.17452e-07
3.53429 1.46875 1.13846e-07
4.31969 1.46875 1.34128e-07
5.10509 1.46875 9.76753e-08
5.89049 1.46875 1.06551e-07
6.67588 1.46875 5.45048e-08
7.46128 1.46875 5.6861e-08
8.24668 1.46875 -1.06471e-09
9.03208 1.46875 2.79697e-08
9.81748 1.46875 -2.75939e-08
10.6029 1.46875 -3.61355e-08
11.3883 1.46875 -6.42883e-08
12.1737 1.46875 -1.0929e-07
12.9591 1.46875 -1.21091e-07
13.7445 1.46875 -1.20161e-07
14.5299 1.46875 -1.33236e-07
15.3153 1.46875 -1.35425e-07
16.1007 1.46875 -1.1987e-07
16.8861 1.46875 -1.10706e-07
17.6715 1.46875 -9.99814e-08
18.4569 1.46875 -9.85347e-08
19.2423 1.46875 -3.92731e-08
20.0277 1.46875 -4.85565e-08
20.8131 1.46875 -1.60019e-08
21.5984 1.46875 -1.90521e-08
22.3838 1.46875 6.11941e-08
23.1692 1.46875 5.82044e-08
23.9546 1.46875 9.70199e-08
24.74 1.46875 7.57359e-08

0.392699 1.53125 9.59182e-08
1.1781 1.53125 1.02645e-07
1.9635 1.53125 1.03275e-07
2.74889 1.53125 1.16485e-07
3.53429 1.53125 1.1507e-07
4.31969 1.53125 1.33179e-07
5.10509 1.53125 9.61027e-08
5.89049 1.53125 1.07842e-07
6.67588 1.53125 5.32295e-08
7.46128 1.53125 5.72614e-08
8.24668 1.53125 -1.37228e-09
9.03208 1.53125 2.98745e-08
9.81748 1.53125 -2.78782e-08
10.6029 1.53125 -3.61589e-08
11.3883 1.53125 -6.30078e-08
12.1737 1.53125 -1.12585e-07
12.9591 1.53125 -1.2076e-07
13.7445 1.53125 -1.19204e-07
14.5299 1.53125 -1.33378e-07
15.3153 1.53125 -1.34232e-07
16.1007 1.53125 -1.18191e-07
16.8861 1.53125 -1.10309e-07
17.6715 1.53125 -1.03027e-07
18.4569 1.53125 -9.88404e-08
19.2423 1.53125 -3.74611e-08
20.0277 1.53125 -4.81262e-08
20.8131 1.53125 -1.68497e-08
21.5984 1.53125 -1.81174e-08
22.3838 1.53125 6.14059e-08
23.1692 1.53125 5.64611e-08
23.9546 1.53125 9.65395e-08
24.74 1.53125 7.34057e-08

0.392699 1.59375 9.80068e-08
1.1781 1.59375 1.05486e-07
1.9635 1.59375 1.02781e-07
2.74889 1.59375 1.14521e-07
3.53429 1.59375 1.15328e-07
4.31969 1.59375 1.32257e-07
5.10509 1.59375 9.51566e-08
5.89049 1.59375 1.09671e-07
6.67588 1.59375 5.14976e-08
7.46128 1.59375 5.77097e-08
8.24668 1.59375 -1.4635e-09
9.03208 1.59375 3.18361e-08
9.81748 1.59375 -2.78151e-08
10.6029 1.59375 -3.64342e-08
11.3883 1.59375 -6.08581e-08
12.1737 1.59375 -1.15567e-07
12.9591 1.59375 -1.21451e-07
13.7445 1.59375 -1.18247e-07
14.5299 1.59375 -1.33233e-07
15.3153 1.59375 -1.33287e-07
16.1007 1.59375 -1.1624e-07
16.8861 1.59375 -1.09315e-07
17.6715 1.59375 -1.0689e-07
18.4569 1.59375 -1.0033e-07
19.2423 1.59375 -3.53705e-08
20.0277 1.59375 -4.71047e-08
20.8131 1.59375 -1.76439e-08
21.5984 1.59375 -1.72259e-08
22.3838 1.59375 6.16085e-08
23.1692 1.59375 5.45848e-08
23.9546 1.59375 9.61901e-08
24.74 1.59375 7.09904e-08

0.392699 1.65625 1.00761e-07
1.1781 1.65625 1.0779e-07
1.9635 1.65625 1.01574e-07
2.74889 1.65625 1.12357e-07
3.53429 1.65625 1.15345e-07
4.31969 1.65625 1.31532e-07
5.10509 1.65625 9.49334e-08
5.89049 1.65625 1.11448e-07
6.67588 1.65625 4.93833e-08
7.46128 1.65625 5.84956e-08
8.24668 1.65625 -1.03693e-09
9.03208 1.65625 3.36205e-08
9.81748 1.65625 -2.83298e-08
10.6029 1.65625 -3.63383e-08
11.3883 1.65625 -5.87294e-08
12.1737 1.65625 -1.19051e-07
12.9591 1.65625 -1.2156e-07
13.7445 1.65625 -1.1724e-07
14.5299 1.65625 -1.33561e-07
15.3153 1.65625 -1.32336e-07
16.1007 1.65625 -1.14262e-07
16.8861 1.65625 -1.09093e-07
17.6715 1.65625 -1.11385e-07
18.4569 1.65625 -1.00761e-07
19.2423 1.65625 -3.21886e-08
20.0277 1.65625 -4.69486e-08
20.8131 1.65625 -1.90115e-08
21.5984 1.65625 -1.55771e-08
22.3838 1.65625 6.1837e-08
23.1692 1.65625 5.28243e-08
23.9546 1.65625 9.58102e-08
24.74 1.65625 6.87701e-08

0.392699 1.71875 1.03081e-07
1.1781 1.71875 1.10865e-07
1.9635 1.71875 1.00149e-07
2.74889 1.71875 1.09353e-07
3.53429 1.71875 1.15086e-07
4.31969 1.71875 1.31479e-07
5.10509 1.71875 9.55633e-08
5.89049 1.71875 1.13265e-07
6.67588 1.71875 4.67834e-08
7.46128 1.71875 5.85479e-08
8.24668 1.71875 -1.34404e-09
9.03208 1.71875 3.58484e-08
9.81748 1.71875 -2.83516e-08
10.6029 1.71875 -3.69697e-08
11.3883 1.71875 -5.55316e-08
12.1737 1.71875 -1.21967e-07
12.9591 1.71875 -1.23334e-07
13.7445 1.71875 -1.16571e-07
14.5299 1.71875 -1.33296e-07
15.3153 1.71875 -1.31462e-07
16.1007 1.71875 -1.12273e-07
16.8861 1.71875 -1.08636e-07
17.6715 1.71875 -1.16727e-07
18.4569 1.71875 -1.01937e-07
19.2423 1.71875 -2.75978e-08
20.0277 1.71875 -4.60593e-08
20.8131 1.71875 -2.09602e-08
21.5984 1.71875 -1.43168e-08
22.3838 1.71875 6.18942e-08
23.1692 1.71875 5.1597e-08
23.9546 1.71875 9.6413e-08
24.74 1.71875 6.63893e-08

0.392699 1.78125 1.06129e-07
1.1781 1.78125 1.12963e-07
1.9635 1.78125 9.77595e-08
2.74889 1.78125 1.06949e-07
3.53429 1.78125 1.15646e-07
4.31969 1.78125 1.31999e-07
5.10509 1.78125 9.59967e-08
5.89049 1.78125 1.14168e-07
6.67588 1.78125 4.42408e-08
7.46128 1.78125 5.85426e-08
8.24668 1.78125 -1.71627e-09
9.03208 1.78125 3.8501e-08
9.81748 1.78125 -2.87304e-08
10.6029 1.78125 -3.7134e-08
11.3883 1.78125 -5.25811e-08
12.1737 1.78125 -1.26049e-07
12.9591 1.78125 -1.24565e-07
13.7445 1.78125 -1.15127e-07
14.5299 1.78125 -1.33083e-07
15.3153 1.78125 -1.3046e-07
16.1007 1.78125 -1.10788e-07
16.8861 1.78125 -1.09723e-07
17.6715 1.78125 -1.22284e-07
18.4569 1.78125 -1.01224e-07
19.2423 1.78125 -2.1625e-08
20.0277 1.78125 -4.60982e-08
20.8131 1.78125 -2.33862e-08
21.5984 1.78125 -1.25861e-08
22.3838 1.78125 6.13266e-08
23.1692 1.78125 5.06061e-08
23.9546 1.78125 9.71796e-08
24.74 1.78125 6.40378e-08

0.392699 1.84375 1.084e-07
1.1781 1.84375 1.16022e-07
1.9635 1.84375 9.54106e-08
2.74889 1.84375 1.03755e-07
3.53429 1.84375 1.1655e-07
4.31969 1.84375 1.33077e-07
5.10509 1.84375 9.6132e-08
5.89049 1.84375 1.14978e-07
6.67588 1.84375 4.1868e-08
7.46128 1.84375 5.80371e-08
8.24668 1.84375 -2.98621e-09
9.03208 1.84375 4.18043e-08
9.81748 1.84375 -2.8284e-08
10.6029 1.84375 -3.82382e-08
11.3883 1.84375 -4.87124e-08
12.1737 1.84375 -1.29419e-07
12.9591 1.84375 -1.27265e-07
13.7445 1.84375 -1.13544e-07
14.5299 1.84375 -1.32247e-07
15.3153 1.84375 -1.30166e-07
16.1007 1.84375 -1.09746e-07
16.8861 1.84375 -1.09932e-07
17.6715 1.84375 -1.27692e-07
18.4569 1.84375 -1.01895e-07
19.2423 1.84375 -1.47651e-08
20.0277 1.84375 -4.47149e-08
20.8131 1.84375 -2.67076e-08
21.5984 1.84375 -1.19986e-08
22.3838 1.84375 6.10165e-08
23.1692 1.84375 4.99207e-08
23.9546 1.84375 9.85169e-08
24.74 1.84375 6.16393e-08

0.392699 1.90625 1.11286e-07
1.1781 1.90625 1.17463e-07
1.9635 1.90625 9.25934e-08
2.74889 1.90625 1.01966e-07
3.53429 1.90625 1.17948e-07
4.31969 1.90625 1.34012e-07
5.10509 1.90625 9.53313e-08
5.89049 1.90625 1.15401e-07
6.67588 1.90625 4.00974e-08
7.46128 1.90625 5.81382e-08
8.24668 1.90625 -3.53123e-09
9.03208 1.90625 4.47258e-08
9.81748 1.90625 -2.84892e-08
10.6029 1.90625 -3.87515e-08
11.3883 1.90625 -4.55836e-08
12.1737 1.90625 -1.33886e-07
12.9591 1.90625 -1.28295e-07
13.7445 1.90625 -1.10878e-07
14.5299 1.90625 -1.3275e-07
15.3153 1.90625 -1.30193e-07
16.1007 1.90625 -1.08877e-07
16.8861 1.90625 -1.10994e-07
17.6715 1.90625 -1.31595e-07
18.4569 1.90625 -1.01115e-07
19.2423 1.90625 -8.46428e-09
20.0277 1.90625 -4.4522e-08
20.8131 1.90625 -3.04826e-08
21.5984 1.90625 -1.11116e-08
22.3838 1.90625 6.10322e-08
23.1692 1.90625 4.94518e-08
23.9546 1.90625 9.92322e-08
24.74 1.90625 5.95962e-08

0.392699 1.96875 1.11339e-07
1.1781 1.96875 1.21181e-07
1.9635 1.96875 9.22195e-08
2.74889 1.96875 9.79111e-08
3.53429 1.96875 1.18268e-07
4.31969 1.96875 1.34895e-07
5.10509 1.96875 9.47735e-08
5.89049 1.96875 1.17237e-07
6.67588 1.96875 3.83732e-08
7.46128 1.96875 5.78245e-08
8.24668 1.96875 -5.61734e-09
9.03208 1.96875 4.65792e-08
9.81748 1.96875 -2.63595e-08
10.6029 1.96875 -4.06586e-08
11.3883 1.96875 -4.23126e-08
12.1737 1.96875 -1.34752e-07
12.9591 1.96875 -1.30678e-07
13.7445 1.96875 -1.11033e-07
14.5299 1.96875 -1.32815e-07
15.3153 1.96875 -1.30041e-07
16.1007 1.96875 -1.08412e-07
16.8861 1.96875 -1.09198e-07
17.6715 1.96875 -1.34166e-07
18.4569 1.96875 -1.04676e-07
19.2423 1.96875 -3.43035e-09
20.0277 1.96875 -4.12552e-08
20.8131 1.96875 -3.45318e-08
21.5984 1.96875 -1.20054e-08
22.3838 1.96875 6.24211e-08
23.1692 1.96875 4.85571e-08
23.9546 1.96875 1.00361e-07
24.74 1.96875 5.87085e-08

