0.392699 0.03125 6.02882e-09
0.392699 0.09375 6.08325e-09
0.392699 0.15625 6.22454e-09
0.392699 0.21875 6.46831e-09
0.392699 0.28125 6.25069e-09
0.392699 0.34375 5.54939e-09
0.392699 0.40625 4.27675e-09
0.392699 0.46875 2.61593e-09
0.392699 0.53125 6.93373e-10
0.392699 0.59375 -1.17381e-09
0.392699 0.65625 -2.6713e-09
0.392699 0.71875 -3.71097e-09
0.392699 0.78125 -4.5175e-09
0.392699 0.84375 -5.62671e-09
0.392699 0.90625 -7.20101e-09
0.392699 0.96875 -9.11145e-09
0.392699 1.03125 -1.06894e-08
0.392699 1.09375 -1.16816e-08
0.392699 1.15625 -1.18835e-08
0.392699 1.21875 -1.18699e-08
0.392699 1.28125 -1.18311e-08
0.392699 1.34375 -1.24427e-08
0.392699 1.40625 -1.35392e-08
0.392699 1.46875 -1.55777e-08
0.392699 1.53125 -1.78797e-08
0.392699 1.59375 -2.07806e-08
0.392699 1.65625 -2.32897e-08
0.392699 1.71875 -2.6086e-08
0.392699 1.78125 -2.7996e-08
0.392699 1.84375 -3.0079e-08
0.392699 1.90625 -3.06339e-08
0.392699 1.96875 -3.18057e-08
1.1781 0.03125 4.04654e-09
1.1781 0.09375 6.32596e-09
1.1781 0.15625 7.62146e-09
1.1781 0.21875 8.43171e-09
1.1781 0.28125 8.34332e-09
1.1781 0.34375 7.68663e-09
1.1781 0.40625 6.33679e-09
1.1781 0.46875 4.68026e-09
1.1781 0.53125 2.79114e-09
1.1781 0.59375 1.03405e-09
1.1781 0.65625 -5.16606e-10
1.1781 0.71875 -1.73487e-09
1.1781 0.78125 -2.80941e-09
1.1781 0.84375 -3.94058e-09
1.1781 0.90625 -5.23652e-09
1.1781 0.96875 -6.54903e-09
1.1781 1.03125 -7.53144e-09
1.1781 1.09375 -8.07835e-09
1.1781 1.15625 -8.24265e-09
1.1781 1.21875 -8.51776e-09
1.1781 1.28125 -9.00638e-09
1.1781 1.34375 -9.9183e-09
1.1781 1.40625 -1.07553e-08
1.1781 1.46875 -1.15699e-08
1.1781 1.53125 -1.17669e-08
1.1781 1.59375 -1.17546e-08
1.1781 1.65625 -1.09557e-08
1.1781 1.71875 -1.00629e-08
1.1781 1.78125 -8.27018e-09
1.1781 1.84375 -6.64836e-09
1.1781 1.90625 -4.59913e-09
1.1781 1.96875 -4.58548e-09
1.9635 0.03125 -6.2349e-08
1.9635 0.09375 -6.18461e-08
1.9635 0.15625 -6.03897e-08
1.9635 0.21875 -5.88295e-08
1.9635 0.28125 -5.63952e-08
1.9635 0.34375 -5.39529e-08
1.9635 0.40625 -5.1298e-08
1.9635 0.46875 -4.90736e-08
1.9635 0.53125 -4.71422e-08
1.9635 0.59375 -4.57771e-08
1.9635 0.65625 -4.47272e-08
1.9635 0.71875 -4.39245e-08
1.9635 0.78125 -4.30421e-08
1.9635 0.84375 -4.18962e-08
1.9635 0.90625 -4.04819e-08
1.9635 0.96875 -3.90171e-08
1.9635 1.03125 -3.79315e-08
1.9635 1.09375 -3.7275e-08
1.9635 1.15625 -3.712e-08
1.9635 1.21875 -3.69955e-08
1.9635 1.28125 -3.69315e-08
1.9635 1.34375 -3.6365e-08
1.9635 1.40625 -3.55153e-08
1.9635 1.46875 -3.36779e-08
1.9635 1.53125 -3.15375e-08
1.9635 1.59375 -2.84545e-08
1.9635 1.65625 -2.57038e-08
1.9635 1.71875 -2.21723e-08
1.9635 1.78125 -1.96317e-08
1.9635 1.84375 -1.6308e-08
1.9635 1.90625 -1.50067e-08
1.9635 1.96875 -1.17609e-08
2.74889 0.03125 -3.91013e-08
2.74889 0.09375 -4.12973e-08
2.74889 0.15625 -4.29926e-08
2.74889 0.21875 -4.41215e-08
2.74889 0.28125 -4.44438e-08
2.74889 0.34375 -4.39185e-08
2.74889 0.40625 -4.28314e-08
2.74889 0.46875 -4.14083e-08
2.74889 0.53125 -4.00298e-08
2.74889 0.59375 -3.87794e-08
2.74889 0.65625 -3.78333e-08
2.74889 0.71875 -3.70006e-08
2.74889 0.78125 -3.62597e-08
2.74889 0.84375 -3.52936e-08
2.74889 0.90625 -3.42434e-08
2.74889 0.96875 -3.31096e-08
2.74889 1.03125 -3.23651e-08
2.74889 1.09375 -3.19141e-08
2.74889 1.15625 -3.1972e-08
2.74889 1.21875 -3.21029e-08
2.74889 1.28125 -3.25637e-08
2.74889 1.34375 -3.28952e-08
2.74889 1.40625 -3.34328e-08
2.74889 1.46875 -3.35486e-08
2.74889 1.53125 -3.38211e-08
2.74889 1.59375 -3.37105e-08
2.74889 1.65625 -3.41374e-08
2.74889 1.71875 -3.44368e-08
2.74889 1.78125 -3.56845e-08
2.74889 1.84375 -3.68368e-08
2.74889 1.90625 -3.85349e-08
2.74889 1.96875 -3.82877e-08
3.53429 0.03125 -8.24675e-08
3.53429 0.09375 -8.00759e-08
3.53429 0.15625 -7.84704e-08
3.53429 0.21875 -7.67079e-08
3.53429 0.28125 -7.53059e-08
3.53429 0.34375 -7.37223e-08
3.53429 0.40625 -7.2262e-08
3.53429 0.46875 -7.06011e-08
3.53429 0.53125 -6.89077e-08
3.53429 0.59375 -6.70008e-08
3.53429 0.65625 -6.50124e-08
3.53429 0.71875 -6.29604e-08
3.53429 0.78125 -6.10621e-08
3.53429 0.84375 -5.95195e-08
3.53429 0.90625 -5.83835e-08
3.53429 0.96875 -5.7575e-08
3.53429 1.03125 -5.67585e-08
3.53429 1.09375 -5.59176e-08
3.53429 1.15625 -5.49529e-08
3.53429 1.21875 -5.42056e-08
3.53429 1.28125 -5.35159e-08
3.53429 1.34375 -5.31543e-08
3.53429 1.40625 -5.2783e-08
3.53429 1.46875 -5.28751e-08
3.53429 1.53125 -5.3033e-08
3.53429 1.59375 -5.386e-08
3.53429 1.65625 -5.47185e-08
3.53429 1.71875 -5.64849e-08
3.53429 1.78125 -5.82763e-08
3.53429 1.84375 -6.11175e-08
3.53429 1.90625 -6.31503e-08
3.53429 1.96875 -6.60203e-08
4.31969 0.03125 -4.43499e-08
4.31969 0.09375 -4.60949e-08
4.31969 0.15625 -4.66947e-08
4.31969 0.21875 -4.6932e-08
4.31969 0.28125 -4.62746e-08
4.31969 0.34375 -4.56695e-08
4.31969 0.40625 -4.45775e-08
4.31969 0.46875 -4.35148e-08
4.31969 0.53125 -4.19792e-08
4.31969 0.59375 -4.04447e-08
4.31969 0.65625 -3.8558e-08
4.31969 0.71875 -3.67248e-08
4.31969 0.78125 -3.4742e-08
4.31969 0.84375 -3.31419e-08
4.31969 0.90625 -3.18231e-08
4.31969 0.96875 -3.09775e-08
4.31969 1.03125 -3.0111e-08
4.31969 1.09375 -2.92941e-08
4.31969 1.15625 -2.82668e-08
4.31969 1.21875 -2.72514e-08
4.31969 1.28125 -2.58799e-08
4.31969 1.34375 -2.43014e-08
4.31969 1.40625 -2.23078e-08
4.31969 1.46875 -2.04782e-08
4.31969 1.53125 -1.87608e-08
4.31969 1.59375 -1.77464e-08
4.31969 1.65625 -1.69726e-08
4.31969 1.71875 -1.68168e-08
4.31969 1.78125 -1.63097e-08
4.31969 1.84375 -1.59391e-08
4.31969 1.90625 -1.47376e-08
4.31969 1.96875 -1.46472e-08
5.10509 0.03125 1.5164e-10
5.10509 0.09375 -8.22594e-10
5.10509 0.15625 -2.5216e-09
5.10509 0.21875 -4.58571e-09
5.10509 0.28125 -7.15956e-09
5.10509 0.34375 -9.60363e-09
5.10509 0.40625 -1.20038e-08
5.10509 0.46875 -1.40215e-08
5.10509 0.53125 -1.59812e-08
5.10509 0.59375 -1.77948e-08
5.10509 0.65625 -1.96897e-08
5.10509 0.71875 -2.14281e-08
5.10509 0.78125 -2.2991e-08
5.10509 0.84375 -2.42094e-08
5.10509 0.90625 -2.52798e-08
5.10509 0.96875 -2.63107e-08
5.10509 1.03125 -2.74686e-08
5.10509 1.09375 -2.8673e-08
5.10509 1.15625 -2.97988e-08
5.10509 1.21875 -3.0711e-08
5.10509 1.28125 -3.14272e-08
5.10509 1.34375 -3.20974e-08
5.10509 1.40625 -3.28937e-08
5.10509 1.46875 -3.40596e-08
5.10509 1.53125 -3.57182e-08
5.10509 1.59375 -3.79028e-08
5.10509 1.65625 -4.02584e-08
5.10509 1.71875 -4.23655e-08
5.10509 1.78125 -4.36882e-08
5.10509 1.84375 -4.42311e-08
5.10509 1.90625 -4.4426e-08
5.10509 1.96875 -4.5183e-08
5.89049 0.03125 -6.27112e-09
5.89049 0.09375 -4.32973e-09
5.89049 0.15625 -2.82759e-09
5.89049 0.21875 -1.48852e-09
5.89049 0.28125 -3.01961e-10
5.89049 0.34375 8.29579e-10
5.89049 0.40625 1.80899e-09
5.89049 0.46875 2.52507e-09
5.89049 0.53125 2.83415e-09
5.89049 0.59375 2.64861e-09
5.89049 0.65625 2.01055e-09
5.89049 0.71875 1.12613e-09
5.89049 0.78125 3.43711e-10
5.89049 0.84375 -6.56057e-11
5.89049 0.90625 -9.95342e-11
5.89049 0.96875 -3.57452e-11
5.89049 1.03125 -1.20881e-10
5.89049 1.09375 -2.99719e-10
5.89049 1.15625 -3.27835e-10
5.89049 1.21875 -1.0065e-10
5.89049 1.28125 2.06418e-10
5.89049 1.34375 3.93031e-10
5.89049 1.40625 3.79418e-10
5.89049 1.46875 3.01646e-10
5.89049 1.53125 2.87017e-10
5.89049 1.59375 5.86288e-10
5.89049 1.65625 1.25557e-09
5.89049 1.71875 2.435e-09
5.89049 1.78125 3.75328e-09
5.89049 1.84375 5.11684e-09
5.89049 1.90625 5.88635e-09
5.89049 1.96875 6.76088e-09
6.67588 0.03125 -3.71548e-09
6.67588 0.09375 -5.86143e-09
6.67588 0.15625 -7.59997e-09
6.67588 0.21875 -8.88158e-09
6.67588 0.28125 -9.55887e-09
6.67588 0.34375 -9.94339e-09
6.67588 0.40625 -1.01455e-08
6.67588 0.46875 -1.02823e-08
6.67588 0.53125 -1.03173e-08
6.67588 0.59375 -1.03587e-08
6.67588 0.65625 -1.06366e-08
6.67588 0.71875 -1.13318e-08
6.67588 0.78125 -1.24996e-08
6.67588 0.84375 -1.38516e-08
6.67588 0.90625 -1.51733e-08
6.67588 0.96875 -1.62128e-08
6.67588 1.03125 -1.70603e-08
6.67588 1.09375 -1.76552e-08
6.67588 1.15625 -1.82304e-08
6.67588 1.21875 -1.87457e-08
6.67588 1.28125 -1.94174e-08
6.67588 1.34375 -2.00357e-08
6.67588 1.40625 -2.07435e-08
6.67588 1.46875 -2.12591e-08
6.67588 1.53125 -2.17104e-08
6.67588 1.59375 -2.17302e-08
6.67588 1.65625 -2.15993e-08
6.67588 1.71875 -2.12159e-08
6.67588 1.78125 -2.11824e-08
6.67588 1.84375 -2.12559e-08
6.67588 1.90625 -2.15418e-08
6.67588 1.96875 -2.12166e-08
7.46128 0.03125 8.38577e-09
7.46128 0.09375 8.67837e-09
7.46128 0.15625 8.32096e-09
7.46128 0.21875 7.61658e-09
7.46128 0.28125 6.33986e-09
7.46128 0.34375 5.21998e-09
7.46128 0.40625 4.11805e-09
7.46128 0.46875 3.63101e-09
7.46128 0.53125 3.58328e-09
7.46128 0.59375 4.25652e-09
7.46128 0.65625 5.17869e-09
7.46128 0.71875 6.23897e-09
7.46128 0.78125 6.90057e-09
7.46128 0.84375 7.23409e-09
7.46128 0.90625 7.22672e-09
7.46128 0.96875 7.34521e-09
7.46128 1.03125 7.62583e-09
7.46128 1.09375 8.10242e-09
7.46128 1.15625 8.3995e-09
7.46128 1.21875 8.60845e-09
7.46128 1.28125 8.78174e-09
7.46128 1.34375 9.26603e-09
7.46128 1.40625 9.86849e-09
7.46128 1.46875 1.06053e-08
7.46128 1.53125 1.11212e-08
7.46128 1.59375 1.16595e-08
7.46128 1.65625 1.19908e-08
7.46128 1.71875 1.25388e-08
7.46128 1.78125 1.29145e-08
7.46128 1.84375 1.35588e-08
7.46128 1.90625 1.374e-08
7.46128 1.96875 1.42805e-08
8.24668 0.03125 -1.35248e-09
8.24668 0.09375 -5.15489e-10
8.24668 0.15625 -5.92034e-11
8.24668 0.21875 -3.65732e-10
8.24668 0.28125 -1.54196e-09
8.24668 0.34375 -3.02444e-09
8.24668 0.40625 -4.46556e-09
8.24668 0.46875 -5.67357e-09
8.24668 0.53125 -6.73907e-09
8.24668 0.59375 -7.69515e-09
8.24668 0.65625 -8.4359e-09
8.24668 0.71875 -8.84235e-09
8.24668 0.78125 -8.9253e-09
8.24668 0.84375 -8.93785e-09
8.24668 0.90625 -9.03124e-09
8.24668 0.96875 -9.30023e-09
8.24668 1.03125 -9.65139e-09
8.24668 1.09375 -1.01846e-08
8.24668 1.15625 -1.08735e-08
8.24668 1.21875 -1.17872e-08
8.24668 1.28125 -1.27602e-08
8.24668 1.34375 -1.3856e-08
8.24668 1.40625 -1.49446e-08
8.24668 1.46875 -1.60694e-08
8.24668 1.53125 -1.70686e-08
8.24668 1.59375 -1.80598e-08
8.24668 1.65625 -1.91055e-08
8.24668 1.71875 -2.0428e-08
8.24668 1.78125 -2.21192e-08
8.24668 1.84375 -2.4008e-08
8.24668 1.90625 -2.57642e-08
8.24668 1.96875 -2.64564e-08
9.03208 0.03125 -1.37396e-08
9.03208 0.09375 -1.15072e-08
9.03208 0.15625 -9.74471e-09
9.03208 0.21875 -7.82836e-09
9.03208 0.28125 -6.44975e-09
9.03208 0.34375 -5.33358e-09
9.03208 0.40625 -4.57345e-09
9.03208 0.46875 -3.98008e-09
9.03208 0.53125 -3.7554e-09
9.03208 0.59375 -3.85565e-09
9.03208 0.65625 -4.12677e-09
9.03208 0.71875 -4.28556e-09
9.03208 0.78125 -4.14227e-09
9.03208 0.84375 -3.85642e-09
9.03208 0.90625 -3.53559e-09
9.03208 0.96875 -3.46673e-09
9.03208 1.03125 -3.45749e-09
9.03208 1.09375 -3.55751e-09
9.03208 1.15625 -3.31336e-09
9.03208 1.21875 -3.0154e-09
9.03208 1.28125 -2.48507e-09
9.03208 1.34375 -2.4364e-09
9.03208 1.40625 -2.43112e-09
9.03208 1.46875 -2.93911e-09
9.03208 1.53125 -3.01368e-09
9.03208 1.59375 -3.47366e-09
9.03208 1.65625 -3.46028e-09
9.03208 1.71875 -4.424e-09
9.03208 1.78125 -4.95834e-09
9.03208 1.84375 -6.5789e-09
9.03208 1.90625 -7.07231e-09
9.03208 1.96875 -9.62888e-09
9.81748 0.03125 -1.71392e-08
9.81748 0.09375 -1.74057e-08
9.81748 0.15625 -1.71037e-08
9.81748 0.21875 -1.59157e-08
9.81748 0.28125 -1.36757e-08
9.81748 0.34375 -1.11962e-08
9.81748 0.40625 -8.59417e-09
9.81748 0.46875 -6.23914e-09
9.81748 0.53125 -3.99421e-09
9.81748 0.59375 -2.1003e-09
9.81748 0.65625 -5.47711e-10
9.81748 0.71875 5.02593e-10
9.81748 0.78125 1.19005e-09
9.81748 0.84375 1.68669e-09
9.81748 0.90625 2.2058e-09
9.81748 0.96875 2.918e-09
9.81748 1.03125 3.77231e-09
9.81748 1.09375 4.85714e-09
9.81748 1.15625 6.01741e-09
9.81748 1.21875 7.45039e-09
9.81748 1.28125 8.91598e-09
9.81748 1.34375 1.06206e-08
9.81748 1.40625 1.22199e-08
9.81748 1.46875 1.40579e-08
9.81748 1.53125 1.58344e-08
9.81748 1.59375 1.79857e-08
9.81748 1.65625 2.01313e-08
9.81748 1.71875 2.27048e-08
9.81748 1.78125 2.53949e-08
9.81748 1.84375 2.84994e-08
9.81748 1.90625 3.12687e-08
9.81748 1.96875 3.31356e-08
10.6029 0.03125 2.32744e-08
10.6029 0.09375 2.15163e-08
10.6029 0.15625 2.04127e-08
10.6029 0.21875 1.97624e-08
10.6029 0.28125 1.98462e-08
10.6029 0.34375 2.01345e-08
10.6029 0.40625 2.04514e-08
10.6029 0.46875 2.05334e-08
10.6029 0.53125 2.05085e-08
10.6029 0.59375 2.03007e-08
10.6029 0.65625 1.99138e-08
10.6029 0.71875 1.9205e-08
10.6029 0.78125 1.83329e-08
10.6029 0.84375 1.74719e-08
10.6029 0.90625 1.69666e-08
10.6029 0.96875 1.68476e-08
10.6029 1.03125 1.70387e-08
10.6029 1.09375 1.70795e-08
10.6029 1.15625 1.66748e-08
10.6029 1.21875 1.56049e-08
10.6029 1.28125 1.41189e-08
10.6029 1.34375 1.24686e-08
10.6029 1.40625 1.09731e-08
10.6029 1.46875 9.66497e-09
10.6029 1.53125 8.46676e-09
10.6029 1.59375 7.28263e-09
10.6029 1.65625 5.95609e-09
10.6029 1.71875 4.71745e-09
10.6029 1.78125 3.36808e-09
10.6029 1.84375 2.4129e-09
10.6029 1.90625 1.35745e-09
10.6029 1.96875 1.58906e-09
11.3883 0.03125 3.00874e-08
11.3883 0.09375 2.88428e-08
11.3883 0.15625 2.78977e-08
11.3883 0.21875 2.70576e-08
11.3883 0.28125 2.65777e-08
11.3883 0.34375 2.62229e-08
11.3883 0.40625 2.59759e-08
11.3883 0.46875 2.5578e-08
11.3883 0.53125 2.51753e-08
11.3883 0.59375 2.47395e-08
11.3883 0.65625 2.45504e-08
11.3883 0.71875 2.46638e-08
11.3883 0.78125 2.53207e-08
11.3883 0.84375 2.63472e-08
11.3883 0.90625 2.76583e-08
11.3883 0.96875 2.88712e-08
11.3883 1.03125 3.0014e-08
11.3883 1.09375 3.0915e-08
11.3883 1.15625 3.17846e-08
11.3883 1.21875 3.24222e-08
11.3883 1.28125 3.30691e-08
11.3883 1.34375 3.35549e-08
11.3883 1.40625 3.43334e-08
11.3883 1.46875 3.51969e-08
11.3883 1.53125 3.64997e-08
11.3883 1.59375 3.76698e-08
11.3883 1.65625 3.90539e-08
11.3883 1.71875 4.00521e-08
11.3883 1.78125 4.13728e-08
11.3883 1.84375 4.22988e-08
11.3883 1.90625 4.36507e-08
11.3883 1.96875 4.4046e-08
12.1737 0.03125 6.20762e-08
12.1737 0.09375 6.02731e-08
12.1737 0.15625 5.83003e-08
12.1737 0.21875 5.54083e-08
12.1737 0.28125 5.18848e-08
12.1737 0.34375 4.81505e-08
12.1737 0.40625 4.45017e-08
12.1737 0.46875 4.11159e-08
12.1737 0.53125 3.80152e-08
12.1737 0.59375 3.54264e-08
12.1737 0.65625 3.3264e-08
12.1737 0.71875 3.17052e-08
12.1737 0.78125 3.04877e-08
12.1737 0.84375 2.97866e-08
12.1737 0.90625 2.90859e-08
12.1737 0.96875 2.84796e-08
12.1737 1.03125 2.74357e-08
12.1737 1.09375 2.65093e-08
12.1737 1.15625 2.53885e-08
12.1737 1.21875 2.47688e-08
12.1737 1.28125 2.40021e-08
12.1737 1.34375 2.37523e-08
12.1737 1.40625 2.32284e-08
12.1737 1.46875 2.33261e-08
12.1737 1.53125 2.31338e-08
12.1737 1.59375 2.37105e-08
12.1737 1.65625 2.39668e-08
12.1737 1.71875 2.5132e-08
12.1737 1.78125 2.59101e-08
12.1737 1.84375 2.75008e-08
12.1737 1.90625 2.82542e-08
12.1737 1.96875 2.95267e-08
12.9591 0.03125 3.51475e-08
12.9591 0.09375 3.79818e-08
12.9591 0.15625 4.02727e-08
12.9591 0.21875 4.1735e-08
12.9591 0.28125 4.17567e-08
12.9591 0.34375 4.09039e-08
12.9591 0.40625 3.93368e-08
12.9591 0.46875 3.76895e-08
12.9591 0.53125 3.60681e-08
12.9591 0.59375 3.48986e-08
12.9591 0.65625 3.40268e-08
12.9591 0.71875 3.34086e-08
12.9591 0.78125 3.26717e-08
12.9591 0.84375 3.18539e-08
12.9591 0.90625 3.08713e-08
12.9591 0.96875 2.98039e-08
12.9591 1.03125 2.84828e-08
12.9591 1.09375 2.70084e-08
12.9591 1.15625 2.54828e-08
12.9591 1.21875 2.42078e-08
12.9591 1.28125 2.31975e-08
12.9591 1.34375 2.24454e-08
12.9591 1.40625 2.16477e-08
12.9591 1.46875 2.08088e-08
12.9591 1.53125 1.97752e-08
12.9591 1.59375 1.89027e-08
12.9591 1.65625 1.79479e-08
12.9591 1.71875 1.72841e-08
12.9591 1.78125 1.60578e-08
12.9591 1.84375 1.48961e-08
12.9591 1.90625 1.28335e-08
12.9591 1.96875 1.26345e-08
13.7445 0.03125 -1.00945e-08
13.7445 0.09375 -9.63777e-09
13.7445 0.15625 -8.86492e-09
13.7445 0.21875 -7.48694e-09
13.7445 0.28125 -5.56762e-09
13.7445 0.34375 -3.79702e-09
13.7445 0.40625 -2.20453e-09
13.7445 0.46875 -1.02561e-09
13.7445 0.53125 1.33962e-10
13.7445 0.59375 1.24947e-09
13.7445 0.65625 2.6316e-09
13.7445 0.71875 3.92067e-09
13.7445 0.78125 5.09172e-09
13.7445 0.84375 5.73409e-09
13.7445 0.90625 6.15616e-09
13.7445 0.96875 6.24384e-09
13.7445 1.03125 6.3975e-09
13.7445 1.09375 6.38703e-09
13.7445 1.15625 6.6363e-09
13.7445 1.21875 6.86669e-09
13.7445 1.28125 7.45649e-09
13.7445 1.34375 7.85271e-09
13.7445 1.40625 8.34241e-09
13.7445 1.46875 8.33082e-09
13.7445 1.53125 8.39126e-09
13.7445 1.59375 7.98815e-09
13.7445 1.65625 7.74649e-09
13.7445 1.71875 6.87857e-09
13.7445 1.78125 6.04865e-09
13.7445 1.84375 4.66758e-09
13.7445 1.90625 4.01474e-09
13.7445 1.96875 3.59245e-09
14.5299 0.03125 1.40374e-08
14.5299 0.09375 1.3035e-08
14.5299 0.15625 1.2267e-08
14.5299 0.21875 1.15319e-08
14.5299 0.28125 1.13348e-08
14.5299 0.34375 1.13905e-08
14.5299 0.40625 1.1624e-08
14.5299 0.46875 1.17063e-08
14.5299 0.53125 1.17098e-08
14.5299 0.59375 1.1683e-08
14.5299 0.65625 1.19161e-08
14.5299 0.71875 1.2462e-08
14.5299 0.78125 1.32851e-08
14.5299 0.84375 1.40692e-08
14.5299 0.90625 1.4638e-08
14.5299 0.96875 1.48938e-08
14.5299 1.03125 1.50535e-08
14.5299 1.09375 1.52671e-08
14.5299 1.15625 1.56649e-08
14.5299 1.21875 1.60801e-08
14.5299 1.28125 1.64239e-08
14.5299 1.34375 1.65157e-08
14.5299 1.40625 1.64328e-08
14.5299 1.46875 1.61137e-08
14.5299 1.53125 1.5763e-08
14.5299 1.59375 1.51854e-08
14.5299 1.65625 1.45419e-08
14.5299 1.71875 1.34813e-08
14.5299 1.78125 1.26141e-08
14.5299 1.84375 1.16071e-08
14.5299 1.90625 1.12426e-08
14.5299 1.96875 9.49905e-09
15.3153 0.03125 7.88448e-09
15.3153 0.09375 8.45228e-09
15.3153 0.15625 8.80164e-09
15.3153 0.21875 8.92071e-09
15.3153 0.28125 8.81415e-09
15.3153 0.34375 8.94571e-09
15.3153 0.40625 9.19914e-09
15.3153 0.46875 9.5385e-09
15.3153 0.53125 9.56663e-09
15.3153 0.59375 9.27843e-09
15.3153 0.65625 8.65178e-09
15.3153 0.71875 8.07216e-09
15.3153 0.78125 7.70166e-09
15.3153 0.84375 7.68397e-09
15.3153 0.90625 7.7805e-09
15.3153 0.96875 7.92224e-09
15.3153 1.03125 8.01283e-09
15.3153 1.09375 8.19622e-09
15.3153 1.15625 8.42042e-09
15.3153 1.21875 8.69398e-09
15.3153 1.28125 8.833e-09
15.3153 1.34375 8.87348e-09
15.3153 1.40625 8.76412e-09
15.3153 1.46875 8.68582e-09
15.3153 1.53125 8.5921e-09
15.3153 1.59375 8.54834e-09
15.3153 1.65625 8.40849e-09
15.3153 1.71875 8.35922e-09
15.3153 1.78125 8.44061e-09
15.3153 1.84375 8.72057e-09
15.3153 1.90625 8.84753e-09
15.3153 1.96875 8.63477e-09
16.1007 0.03125 -9.20417e-09
16.1007 0.09375 -8.1527e-09
16.1007 0.15625 -7.40537e-09
16.1007 0.21875 -6.38448e-09
16.1007 0.28125 -5.2708e-09
16.1007 0.34375 -3.81247e-09
16.1007 0.40625 -2.09625e-09
16.1007 0.46875 -8.08636e-11
16.1007 0.53125 1.92558e-09
16.1007 0.59375 3.64686e-09
16.1007 0.65625 4.84593e-09
16.1007 0.71875 5.51642e-09
16.1007 0.78125 5.9001e-09
16.1007 0.84375 6.21985e-09
16.1007 0.90625 6.75874e-09
16.1007 0.96875 7.51462e-09
16.1007 1.03125 8.5026e-09
16.1007 1.09375 9.34302e-09
16.1007 1.15625 9.98776e-09
16.1007 1.21875 1.01517e-08
16.1007 1.28125 1.00875e-08
16.1007 1.34375 9.58971e-09
16.1007 1.40625 9.11454e-09
16.1007 1.46875 8.37825e-09
16.1007 1.53125 7.86233e-09
16.1007 1.59375 6.97299e-09
16.1007 1.65625 6.40306e-09
16.1007 1.71875 5.55302e-09
16.1007 1.78125 5.50708e-09
16.1007 1.84375 5.24282e-09
16.1007 1.90625 5.947e-09
16.1007 1.96875 5.62025e-09
16.8861 0.03125 -1.3349e-08
16.8861 0.09375 -1.31712e-08
16.8861 0.15625 -1.24582e-08
16.8861 0.21875 -1.16221e-08
16.8861 0.28125 -1.02819e-08
16.8861 0.34375 -8.90859e-09
16.8861 0.40625 -7.18583e-09
16.8861 0.46875 -5.46767e-09
16.8861 0.53125 -3.54357e-09
16.8861 0.59375 -1.85117e-09
16.8861 0.65625 -3.22903e-10
16.8861 0.71875 6.68623e-10
16.8861 0.78125 1.33101e-09
16.8861 0.84375 1.62823e-09
16.8861 0.90625 1.99967e-09
16.8861 0.96875 2.50263e-09
16.8861 1.03125 3.31581e-09
16.8861 1.09375 4.1365e-09
16.8861 1.15625 4.85528e-09
16.8861 1.21875 5.27419e-09
16.8861 1.28125 5.61022e-09
16.8861 1.34375 6.08554e-09
16.8861 1.40625 7.10988e-09
16.8861 1.46875 8.78506e-09
16.8861 1.53125 1.10882e-08
16.8861 1.59375 1.38093e-08
16.8861 1.65625 1.68936e-08
16.8861 1.71875 2.02451e-08
16.8861 1.78125 2.37025e-08
16.8861 1.84375 2.68151e-08
16.8861 1.90625 2.89785e-08
16.8861 1.96875 2.96956e-08
17.6715 0.03125 2.48832e-08
17.6715 0.09375 2.49548e-08
17.6715 0.15625 2.49072e-08
17.6715 0.21875 2.50544e-08
17.6715 0.28125 2.50832e-08
17.6715 0.34375 2.51759e-08
17.6715 0.40625 2.52026e-08
17.6715 0.46875 2.53996e-08
17.6715 0.53125 2.56457e-08
17.6715 0.59375 2.61209e-08
17.6715 0.65625 2.65028e-08
17.6715 0.71875 2.68611e-08
17.6715 0.78125 2.68124e-08
17.6715 0.84375 2.67206e-08
17.6715 0.90625 2.64423e-08
17.6715 0.96875 2.65901e-08
17.6715 1.03125 2.68715e-08
17.6715 1.09375 2.77783e-08
17.6715 1.15625 2.85059e-08
17.6715 1.21875 2.94201e-08
17.6715 1.28125 2.96888e-08
17.6715 1.34375 3.03781e-08
17.6715 1.40625 3.07754e-08
17.6715 1.46875 3.21883e-08
17.6715 1.53125 3.32327e-08
17.6715 1.59375 3.53919e-08
17.6715 1.65625 3.66673e-08
17.6715 1.71875 3.90779e-08
17.6715 1.78125 3.97144e-08
17.6715 1.84375 4.15347e-08
17.6715 1.90625 4.09929e-08
17.6715 1.96875 4.44885e-08
18.4569 0.03125 1.08148e-08
18.4569 0.09375 1.04686e-08
18.4569 0.15625 9.903e-09
18.4569 0.21875 9.83965e-09
18.4569 0.28125 9.70133e-09
18.4569 0.34375 9.6164e-09
18.4569 0.40625 9.18382e-09
18.4569 0.46875 8.782e-09
18.4569 0.53125 8.34617e-09
18.4569 0.59375 8.14766e-09
18.4569 0.65625 7.92254e-09
18.4569 0.71875 7.72303e-09
18.4569 0.78125 7.37599e-09
18.4569 0.84375 7.03132e-09
18.4569 0.90625 6.61284e-09
18.4569 0.96875 6.15358e-09
18.4569 1.03125 5.56736e-09
18.4569 1.09375 4.9886e-09
18.4569 1.15625 4.50088e-09
18.4569 1.21875 4.10479e-09
18.4569 1.28125 3.69807e-09
18.4569 1.34375 3.10291e-09
18.4569 1.40625 2.2637e-09
18.4569 1.46875 9.84174e-10
18.4569 1.53125 -7.05134e-10
18.4569 1.59375 -3.15253e-09
18.4569 1.65625 -6.36858e-09
18.4569 1.71875 -1.08847e-08
18.4569 1.78125 -1.6262e-08
18.4569 1.84375 -2.23134e-08
18.4569 1.90625 -2.69953e-08
18.4569 1.96875 -2.98407e-08
19.2423 0.03125 4.41098e-08
19.2423 0.09375 4.34098e-08
19.2423 0.15625 4.30965e-08
19.2423 0.21875 4.26735e-08
19.2423 0.28125 4.24768e-08
19.2423 0.34375 4.19111e-08
19.2423 0.40625 4.10502e-08
19.2423 0.46875 3.97602e-08
19.2423 0.53125 3.84585e-08
19.2423 0.59375 3.71362e-08
19.2423 0.65625 3.6e-08
19.2423 0.71875 3.47861e-08
19.2423 0.78125 3.37257e-08
19.2423 0.84375 3.25609e-08
19.2423 0.90625 3.15517e-08
19.2423 0.96875 3.01426e-08
19.2423 1.03125 2.86051e-08
19.2423 1.09375 2.65175e-08
19.2423 1.15625 2.48216e-08
19.2423 1.21875 2.32115e-08
19.2423 1.28125 2.25879e-08
19.2423 1.34375 2.18429e-08
19.2423 1.40625 2.17029e-08
19.2423 1.46875 2.0639e-08
19.2423 1.53125 1.9987e-08
19.2423 1.59375 1.80807e-08
19.2423 1.65625 1.70559e-08
19.2423 1.71875 1.47036e-08
19.2423 1.78125 1.41534e-08
19.2423 1.84375 1.22997e-08
19.2423 1.90625 1.31928e-08
19.2423 1.96875 9.78807e-09
20.0277 0.03125 -1.47729e-09
20.0277 0.09375 -1.41121e-09
20.0277 0.15625 -4.15954e-10
20.0277 0.21875 -4.12307e-10
20.0277 0.28125 -1.46907e-10
20.0277 0.34375 -4.01853e-10
20.0277 0.40625 -2.94579e-10
20.0277 0.46875 -4.43938e-10
20.0277 0.53125 -2.24998e-10
20.0277 0.59375 -1.31472e-10
20.0277 0.65625 2.60741e-10
20.0277 0.71875 5.57897e-10
20.0277 0.78125 1.11489e-09
20.0277 0.84375 1.63945e-09
20.0277 0.90625 2.3564e-09
20.0277 0.96875 2.94496e-09
20.0277 1.03125 3.53046e-09
20.0277 1.09375 3.84809e-09
20.0277 1.15625 4.1193e-09
20.0277 1.21875 4.38506e-09
20.0277 1.28125 5.00139e-09
20.0277 1.34375 5.92755e-09
20.0277 1.40625 7.09695e-09
20.0277 1.46875 8.25571e-09
20.0277 1.53125 9.3538e-09
20.0277 1.59375 1.07116e-08
20.0277 1.65625 1.25904e-08
20.0277 1.71875 1.56573e-08
20.0277 1.78125 1.9663e-08
20.0277 1.84375 2.48981e-08
20.0277 1.90625 2.92532e-08
20.0277 1.96875 3.2644e-08
20.8131 0.03125 4.11752e-08
20.8131 0.09375 4.03325e-08
20.8131 0.15625 3.84277e-08
20.8131 0.21875 3.64245e-08
20.8131 0.28125 3.3531e-08
20.8131 0.34375 3.12856e-08
20.8131 0.40625 2.92457e-08
20.8131 0.46875 2.79952e-08
20.8131 0.53125 2.67331e-08
20.8131 0.59375 2.57484e-08
20.8131 0.65625 2.45552e-08
20.8131 0.71875 2.36469e-08
20.8131 0.78125 2.27175e-08
20.8131 0.84375 2.21707e-08
20.8131 0.90625 2.16316e-08
20.8131 0.96875 2.15894e-08
20.8131 1.03125 2.1674e-08
20.8131 1.09375 2.21909e-08
20.8131 1.15625 2.23727e-08
20.8131 1.21875 2.26436e-08
20.8131 1.28125 2.25031e-08
20.8131 1.34375 2.27985e-08
20.8131 1.40625 2.27757e-08
20.8131 1.46875 2.3234e-08
20.8131 1.53125 2.30655e-08
20.8131 1.59375 2.34482e-08
20.8131 1.65625 2.30495e-08
20.8131 1.71875 2.35086e-08
20.8131 1.78125 2.28885e-08
20.8131 1.84375 2.3397e-08
20.8131 1.90625 2.23729e-08
20.8131 1.96875 2.43462e-08
21.5984 0.03125 -3.97979e-08
21.5984 0.09375 -3.47009e-08
21.5984 0.15625 -3.15047e-08
21.5984 0.21875 -2.77102e-08
21.5984 0.28125 -2.50318e-08
21.5984 0.34375 -2.22042e-08
21.5984 0.40625 -2.01783e-08
21.5984 0.46875 -1.80881e-08
21.5984 0.53125 -1.67349e-08
21.5984 0.59375 -1.54718e-08
21.5984 0.65625 -1.46513e-08
21.5984 0.71875 -1.36208e-08
21.5984 0.78125 -1.2721e-08
21.5984 0.84375 -1.17742e-08
21.5984 0.90625 -1.12717e-08
21.5984 0.96875 -1.10167e-08
21.5984 1.03125 -1.11426e-08
21.5984 1.09375 -1.13578e-08
21.5984 1.15625 -1.17607e-08
21.5984 1.21875 -1.21586e-08
21.5984 1.28125 -1.26462e-08
21.5984 1.34375 -1.31896e-08
21.5984 1.40625 -1.38633e-08
21.5984 1.46875 -1.46221e-08
21.5984 1.53125 -1.53385e-08
21.5984 1.59375 -1.61427e-08
21.5984 1.65625 -1.681e-08
21.5984 1.71875 -1.77509e-08
21.5984 1.78125 -1.85153e-08
21.5984 1.84375 -2.01373e-08
21.5984 1.90625 -2.14334e-08
21.5984 1.96875 -2.37129e-08
22.3838 0.03125 -4.98151e-08
22.3838 0.09375 -5.26865e-08
22.3838 0.15625 -5.20246e-08
22.3838 0.21875 -5.02416e-08
22.3838 0.28125 -4.55555e-08
22.3838 0.34375 -4.13545e-08
22.3838 0.40625 -3.66193e-08
22.3838 0.46875 -3.31548e-08
22.3838 0.53125 -2.95975e-08
22.3838 0.59375 -2.69755e-08
22.3838 0.65625 -2.41222e-08
22.3838 0.71875 -2.17323e-08
22.3838 0.78125 -1.88971e-08
22.3838 0.84375 -1.63254e-08
22.3838 0.90625 -1.35537e-08
22.3838 0.96875 -1.13729e-08
22.3838 1.03125 -9.43036e-09
22.3838 1.09375 -8.22833e-09
22.3838 1.15625 -7.20955e-09
22.3838 1.21875 -6.66051e-09
22.3838 1.28125 -6.05566e-09
22.3838 1.34375 -5.68162e-09
22.3838 1.40625 -4.98238e-09
22.3838 1.46875 -4.19789e-09
22.3838 1.53125 -2.88116e-09
22.3838 1.59375 -1.53903e-09
22.3838 1.65625 1.37375e-10
22.3838 1.71875 1.61331e-09
22.3838 1.78125 3.22436e-09
22.3838 1.84375 4.20102e-09
22.3838 1.90625 4.99073e-09
22.3838 1.96875 4.97436e-09
23.1692 0.03125 3.03902e-08
23.1692 0.09375 2.5162e-08
23.1692 0.15625 2.00203e-08
23.1692 0.21875 1.5069e-08
23.1692 0.28125 1.08631e-08
23.1692 0.34375 7.46026e-09
23.1692 0.40625 4.72237e-09
23.1692 0.46875 2.57243e-09
23.1692 0.53125 9.62885e-10
23.1692 0.59375 -2.99485e-10
23.1692 0.65625 -1.45345e-09
23.1692 0.71875 -2.70144e-09
23.1692 0.78125 -3.89282e-09
23.1692 0.84375 -4.79894e-09
23.1692 0.90625 -5.07175e-09
23.1692 0.96875 -4.82723e-09
23.1692 1.03125 -4.21327e-09
23.1692 1.09375 -3.74516e-09
23.1692 1.15625 -3.56788e-09
23.1692 1.21875 -4.05248e-09
23.1692 1.28125 -4.95226e-09
23.1692 1.34375 -6.26814e-09
23.1692 1.40625 -7.45649e-09
23.1692 1.46875 -8.61649e-09
23.1692 1.53125 -9.46808e-09
23.1692 1.59375 -1.04045e-08
23.1692 1.65625 -1.13296e-08
23.1692 1.71875 -1.26189e-08
23.1692 1.78125 -1.40637e-08
23.1692 1.84375 -1.54539e-08
23.1692 1.90625 -1.6429e-08
23.1692 1.96875 -1.65797e-08
23.9546 0.03125 3.08756e-08
23.9546 0.09375 3.30899e-08
23.9546 0.15625 3.27909e-08
23.9546 0.21875 3.12172e-08
23.9546 0.28125 2.76559e-08
23.9546 0.34375 2.43206e-08
23.9546 0.40625 2.08808e-08
23.9546 0.46875 1.84465e-08
23.9546 0.53125 1.62956e-08
23.9546 0.59375 1.48867e-08
23.9546 0.65625 1.33959e-08
23.9546 0.71875 1.20077e-08
23.9546 0.78125 1.02265e-08
23.9546 0.84375 8.65136e-09
23.9546 0.90625 7.26126e-09
23.9546 0.96875 6.48444e-09
23.9546 1.03125 5.90438e-09
23.9546 1.09375 5.60035e-09
23.9546 1.15625 5.26347e-09
23.9546 1.21875 5.19581e-09
23.9546 1.28125 5.25871e-09
23.9546 1.34375 5.67592e-09
23.9546 1.40625 6.18871e-09
23.9546 1.46875 6.88998e-09
23.9546 1.53125 7.59393e-09
23.9546 1.59375 8.46473e-09
23.9546 1.65625 9.44496e-09
23.9546 1.71875 1.05114e-08
23.9546 1.78125 1.16783e-08
23.9546 1.84375 1.27095e-08
23.9546 1.90625 1.36916e-08
23.9546 1.96875 1.35474e-08
24.74 0.03125 2.14745e-08
24.74 0.09375 2.14526e-08
24.74 0.15625 2.23014e-08
24.74 0.21875 2.27243e-08
24.74 0.28125 2.28521e-08
24.74 0.34375 2.22976e-08
24.74 0.40625 2.1587e-08
24.74 0.46875 2.05712e-08
24.74 0.53125 1.95136e-08
24.74 0.59375 1.84476e-08
24.74 0.65625 1.75493e-08
24.74 0.71875 1.67252e-08
24.74 0.78125 1.57124e-08
24.74 0.84375 1.44411e-08
24.74 0.90625 1.28438e-08
24.74 0.96875 1.12692e-08
24.74 1.03125 9.73196e-09
24.74 1.09375 8.70422e-09
24.74 1.15625 8.15701e-09
24.74 1.21875 8.59265e-09
24.74 1.28125 9.5265e-09
24.74 1.34375 1.09828e-08
24.74 1.40625 1.19028e-08
24.74 1.46875 1.2495e-08
24.74 1.53125 1.20715e-08
24.74 1.59375 1.16819e-08
24.74 1.65625 1.07733e-08
24.74 1.71875 1.05258e-08
24.74 1.78125 9.70836e-09
24.74 1.84375 9.61843e-09
24.74 1.90625 8.83556e-09
24.74 1.96875 9.88329e-09
