0.392699 0.03125 4.08812e-08
1.1781 0.03125 7.08672e-08
1.9635 0.03125 1.1192e-08
2.74889 0.03125 2.06294e-08
3.53429 0.03125 -1.89885e-08
4.31969 0.03125 -1.83282e-08
5.10509 0.03125 2.82661e-08
5.89049 0.03125 4.12373e-08
6.67588 0.03125 3.65162e-08
7.46128 0.03125 4.05866e-08
8.24668 0.03125 3.39717e-08
9.03208 0.03125 1.8121e-08
9.81748 0.03125 -1.32483e-08
10.6029 0.03125 2.34026e-09
11.3883 0.03125 4.18091e-09
12.1737 0.03125 2.82816e-08
12.9591 0.03125 3.04385e-08
13.7445 0.03125 -3.02714e-08
14.5299 0.03125 -3.76658e-08
15.3153 0.03125 -3.80607e-08
16.1007 0.03125 -5.14243e-08
16.8861 0.03125 -7.60764e-08
17.6715 0.03125 -4.02003e-08
18.4569 0.03125 -5.14246e-08
19.2423 0.03125 1.86704e-09
20.0277 0.03125 -3.55265e-08
20.8131 0.03125 1.02939e-08
21.5984 0.03125 -1.50819e-08
22.3838 0.03125 -6.80913e-08
23.1692 0.03125 -7.37127e-09
23.9546 0.03125 3.24693e-08
24.74 0.03125 5.02888e-08
0.392699 0.09375 4.01035e-08
1.1781 0.09375 7.24441e-08
1.9635 0.09375 1.34387e-08
2.74889 0.09375 1.85892e-08
3.53429 0.09375 -1.73571e-08
4.31969 0.09375 -1.8787e-08
5.10509 0.09375 2.64012e-08
5.89049 0.09375 4.31615e-08
6.67588 0.09375 3.53812e-08
7.46128 0.09375 4.01467e-08
8.24668 0.09375 3.38236e-08
9.03208 0.09375 2.0093e-08
9.81748 0.09375 -1.22471e-08
10.6029 0.09375 1.27173e-09
11.3883 0.09375 3.21156e-09
12.1737 0.09375 2.54808e-08
12.9591 0.09375 3.19092e-08
13.7445 0.09375 -2.88721e-08
14.5299 0.09375 -3.81069e-08
15.3153 0.09375 -3.81097e-08
16.1007 0.09375 -5.05006e-08
16.8861 0.09375 -7.56512e-08
17.6715 0.09375 -4.00384e-08
18.4569 0.09375 -5.15867e-08
19.2423 0.09375 9.57841e-10
20.0277 0.09375 -3.49026e-08
20.8131 0.09375 8.02979e-09
21.5984 0.09375 -1.10142e-08
22.3838 0.09375 -6.70523e-08
23.1692 0.09375 -1.27736e-08
23.9546 0.09375 3.24179e-08
24.74 0.09375 5.0724e-08
0.392699 0.15625 3.98858e-08
1.1781 0.15625 7.29966e-08
1.9635 0.15625 1.5976e-08
2.74889 0.15625 1.74997e-08
3.53429 0.15625 -1.64929e-08
4.31969 0.15625 -1.83064e-08
5.10509 0.15625 2.43177e-08
5.89049 0.15625 4.44058e-08
6.67588 0.15625 3.46552e-08
7.46128 0.15625 3.93428e-08
8.24668 0.15625 3.33836e-08
9.03208 0.15625 2.13743e-08
9.81748 0.15625 -1.11745e-08
10.6029 0.15625 8.2047e-10
11.3883 0.15625 2.7699e-09
12.1737 0.15625 2.27585e-08
12.9591 0.15625 3.285e-08
13.7445 0.15625 -2.74107e-08
14.5299 0.15625 -3.83063e-08
15.3153 0.15625 -3.80798e-08
16.1007 0.15625 -5.00795e-08
16.8861 0.15625 -7.48698e-08
17.6715 0.15625 -3.96818e-08
18.4569 0.15625 -5.19979e-08
19.2423 0.15625 -1.39539e-10
20.0277 0.15625 -3.3226e-08
20.8131 0.15625 6.10107e-09
21.5984 0.15625 -9.85e-09
22.3838 0.15625 -6.40217e-08
23.1692 0.15625 -1.62625e-08
23.9546 0.15625 3.02743e-08
24.74 0.15625 5.10099e-08
0.392699 0.21875 3.97441e-08
1.1781 0.21875 7.29791e-08
1.9635 0.21875 1.81174e-08
2.74889 0.21875 1.69492e-08
3.53429 0.21875 -1.53823e-08
4.31969 0.21875 -1.73119e-08
5.10509 0.21875 2.2207e-08
5.89049 0.21875 4.51911e-08
6.67588 0.21875 3.42449e-08
7.46128 0.21875 3.87222e-08
8.24668 0.21875 3.22835e-08
9.03208 0.21875 2.22148e-08
9.81748 0.21875 -9.56218e-09
10.6029 0.21875 9.30776e-10
11.3883 0.21875 2.94035e-09
12.1737 0.21875 1.97177e-08
12.9591 0.21875 3.25782e-08
13.7445 0.21875 -2.58854e-08
14.5299 0.21875 -3.83173e-08
15.3153 0.21875 -3.82462e-08
16.1007 0.21875 -4.94903e-08
16.8861 0.21875 -7.39521e-08
17.6715 0.21875 -3.92435e-08
18.4569 0.21875 -5.18713e-08
19.2423 0.21875 -9.42342e-10
20.0277 0.21875 -3.23805e-08
20.8131 0.21875 3.83904e-09
21.5984 0.21875 -8.68951e-09
22.3838 0.21875 -6.0193e-08
23.1692 0.21875 -1.86463e-08
23.9546 0.21875 2.7436e-08
24.74 0.21875 5.04683e-08
0.392699 0.28125 3.94059e-08
1.1781 0.28125 7.1701e-08
1.9635 0.28125 2.01679e-08
2.74889 0.28125 1.73968e-08
3.53429 0.28125 -1.44261e-08
4.31969 0.28125 -1.53187e-08
5.10509 0.28125 1.99848e-08
5.89049 0.28125 4.54129e-08
6.67588 0.28125 3.43782e-08
7.46128 0.28125 3.81417e-08
8.24668 0.28125 3.06035e-08
9.03208 0.28125 2.19422e-08
9.81748 0.28125 -7.52366e-09
10.6029 0.28125 1.84912e-09
11.3883 0.28125 3.92498e-09
12.1737 0.28125 1.67743e-08
12.9591 0.28125 3.06796e-08
13.7445 0.28125 -2.46039e-08
14.5299 0.28125 -3.77739e-08
15.3153 0.28125 -3.84872e-08
16.1007 0.28125 -4.90426e-08
16.8861 0.28125 -7.24959e-08
17.6715 0.28125 -3.85897e-08
18.4569 0.28125 -5.17578e-08
19.2423 0.28125 -1.76598e-09
20.0277 0.28125 -3.11631e-08
20.8131 0.28125 1.43632e-09
21.5984 0.28125 -9.58247e-09
22.3838 0.28125 -5.46946e-08
23.1692 0.28125 -1.88011e-08
23.9546 0.28125 2.34495e-08
24.74 0.28125 4.91542e-08
0.392699 0.34375 3.87137e-08
1.1781 0.34375 6.96881e-08
1.9635 0.34375 2.1509e-08
2.74889 0.34375 1.83967e-08
3.53429 0.34375 -1.29699e-08
4.31969 0.34375 -1.31556e-08
5.10509 0.34375 1.79965e-08
5.89049 0.34375 4.54398e-08
6.67588 0.34375 3.45921e-08
7.46128 0.34375 3.79524e-08
8.24668 0.34375 2.8888e-08
9.03208 0.34375 2.12276e-08
9.81748 0.34375 -5.44947e-09
10.6029 0.34375 2.98139e-09
11.3883 0.34375 5.19585e-09
12.1737 0.34375 1.40649e-08
12.9591 0.34375 2.79522e-08
13.7445 0.34375 -2.3897e-08
14.5299 0.34375 -3.71902e-08
15.3153 0.34375 -3.86539e-08
16.1007 0.34375 -4.82493e-08
16.8861 0.34375 -7.08719e-08
17.6715 0.34375 -3.78383e-08
18.4569 0.34375 -5.13415e-08
19.2423 0.34375 -2.62146e-09
20.0277 0.34375 -3.07814e-08
20.8131 0.34375 -7.40556e-10
21.5984 0.34375 -1.00488e-08
22.3838 0.34375 -4.97472e-08
23.1692 0.34375 -1.83805e-08
23.9546 0.34375 2.01227e-08
24.74 0.34375 4.75031e-08
0.392699 0.40625 3.77925e-08
1.1781 0.40625 6.68794e-08
1.9635 0.40625 2.24258e-08
2.74889 0.40625 1.98255e-08
3.53429 0.40625 -1.15035e-08
4.31969 0.40625 -1.04999e-08
5.10509 0.40625 1.62321e-08
5.89049 0.40625 4.52868e-08
6.67588 0.40625 3.48846e-08
7.46128 0.40625 3.78093e-08
8.24668 0.40625 2.73669e-08
9.03208 0.40625 2.01439e-08
9.81748 0.40625 -3.37082e-09
10.6029 0.40625 4.1997e-09
11.3883 0.40625 6.54327e-09
12.1737 0.40625 1.16491e-08
12.9591 0.40625 2.46915e-08
13.7445 0.40625 -2.35838e-08
14.5299 0.40625 -3.65684e-08
15.3153 0.40625 -3.88329e-08
16.1007 0.40625 -4.73769e-08
16.8861 0.40625 -6.88322e-08
17.6715 0.40625 -3.68743e-08
18.4569 0.40625 -5.099e-08
19.2423 0.40625 -3.82741e-09
20.0277 0.40625 -3.04158e-08
20.8131 0.40625 -2.5335e-09
21.5984 0.40625 -1.11805e-08
22.3838 0.40625 -4.46997e-08
23.1692 0.40625 -1.72638e-08
23.9546 0.40625 1.69402e-08
24.74 0.40625 4.58853e-08
0.392699 0.46875 3.66599e-08
1.1781 0.46875 6.38471e-08
1.9635 0.46875 2.27005e-08
2.74889 0.46875 2.12468e-08
3.53429 0.46875 -9.78311e-09
4.31969 0.46875 -7.91659e-09
5.10509 0.46875 1.49432e-08
5.89049 0.46875 4.50768e-08
6.67588 0.46875 3.49036e-08
7.46128 0.46875 3.80444e-08
8.24668 0.46875 2.63097e-08
9.03208 0.46875 1.9108e-08
9.81748 0.46875 -1.48361e-09
10.6029 0.46875 5.21378e-09
11.3883 0.46875 7.61038e-09
12.1737 0.46875 9.42883e-09
12.9591 0.46875 2.1546e-08
13.7445 0.46875 -2.35779e-08
14.5299 0.46875 -3.61595e-08
15.3153 0.46875 -3.91047e-08
16.1007 0.46875 -4.62941e-08
16.8861 0.46875 -6.68003e-08
17.6715 0.46875 -3.58039e-08
18.4569 0.46875 -5.03653e-08
19.2423 0.46875 -5.14217e-09
20.0277 0.46875 -3.06979e-08
20.8131 0.46875 -3.94487e-09
21.5984 0.46875 -1.15471e-08
22.3838 0.46875 -4.07455e-08
23.1692 0.46875 -1.64544e-08
23.9546 0.46875 1.47626e-08
24.74 0.46875 4.45367e-08
0.392699 0.53125 3.54356e-08
1.1781 0.53125 6.06992e-08
1.9635 0.53125 2.26812e-08
2.74889 0.53125 2.24734e-08
3.53429 0.53125 -8.24194e-09
4.31969 0.53125 -4.99882e-09
5.10509 0.53125 1.4008e-08
5.89049 0.53125 4.46639e-08
6.67588 0.53125 3.46738e-08
7.46128 0.53125 3.8455e-08
8.24668 0.53125 2.56836e-08
9.03208 0.53125 1.79601e-08
9.81748 0.53125 2.36638e-10
10.6029 0.53125 6.07684e-09
11.3883 0.53125 8.51755e-09
12.1737 0.53125 7.38948e-09
12.9591 0.53125 1.85196e-08
13.7445 0.53125 -2.35287e-08
14.5299 0.53125 -3.56631e-08
15.3153 0.53125 -3.95944e-08
16.1007 0.53125 -4.54198e-08
16.8861 0.53125 -6.46695e-08
17.6715 0.53125 -3.46448e-08
18.4569 0.53125 -4.97319e-08
19.2423 0.53125 -6.55361e-09
20.0277 0.53125 -3.07617e-08
20.8131 0.53125 -5.08498e-09
21.5984 0.53125 -1.23757e-08
22.3838 0.53125 -3.7036e-08
23.1692 0.53125 -1.54599e-08
23.9546 0.53125 1.29291e-08
24.74 0.53125 4.34055e-08
0.392699 0.59375 3.42344e-08
1.1781 0.59375 5.78716e-08
1.9635 0.59375 2.23696e-08
2.74889 0.59375 2.33584e-08
3.53429 0.59375 -6.69298e-09
4.31969 0.59375 -2.16175e-09
5.10509 0.59375 1.34712e-08
5.89049 0.59375 4.40625e-08
6.67588 0.59375 3.39755e-08
7.46128 0.59375 3.9222e-08
8.24668 0.59375 2.55172e-08
9.03208 0.59375 1.68593e-08
9.81748 0.59375 1.63662e-09
10.6029 0.59375 6.63783e-09
11.3883 0.59375 9.15076e-09
12.1737 0.59375 5.60365e-09
12.9591 0.59375 1.60115e-08
13.7445 0.59375 -2.33966e-08
14.5299 0.59375 -3.50615e-08
15.3153 0.59375 -4.0159e-08
16.1007 0.59375 -4.47642e-08
16.8861 0.59375 -6.29551e-08
17.6715 0.59375 -3.35273e-08
18.4569 0.59375 -4.88774e-08
19.2423 0.59375 -7.84964e-09
20.0277 0.59375 -3.10201e-08
20.8131 0.59375 -6.02091e-09
21.5984 0.59375 -1.28078e-08
22.3838 0.59375 -3.41994e-08
23.1692 0.59375 -1.48057e-08
23.9546 0.59375 1.17502e-08
24.74 0.59375 4.25368e-08
0.392699 0.65625 3.32171e-08
1.1781 0.65625 5.54556e-08
1.9635 0.65625 2.20861e-08
2.74889 0.65625 2.38954e-08
3.53429 0.65625 -5.38044e-09
4.31969 0.65625 9.25084e-10
5.10509 0.65625 1.31552e-08
5.89049 0.65625 4.33056e-08
6.67588 0.65625 3.28698e-08
7.46128 0.65625 3.98924e-08
8.24668 0.65625 2.56145e-08
9.03208 0.65625 1.58881e-08
9.81748 0.65625 2.85505e-09
10.6029 0.65625 6.85044e-09
11.3883 0.65625 9.71696e-09
12.1737 0.65625 4.11018e-09
12.9591 0.65625 1.38376e-08
13.7445 0.65625 -2.30577e-08
14.5299 0.65625 -3.41008e-08
15.3153 0.65625 -4.06662e-08
16.1007 0.65625 -4.44951e-08
16.8861 0.65625 -6.15209e-08
17.6715 0.65625 -3.26039e-08
18.4569 0.65625 -4.81788e-08
19.2423 0.65625 -9.11843e-09
20.0277 0.65625 -3.09144e-08
20.8131 0.65625 -6.86681e-09
21.5984 0.65625 -1.36739e-08
22.3838 0.65625 -3.13479e-08
23.1692 0.65625 -1.40135e-08
23.9546 0.65625 1.053e-08
24.74 0.65625 4.16347e-08
0.392699 0.71875 3.23628e-08
1.1781 0.71875 5.34953e-08
1.9635 0.71875 2.18519e-08
2.74889 0.71875 2.42974e-08
3.53429 0.71875 -4.11891e-09
4.31969 0.71875 3.84212e-09
5.10509 0.71875 1.30458e-08
5.89049 0.71875 4.26167e-08
6.67588 0.71875 3.13929e-08
7.46128 0.71875 4.03847e-08
8.24668 0.71875 2.5853e-08
9.03208 0.71875 1.52658e-08
9.81748 0.71875 3.92368e-09
10.6029 0.71875 6.59654e-09
11.3883 0.71875 1.01337e-08
12.1737 0.71875 3.09079e-09
12.9591 0.71875 1.21857e-08
13.7445 0.71875 -2.27866e-08
14.5299 0.71875 -3.30168e-08
15.3153 0.71875 -4.08691e-08
16.1007 0.71875 -4.43655e-08
16.8861 0.71875 -6.06655e-08
17.6715 0.71875 -3.19388e-08
18.4569 0.71875 -4.75099e-08
19.2423 0.71875 -1.04055e-08
20.0277 0.71875 -3.09472e-08
20.8131 0.71875 -7.55575e-09
21.5984 0.71875 -1.41857e-08
22.3838 0.71875 -2.88427e-08
23.1692 0.71875 -1.34126e-08
23.9546 0.71875 9.43924e-09
24.74 0.71875 4.06752e-08
0.392699 0.78125 3.15044e-08
1.1781 0.78125 5.16956e-08
1.9635 0.78125 2.17727e-08
2.74889 0.78125 2.47012e-08
3.53429 0.78125 -3.02236e-09
4.31969 0.78125 6.75275e-09
5.10509 0.78125 1.29741e-08
5.89049 0.78125 4.21893e-08
6.67588 0.78125 2.98318e-08
7.46128 0.78125 4.03641e-08
8.24668 0.78125 2.59745e-08
9.03208 0.78125 1.50258e-08
9.81748 0.78125 4.98975e-09
10.6029 0.78125 5.97402e-09
11.3883 0.78125 1.06789e-08
12.1737 0.78125 2.50577e-09
12.9591 0.78125 1.07557e-08
13.7445 0.78125 -2.26326e-08
14.5299 0.78125 -3.1903e-08
15.3153 0.78125 -4.08071e-08
16.1007 0.78125 -4.42545e-08
16.8861 0.78125 -5.99665e-08
17.6715 0.78125 -3.1657e-08
18.4569 0.78125 -4.71848e-08
19.2423 0.78125 -1.17237e-08
20.0277 0.78125 -3.07084e-08
20.8131 0.78125 -8.12429e-09
21.5984 0.78125 -1.49635e-08
22.3838 0.78125 -2.61085e-08
23.1692 0.78125 -1.2507e-08
23.9546 0.78125 8.24601e-09
24.74 0.78125 3.94029e-08
0.392699 0.84375 3.04235e-08
1.1781 0.84375 4.96907e-08
1.9635 0.84375 2.17277e-08
2.74889 0.84375 2.54316e-08
3.53429 0.84375 -1.9337e-09
4.31969 0.84375 9.17993e-09
5.10509 0.84375 1.28382e-08
5.89049 0.84375 4.20979e-08
6.67588 0.84375 2.8419e-08
7.46128 0.84375 4.00959e-08
8.24668 0.84375 2.594e-08
9.03208 0.84375 1.49408e-08
9.81748 0.84375 5.9919e-09
10.6029 0.84375 5.19739e-09
11.3883 0.84375 1.12768e-08
12.1737 0.84375 2.4457e-09
12.9591 0.84375 9.69827e-09
13.7445 0.84375 -2.2782e-08
14.5299 0.84375 -3.11264e-08
15.3153 0.84375 -4.05613e-08
16.1007 0.84375 -4.39774e-08
16.8861 0.84375 -5.95257e-08
17.6715 0.84375 -3.15037e-08
18.4569 0.84375 -4.68856e-08
19.2423 0.84375 -1.3132e-08
20.0277 0.84375 -3.06595e-08
20.8131 0.84375 -8.39359e-09
21.5984 0.84375 -1.54717e-08
22.3838 0.84375 -2.37277e-08
23.1692 0.84375 -1.15737e-08
23.9546 0.84375 7.41093e-09
24.74 0.84375 3.81787e-08
0.392699 0.90625 2.90567e-08
1.1781 0.90625 4.74093e-08
1.9635 0.90625 2.16902e-08
2.74889 0.90625 2.63249e-08
3.53429 0.90625 -9.30386e-10
4.31969 0.90625 1.13195e-08
5.10509 0.90625 1.2507e-08
5.89049 0.90625 4.22105e-08
6.67588 0.90625 2.72626e-08
7.46128 0.90625 3.96595e-08
8.24668 0.90625 2.57359e-08
9.03208 0.90625 1.48738e-08
9.81748 0.90625 6.90212e-09
10.6029 0.90625 4.54019e-09
11.3883 0.90625 1.219e-08
12.1737 0.90625 2.56656e-09
12.9591 0.90625 8.64166e-09
13.7445 0.90625 -2.30398e-08
14.5299 0.90625 -3.06175e-08
15.3153 0.90625 -4.04114e-08
16.1007 0.90625 -4.3563e-08
16.8861 0.90625 -5.88808e-08
17.6715 0.90625 -3.14324e-08
18.4569 0.90625 -4.67525e-08
19.2423 0.90625 -1.45026e-08
20.0277 0.90625 -3.04776e-08
20.8131 0.90625 -8.47237e-09
21.5984 0.90625 -1.62618e-08
22.3838 0.90625 -2.15145e-08
23.1692 0.90625 -1.0294e-08
23.9546 0.90625 6.97853e-09
24.74 0.90625 3.69816e-08
0.392699 0.96875 2.75493e-08
1.1781 0.96875 4.503e-08
1.9635 0.96875 2.16277e-08
2.74889 0.96875 2.73646e-08
3.53429 0.96875 6.87048e-12
4.31969 0.96875 1.29945e-08
5.10509 0.96875 1.20207e-08
5.89049 0.96875 4.22836e-08
6.67588 0.96875 2.62822e-08
7.46128 0.96875 3.94431e-08
8.24668 0.96875 2.55767e-08
9.03208 0.96875 1.45587e-08
9.81748 0.96875 7.673e-09
10.6029 0.96875 4.17772e-09
11.3883 0.96875 1.31886e-08
12.1737 0.96875 2.85418e-09
12.9591 0.96875 7.64291e-09
13.7445 0.96875 -2.34911e-08
14.5299 0.96875 -3.0455e-08
15.3153 0.96875 -4.03888e-08
16.1007 0.96875 -4.30527e-08
16.8861 0.96875 -5.82742e-08
17.6715 0.96875 -3.09882e-08
18.4569 0.96875 -4.63452e-08
19.2423 0.96875 -1.60664e-08
20.0277 0.96875 -3.0731e-08
20.8131 0.96875 -8.19424e-09
21.5984 0.96875 -1.67997e-08
22.3838 0.96875 -1.9968e-08
23.1692 0.96875 -9.1163e-09
23.9546 0.96875 7.0828e-09
24.74 0.96875 3.61872e-08
0.392699 1.03125 2.61655e-08
1.1781 1.03125 4.31497e-08
1.9635 1.03125 2.16016e-08
2.74889 1.03125 2.79922e-08
3.53429 1.03125 7.60649e-10
4.31969 1.03125 1.46687e-08
5.10509 1.03125 1.14885e-08
5.89049 1.03125 4.21971e-08
6.67588 1.03125 2.5335e-08
7.46128 1.03125 3.93949e-08
8.24668 1.03125 2.54499e-08
9.03208 1.03125 1.41775e-08
9.81748 1.03125 8.39312e-09
10.6029 1.03125 4.03083e-09
11.3883 1.03125 1.44042e-08
12.1737 1.03125 2.95347e-09
12.9591 1.03125 6.31902e-09
13.7445 1.03125 -2.39854e-08
14.5299 1.03125 -3.03514e-08
15.3153 1.03125 -4.04893e-08
16.1007 1.03125 -4.24989e-08
16.8861 1.03125 -5.74547e-08
17.6715 1.03125 -3.03679e-08
18.4569 1.03125 -4.5889e-08
19.2423 1.03125 -1.75995e-08
20.0277 1.03125 -3.10978e-08
20.8131 1.03125 -7.84988e-09
21.5984 1.03125 -1.74616e-08
22.3838 1.03125 -1.87629e-08
23.1692 1.03125 -7.89028e-09
23.9546 1.03125 7.42446e-09
24.74 1.03125 3.54384e-08
0.392699 1.09375 2.51828e-08
1.1781 1.09375 4.19036e-08
1.9635 1.09375 2.16675e-08
2.74889 1.09375 2.83434e-08
3.53429 1.09375 1.30381e-09
4.31969 1.09375 1.62081e-08
5.10509 1.09375 1.0986e-08
5.89049 1.09375 4.19919e-08
6.67588 1.09375 2.44628e-08
7.46128 1.09375 3.9626e-08
8.24668 1.09375 2.53421e-08
9.03208 1.09375 1.35484e-08
9.81748 1.09375 9.24792e-09
10.6029 1.09375 3.94675e-09
11.3883 1.09375 1.53899e-08
12.1737 1.09375 3.11574e-09
12.9591 1.09375 4.95869e-09
13.7445 1.09375 -2.46558e-08
14.5299 1.09375 -3.03375e-08
15.3153 1.09375 -4.04638e-08
16.1007 1.09375 -4.20016e-08
16.8861 1.09375 -5.69181e-08
17.6715 1.09375 -2.9338e-08
18.4569 1.09375 -4.50579e-08
19.2423 1.09375 -1.93247e-08
20.0277 1.09375 -3.19434e-08
20.8131 1.09375 -7.32142e-09
21.5984 1.09375 -1.78391e-08
22.3838 1.09375 -1.80705e-08
23.1692 1.09375 -7.1082e-09
23.9546 1.09375 7.74069e-09
24.74 1.09375 3.50286e-08
0.392699 1.15625 2.47572e-08
1.1781 1.15625 4.14279e-08
1.9635 1.15625 2.17924e-08
2.74889 1.15625 2.81144e-08
3.53429 1.15625 1.61473e-09
4.31969 1.15625 1.78849e-08
5.10509 1.15625 1.05675e-08
5.89049 1.15625 4.18956e-08
6.67588 1.15625 2.36958e-08
7.46128 1.15625 3.98774e-08
8.24668 1.15625 2.49885e-08
9.03208 1.15625 1.30012e-08
9.81748 1.15625 1.0411e-08
10.6029 1.15625 3.64937e-09
11.3883 1.15625 1.62567e-08
12.1737 1.15625 3.06114e-09
12.9591 1.15625 3.42138e-09
13.7445 1.15625 -2.52064e-08
14.5299 1.15625 -3.01602e-08
15.3153 1.15625 -4.02947e-08
16.1007 1.15625 -4.15774e-08
16.8861 1.15625 -5.64213e-08
17.6715 1.15625 -2.85405e-08
18.4569 1.15625 -4.43975e-08
19.2423 1.15625 -2.06708e-08
20.0277 1.15625 -3.25408e-08
20.8131 1.15625 -7.02505e-09
21.5984 1.15625 -1.84286e-08
22.3838 1.15625 -1.74475e-08
23.1692 1.15625 -6.5774e-09
23.9546 1.15625 7.77915e-09
24.74 1.15625 3.46769e-08
0.392699 1.21875 2.48908e-08
1.1781 1.21875 4.10467e-08
1.9635 1.21875 2.19642e-08
2.74889 1.21875 2.79086e-08
3.53429 1.21875 1.66112e-09
4.31969 1.21875 1.93921e-08
5.10509 1.21875 1.02371e-08
5.89049 1.21875 4.19961e-08
6.67588 1.21875 2.3077e-08
7.46128 1.21875 4.02437e-08
8.24668 1.21875 2.44869e-08
9.03208 1.21875 1.21872e-08
9.81748 1.21875 1.19636e-08
10.6029 1.21875 3.1478e-09
11.3883 1.21875 1.66166e-08
12.1737 1.21875 3.13131e-09
12.9591 1.21875 2.15933e-09
13.7445 1.21875 -2.56592e-08
14.5299 1.21875 -2.99933e-08
15.3153 1.21875 -3.99256e-08
16.1007 1.21875 -4.14059e-08
16.8861 1.21875 -5.63549e-08
17.6715 1.21875 -2.76577e-08
18.4569 1.21875 -4.37023e-08
19.2423 1.21875 -2.20124e-08
20.0277 1.21875 -3.30922e-08
20.8131 1.21875 -6.57189e-09
21.5984 1.21875 -1.8884e-08
22.3838 1.21875 -1.69671e-08
23.1692 1.21875 -6.69982e-09
23.9546 1.21875 7.39327e-09
24.74 1.21875 3.49852e-08
0.392699 1.28125 2.53458e-08
1.1781 1.28125 4.06594e-08
1.9635 1.28125 2.21108e-08
2.74889 1.28125 2.74168e-08
3.53429 1.28125 1.45574e-09
4.31969 1.28125 2.1075e-08
5.10509 1.28125 1.01068e-08
5.89049 1.28125 4.22926e-08
6.67588 1.28125 2.2408e-08
7.46128 1.28125 4.05864e-08
8.24668 1.28125 2.38301e-08
9.03208 1.28125 1.14527e-08
9.81748 1.28125 1.37641e-08
10.6029 1.28125 2.38811e-09
11.3883 1.28125 1.68969e-08
12.1737 1.28125 2.95432e-09
12.9591 1.28125 9.07742e-10
13.7445 1.28125 -2.57498e-08
14.5299 1.28125 -2.97033e-08
15.3153 1.28125 -3.95635e-08
16.1007 1.28125 -4.14605e-08
16.8861 1.28125 -5.61984e-08
17.6715 1.28125 -2.7214e-08
18.4569 1.28125 -4.35532e-08
19.2423 1.28125 -2.28006e-08
20.0277 1.28125 -3.2933e-08
20.8131 1.28125 -6.25706e-09
21.5984 1.28125 -1.95812e-08
22.3838 1.28125 -1.62973e-08
23.1692 1.28125 -7.10186e-09
23.9546 1.28125 6.7353e-09
24.74 1.28125 3.55758e-08
0.392699 1.34375 2.57481e-08
1.1781 1.34375 3.95763e-08
1.9635 1.34375 2.2404e-08
2.74889 1.34375 2.73764e-08
3.53429 1.34375 9.61526e-10
4.31969 1.34375 2.27071e-08
5.10509 1.34375 1.01139e-08
5.89049 1.34375 4.25767e-08
6.67588 1.34375 2.16445e-08
7.46128 1.34375 4.11302e-08
8.24668 1.34375 2.33535e-08
9.03208 1.34375 1.02441e-08
9.81748 1.34375 1.56236e-08
10.6029 1.34375 1.63737e-09
11.3883 1.34375 1.68933e-08
12.1737 1.34375 3.01544e-09
12.9591 1.34375 1.56843e-11
13.7445 1.34375 -2.57645e-08
14.5299 1.34375 -2.96139e-08
15.3153 1.34375 -3.91846e-08
16.1007 1.34375 -4.19579e-08
16.8861 1.34375 -5.62747e-08
17.6715 1.34375 -2.62702e-08
18.4569 1.34375 -4.33479e-08
19.2423 1.34375 -2.38937e-08
20.0277 1.34375 -3.27298e-08
20.8131 1.34375 -5.46186e-09
21.5984 1.34375 -2.01317e-08
22.3838 1.34375 -1.5643e-08
23.1692 1.34375 -7.97594e-09
23.9546 1.34375 5.90638e-09
24.74 1.34375 3.68598e-08
0.392699 1.40625 2.56707e-08
1.1781 1.40625 3.82312e-08
1.9635 1.40625 2.2891e-08
2.74889 1.40625 2.72911e-08
3.53429 1.40625 3.20145e-10
4.31969 1.40625 2.46667e-08
5.10509 1.40625 1.01942e-08
5.89049 1.40625 4.27513e-08
6.67588 1.40625 2.07093e-08
7.46128 1.40625 4.16747e-08
8.24668 1.40625 2.2891e-08
9.03208 1.40625 9.11148e-09
9.81748 1.40625 1.74123e-08
10.6029 1.40625 8.15964e-10
11.3883 1.40625 1.72013e-08
12.1737 1.40625 2.97751e-09
12.9591 1.40625 -9.60607e-10
13.7445 1.40625 -2.56436e-08
14.5299 1.40625 -2.95866e-08
15.3153 1.40625 -3.89313e-08
16.1007 1.40625 -4.27027e-08
16.8861 1.40625 -5.5902e-08
17.6715 1.40625 -2.53075e-08
18.4569 1.40625 -4.35489e-08
19.2423 1.40625 -2.46268e-08
20.0277 1.40625 -3.20805e-08
20.8131 1.40625 -4.84195e-09
21.5984 1.40625 -2.09641e-08
22.3838 1.40625 -1.4775e-08
23.1692 1.40625 -8.75344e-09
23.9546 1.40625 5.33486e-09
24.74 1.40625 3.80051e-08
0.392699 1.46875 2.48697e-08
1.1781 1.46875 3.61156e-08
1.9635 1.46875 2.38944e-08
2.74889 1.46875 2.80807e-08
3.53429 1.46875 -4.82072e-10
4.31969 1.46875 2.64714e-08
5.10509 1.46875 9.9741e-09
5.89049 1.46875 4.26591e-08
6.67588 1.46875 1.98105e-08
7.46128 1.46875 4.23656e-08
8.24668 1.46875 2.26649e-08
9.03208 1.46875 7.51282e-09
9.81748 1.46875 1.91507e-08
10.6029 1.46875 1.8063e-10
11.3883 1.46875 1.74533e-08
12.1737 1.46875 3.43161e-09
12.9591 1.46875 -1.59706e-09
13.7445 1.46875 -2.57164e-08
14.5299 1.46875 -2.99261e-08
15.3153 1.46875 -3.86459e-08
16.1007 1.46875 -4.38835e-08
16.8861 1.46875 -5.55805e-08
17.6715 1.46875 -2.32034e-08
18.4569 1.46875 -4.33834e-08
19.2423 1.46875 -2.61681e-08
20.0277 1.46875 -3.18831e-08
20.8131 1.46875 -3.8115e-09
21.5984 1.46875 -2.17463e-08
22.3838 1.46875 -1.38874e-08
23.1692 1.46875 -9.62372e-09
23.9546 1.46875 4.96555e-09
24.74 1.46875 3.94419e-08
0.392699 1.53125 2.33519e-08
1.1781 1.53125 3.4164e-08
1.9635 1.53125 2.52824e-08
2.74889 1.53125 2.88413e-08
3.53429 1.53125 -1.29681e-09
4.31969 1.53125 2.84253e-08
5.10509 1.53125 9.31307e-09
5.89049 1.53125 4.23319e-08
6.67588 1.53125 1.90229e-08
7.46128 1.53125 4.29555e-08
8.24668 1.53125 2.22987e-08
9.03208 1.53125 6.28238e-09
9.81748 1.53125 2.10151e-08
10.6029 1.53125 -5.29646e-10
11.3883 1.53125 1.80936e-08
12.1737 1.53125 3.84675e-09
12.9591 1.53125 -2.38039e-09
13.7445 1.53125 -2.57602e-08
14.5299 1.53125 -3.03147e-08
15.3153 1.53125 -3.84391e-08
16.1007 1.53125 -4.51428e-08
16.8861 1.53125 -5.46483e-08
17.6715 1.53125 -2.10523e-08
18.4569 1.53125 -4.37036e-08
19.2423 1.53125 -2.74449e-08
20.0277 1.53125 -3.14186e-08
20.8131 1.53125 -3.33003e-09
21.5984 1.53125 -2.2855e-08
22.3838 1.53125 -1.26921e-08
23.1692 1.53125 -1.01986e-08
23.9546 1.53125 5.09603e-09
24.74 1.53125 4.03579e-08
0.392699 1.59375 2.13292e-08
1.1781 1.59375 3.17648e-08
1.9635 1.59375 2.73292e-08
2.74889 1.59375 3.0487e-08
3.53429 1.59375 -2.30288e-09
4.31969 1.59375 2.98551e-08
5.10509 1.59375 7.9559e-09
5.89049 1.59375 4.1802e-08
6.67588 1.59375 1.85841e-08
7.46128 1.59375 4.37503e-08
8.24668 1.59375 2.2172e-08
9.03208 1.59375 4.56973e-09
9.81748 1.59375 2.29645e-08
10.6029 1.59375 -1.00368e-09
11.3883 1.59375 1.84742e-08
12.1737 1.59375 4.71644e-09
12.9591 1.59375 -2.68957e-09
13.7445 1.59375 -2.59179e-08
14.5299 1.59375 -3.10781e-08
15.3153 1.59375 -3.81894e-08
16.1007 1.59375 -4.68138e-08
16.8861 1.59375 -5.39576e-08
17.6715 1.59375 -1.75877e-08
18.4569 1.59375 -4.37534e-08
19.2423 1.59375 -3.0062e-08
20.0277 1.59375 -3.1371e-08
20.8131 1.59375 -2.27753e-09
21.5984 1.59375 -2.38779e-08
22.3838 1.59375 -1.14743e-08
23.1692 1.59375 -1.09056e-08
23.9546 1.59375 5.28732e-09
24.74 1.59375 4.16463e-08
0.392699 1.65625 1.91028e-08
1.1781 1.65625 3.01932e-08
1.9635 1.65625 2.95844e-08
2.74889 1.65625 3.15901e-08
3.53429 1.65625 -3.42782e-09
4.31969 1.65625 3.12263e-08
5.10509 1.65625 6.23701e-09
5.89049 1.65625 4.13454e-08
6.67588 1.65625 1.84257e-08
7.46128 1.65625 4.45417e-08
8.24668 1.65625 2.17815e-08
9.03208 1.65625 3.17152e-09
9.81748 1.65625 2.51447e-08
10.6029 1.65625 -1.6112e-09
11.3883 1.65625 1.90431e-08
12.1737 1.65625 5.39573e-09
12.9591 1.65625 -3.1493e-09
13.7445 1.65625 -2.5976e-08
14.5299 1.65625 -3.18567e-08
15.3153 1.65625 -3.81098e-08
16.1007 1.65625 -4.83916e-08
16.8861 1.65625 -5.26079e-08
17.6715 1.65625 -1.43963e-08
18.4569 1.65625 -4.48741e-08
19.2423 1.65625 -3.2455e-08
20.0277 1.65625 -3.04973e-08
20.8131 1.65625 -1.7428e-09
21.5984 1.65625 -2.51152e-08
22.3838 1.65625 -9.91945e-09
23.1692 1.65625 -1.15512e-08
23.9546 1.65625 5.81515e-09
24.74 1.65625 4.2451e-08
0.392699 1.71875 1.68026e-08
1.1781 1.71875 2.83824e-08
1.9635 1.71875 3.25117e-08
2.74889 1.71875 3.34152e-08
3.53429 1.71875 -5.06794e-09
4.31969 1.71875 3.16992e-08
5.10509 1.71875 4.30384e-09
5.89049 1.71875 4.12281e-08
6.67588 1.71875 1.85418e-08
7.46128 1.71875 4.56532e-08
8.24668 1.71875 2.16986e-08
9.03208 1.71875 7.90193e-10
9.81748 1.71875 2.71851e-08
10.6029 1.71875 -1.82808e-09
11.3883 1.71875 1.91888e-08
12.1737 1.71875 6.49687e-09
12.9591 1.71875 -3.01496e-09
13.7445 1.71875 -2.61566e-08
14.5299 1.71875 -3.3173e-08
15.3153 1.71875 -3.80787e-08
16.1007 1.71875 -5.02485e-08
16.8861 1.71875 -5.15794e-08
17.6715 1.71875 -9.67728e-09
18.4569 1.71875 -4.60968e-08
19.2423 1.71875 -3.68475e-08
20.0277 1.71875 -2.94865e-08
20.8131 1.71875 6.02783e-12
21.5984 1.71875 -2.62415e-08
22.3838 1.71875 -8.49442e-09
23.1692 1.71875 -1.24883e-08
23.9546 1.71875 6.06178e-09
24.74 1.71875 4.38147e-08
0.392699 1.78125 1.46467e-08
1.1781 1.78125 2.79765e-08
1.9635 1.78125 3.53247e-08
2.74889 1.78125 3.41383e-08
3.53429 1.78125 -7.14588e-09
4.31969 1.78125 3.21156e-08
5.10509 1.78125 2.92134e-09
5.89049 1.78125 4.16379e-08
6.67588 1.78125 1.86112e-08
7.46128 1.78125 4.66606e-08
8.24668 1.78125 2.1067e-08
9.03208 1.78125 -1.40391e-09
9.81748 1.78125 2.95463e-08
10.6029 1.78125 -2.14085e-09
11.3883 1.78125 1.95738e-08
12.1737 1.78125 7.52158e-09
12.9591 1.78125 -3.34027e-09
13.7445 1.78125 -2.66012e-08
14.5299 1.78125 -3.44156e-08
15.3153 1.78125 -3.81661e-08
16.1007 1.78125 -5.14875e-08
16.8861 1.78125 -4.95216e-08
17.6715 1.78125 -5.94353e-09
18.4569 1.78125 -4.91841e-08
19.2423 1.78125 -4.0525e-08
20.0277 1.78125 -2.68479e-08
20.8131 1.78125 1.16611e-09
21.5984 1.78125 -2.75912e-08
22.3838 1.78125 -6.90036e-09
23.1692 1.78125 -1.35246e-08
23.9546 1.78125 6.65479e-09
24.74 1.78125 4.44096e-08
0.392699 1.84375 1.26837e-08
1.1781 1.84375 2.72924e-08
1.9635 1.84375 3.86767e-08
2.74889 1.84375 3.55339e-08
3.53429 1.84375 -9.98195e-09
4.31969 1.84375 3.1669e-08
5.10509 1.84375 2.06288e-09
5.89049 1.84375 4.24445e-08
6.67588 1.84375 1.86278e-08
7.46128 1.84375 4.78119e-08
8.24668 1.84375 2.07416e-08
9.03208 1.84375 -4.58265e-09
9.81748 1.84375 3.16001e-08
10.6029 1.84375 -1.85621e-09
11.3883 1.84375 1.9639e-08
12.1737 1.84375 9.0155e-09
12.9591 1.84375 -3.28932e-09
13.7445 1.84375 -2.7317e-08
14.5299 1.84375 -3.60079e-08
15.3153 1.84375 -3.82567e-08
16.1007 1.84375 -5.26341e-08
16.8861 1.84375 -4.80551e-08
17.6715 1.84375 -1.14964e-09
18.4569 1.84375 -5.21349e-08
19.2423 1.84375 -4.58666e-08
20.0277 1.84375 -2.39489e-08
20.8131 1.84375 3.87662e-09
21.5984 1.84375 -2.90385e-08
22.3838 1.84375 -6.15041e-09
23.1692 1.84375 -1.46087e-08
23.9546 1.84375 6.90256e-09
24.74 1.84375 4.54684e-08
0.392699 1.90625 1.15765e-08
1.1781 1.90625 2.82488e-08
1.9635 1.90625 4.06987e-08
2.74889 1.90625 3.54158e-08
3.53429 1.90625 -1.25782e-08
4.31969 1.90625 3.20001e-08
5.10509 1.90625 1.9419e-09
5.89049 1.90625 4.30267e-08
6.67588 1.90625 1.8588e-08
7.46128 1.90625 4.84431e-08
8.24668 1.90625 1.97692e-08
9.03208 1.90625 -6.62772e-09
9.81748 1.90625 3.3916e-08
10.6029 1.90625 -1.90438e-09
11.3883 1.90625 2.00678e-08
12.1737 1.90625 1.03484e-08
12.9591 1.90625 -4.2673e-09
13.7445 1.90625 -2.81816e-08
14.5299 1.90625 -3.68556e-08
15.3153 1.90625 -3.85498e-08
16.1007 1.90625 -5.26376e-08
16.8861 1.90625 -4.598e-08
17.6715 1.90625 7.71449e-10
18.4569 1.90625 -5.59828e-08
19.2423 1.90625 -4.80116e-08
20.0277 1.90625 -2.02681e-08
20.8131 1.90625 4.7549e-09
21.5984 1.90625 -3.0552e-08
22.3838 1.90625 -5.57776e-09
23.1692 1.90625 -1.54448e-08
23.9546 1.90625 7.55116e-09
24.74 1.90625 4.54102e-08
0.392699 1.96875 1.12912e-08
1.1781 1.96875 2.69176e-08
1.9635 1.96875 4.28152e-08
2.74889 1.96875 3.77431e-08
3.53429 1.96875 -1.4697e-08
4.31969 1.96875 3.12858e-08
5.10509 1.96875 1.07843e-09
5.89049 1.96875 4.32555e-08
6.67588 1.96875 1.89203e-08
7.46128 1.96875 4.90082e-08
8.24668 1.96875 2.04811e-08
9.03208 1.96875 -9.35649e-09
9.81748 1.96875 3.4207e-08
10.6029 1.96875 -1.18382e-09
11.3883 1.96875 2.0279e-08
12.1737 1.96875 1.14383e-08
12.9591 1.96875 -4.11354e-09
13.7445 1.96875 -2.77528e-08
14.5299 1.96875 -3.83216e-08
15.3153 1.96875 -3.93822e-08
16.1007 1.96875 -5.29792e-08
16.8861 1.96875 -4.68506e-08
17.6715 1.96875 4.55742e-09
18.4569 1.96875 -5.55027e-08
19.2423 1.96875 -5.23412e-08
20.0277 1.96875 -1.98441e-08
20.8131 1.96875 7.88932e-09
21.5984 1.96875 -3.14885e-08
22.3838 1.96875 -6.28902e-09
23.1692 1.96875 -1.54516e-08
23.9546 1.96875 6.90741e-09
24.74 1.96875 4.65268e-08
