0.392699 0.03125 1.66938e-08
0.392699 0.09375 1.56548e-08
0.392699 0.15625 1.52451e-08
0.392699 0.21875 1.4804e-08
0.392699 0.28125 1.43535e-08
0.392699 0.34375 1.3824e-08
0.392699 0.40625 1.3424e-08
0.392699 0.46875 1.31083e-08
0.392699 0.53125 1.28678e-08
0.392699 0.59375 1.26562e-08
0.392699 0.65625 1.23762e-08
0.392699 0.71875 1.20179e-08
0.392699 0.78125 1.14758e-08
0.392699 0.84375 1.09259e-08
0.392699 0.90625 1.03247e-08
0.392699 0.96875 9.87142e-09
0.392699 1.03125 9.35918e-09
0.392699 1.09375 9.04575e-09
0.392699 1.15625 8.8202e-09
0.392699 1.21875 9.15438e-09
0.392699 1.28125 9.76555e-09
0.392699 1.34375 1.08877e-08
0.392699 1.40625 1.1805e-08
0.392699 1.46875 1.2758e-08
0.392699 1.53125 1.3073e-08
0.392699 1.59375 1.34068e-08
0.392699 1.65625 1.3106e-08
0.392699 1.71875 1.29866e-08
0.392699 1.78125 1.21067e-08
0.392699 1.84375 1.15425e-08
0.392699 1.90625 1.05617e-08
0.392699 1.96875 1.13665e-08
1.1781 0.03125 6.03441e-08
1.1781 0.09375 6.02862e-08
1.1781 0.15625 5.95272e-08
1.1781 0.21875 5.84149e-08
1.1781 0.28125 5.62686e-08
1.1781 0.34375 5.37067e-08
1.1781 0.40625 5.06791e-08
1.1781 0.46875 4.7707e-08
1.1781 0.53125 4.47707e-08
1.1781 0.59375 4.21854e-08
1.1781 0.65625 3.99053e-08
1.1781 0.71875 3.79272e-08
1.1781 0.78125 3.5988e-08
1.1781 0.84375 3.38797e-08
1.1781 0.90625 3.15901e-08
1.1781 0.96875 2.92657e-08
1.1781 1.03125 2.73181e-08
1.1781 1.09375 2.58673e-08
1.1781 1.15625 2.5114e-08
1.1781 1.21875 2.46499e-08
1.1781 1.28125 2.43986e-08
1.1781 1.34375 2.3658e-08
1.1781 1.40625 2.25402e-08
1.1781 1.46875 2.04359e-08
1.1781 1.53125 1.80386e-08
1.1781 1.59375 1.48599e-08
1.1781 1.65625 1.20793e-08
1.1781 1.71875 8.83497e-09
1.1781 1.78125 6.71148e-09
1.1781 1.84375 4.3751e-09
1.1781 1.90625 4.1389e-09
1.1781 1.96875 2.62571e-09
1.9635 0.03125 1.94694e-08
1.9635 0.09375 2.25942e-08
1.9635 0.15625 2.52938e-08
1.9635 0.21875 2.71103e-08
1.9635 0.28125 2.78724e-08
1.9635 0.34375 2.74305e-08
1.9635 0.40625 2.61453e-08
1.9635 0.46875 2.425e-08
1.9635 0.53125 2.21904e-08
1.9635 0.59375 2.01753e-08
1.9635 0.65625 1.8498e-08
1.9635 0.71875 1.70777e-08
1.9635 0.78125 1.58378e-08
1.9635 0.84375 1.44353e-08
1.9635 0.90625 1.29122e-08
1.9635 0.96875 1.13149e-08
1.9635 1.03125 1.01187e-08
1.9635 1.09375 9.3705e-09
1.9635 1.15625 9.23783e-09
1.9635 1.21875 9.24896e-09
1.9635 1.28125 9.39044e-09
1.9635 1.34375 9.18696e-09
1.9635 1.40625 8.94281e-09
1.9635 1.46875 8.34779e-09
1.9635 1.53125 7.98772e-09
1.9635 1.59375 7.56774e-09
1.9635 1.65625 7.78434e-09
1.9635 1.71875 8.204e-09
1.9635 1.78125 9.51586e-09
1.9635 1.84375 1.10127e-08
1.9635 1.90625 1.27092e-08
1.9635 1.96875 1.27903e-08
2.74889 0.03125 1.43369e-08
2.74889 0.09375 1.33458e-08
2.74889 0.15625 1.34394e-08
2.74889 0.21875 1.37182e-08
2.74889 0.28125 1.46234e-08
2.74889 0.34375 1.53533e-08
2.74889 0.40625 1.60783e-08
2.74889 0.46875 1.64e-08
2.74889 0.53125 1.65133e-08
2.74889 0.59375 1.63323e-08
2.74889 0.65625 1.60664e-08
2.74889 0.71875 1.58198e-08
2.74889 0.78125 1.56757e-08
2.74889 0.84375 1.57162e-08
2.74889 0.90625 1.57812e-08
2.74889 0.96875 1.59459e-08
2.74889 1.03125 1.59411e-08
2.74889 1.09375 1.60131e-08
2.74889 1.15625 1.58704e-08
2.74889 1.21875 1.59546e-08
2.74889 1.28125 1.58915e-08
2.74889 1.34375 1.63396e-08
2.74889 1.40625 1.68058e-08
2.74889 1.46875 1.81553e-08
2.74889 1.53125 1.95471e-08
2.74889 1.59375 2.19519e-08
2.74889 1.65625 2.40715e-08
2.74889 1.71875 2.72621e-08
2.74889 1.78125 2.97333e-08
2.74889 1.84375 3.31668e-08
2.74889 1.90625 3.47389e-08
2.74889 1.96875 3.7928e-08
3.53429 0.03125 -2.01022e-08
3.53429 0.09375 -1.92823e-08
3.53429 0.15625 -1.90286e-08
3.53429 0.21875 -1.85429e-08
3.53429 0.28125 -1.81736e-08
3.53429 0.34375 -1.73716e-08
3.53429 0.40625 -1.66515e-08
3.53429 0.46875 -1.5782e-08
3.53429 0.53125 -1.52566e-08
3.53429 0.59375 -1.48393e-08
3.53429 0.65625 -1.47973e-08
3.53429 0.71875 -1.47687e-08
3.53429 0.78125 -1.48369e-08
3.53429 0.84375 -1.46445e-08
3.53429 0.90625 -1.43891e-08
3.53429 0.96875 -1.40025e-08
3.53429 1.03125 -1.38919e-08
3.53429 1.09375 -1.39851e-08
3.53429 1.15625 -1.45064e-08
3.53429 1.21875 -1.51762e-08
3.53429 1.28125 -1.61803e-08
3.53429 1.34375 -1.71836e-08
3.53429 1.40625 -1.83797e-08
3.53429 1.46875 -1.93183e-08
3.53429 1.53125 -2.03382e-08
3.53429 1.59375 -2.10303e-08
3.53429 1.65625 -2.20055e-08
3.53429 1.71875 -2.2794e-08
3.53429 1.78125 -2.42732e-08
3.53429 1.84375 -2.57622e-08
3.53429 1.90625 -2.789e-08
3.53429 1.96875 -2.82909e-08
4.31969 0.03125 -5.27222e-08
4.31969 0.09375 -5.20223e-08
4.31969 0.15625 -5.06579e-08
4.31969 0.21875 -4.87762e-08
4.31969 0.28125 -4.58929e-08
4.31969 0.34375 -4.26861e-08
4.31969 0.40625 -3.90323e-08
4.31969 0.46875 -3.55541e-08
4.31969 0.53125 -3.20384e-08
4.31969 0.59375 -2.88699e-08
4.31969 0.65625 -2.5746e-08
4.31969 0.71875 -2.29296e-08
4.31969 0.78125 -2.01404e-08
4.31969 0.84375 -1.76351e-08
4.31969 0.90625 -1.5192e-08
4.31969 0.96875 -1.30682e-08
4.31969 1.03125 -1.10404e-08
4.31969 1.09375 -9.33441e-09
4.31969 1.15625 -7.70519e-09
4.31969 1.21875 -6.39097e-09
4.31969 1.28125 -5.09929e-09
4.31969 1.34375 -4.0323e-09
4.31969 1.40625 -2.77621e-09
4.31969 1.46875 -1.58829e-09
4.31969 1.53125 -7.29071e-11
4.31969 1.59375 1.2326e-09
4.31969 1.65625 2.62712e-09
4.31969 1.71875 3.20238e-09
4.31969 1.78125 3.38998e-09
4.31969 1.84375 2.38617e-09
4.31969 1.90625 1.80944e-09
4.31969 1.96875 8.30361e-10
5.10509 0.03125 -2.73813e-08
5.10509 0.09375 -2.96355e-08
5.10509 0.15625 -3.16098e-08
5.10509 0.21875 -3.31307e-08
5.10509 0.28125 -3.40997e-08
5.10509 0.34375 -3.45279e-08
5.10509 0.40625 -3.44836e-08
5.10509 0.46875 -3.40109e-08
5.10509 0.53125 -3.31491e-08
5.10509 0.59375 -3.19812e-08
5.10509 0.65625 -3.06084e-08
5.10509 0.71875 -2.92131e-08
5.10509 0.78125 -2.7944e-08
5.10509 0.84375 -2.69822e-08
5.10509 0.90625 -2.6315e-08
5.10509 0.96875 -2.58914e-08
5.10509 1.03125 -2.5501e-08
5.10509 1.09375 -2.51384e-08
5.10509 1.15625 -2.47377e-08
5.10509 1.21875 -2.44059e-08
5.10509 1.28125 -2.3982e-08
5.10509 1.34375 -2.35292e-08
5.10509 1.40625 -2.29186e-08
5.10509 1.46875 -2.24674e-08
5.10509 1.53125 -2.21447e-08
5.10509 1.59375 -2.23621e-08
5.10509 1.65625 -2.28627e-08
5.10509 1.71875 -2.39882e-08
5.10509 1.78125 -2.50296e-08
5.10509 1.84375 -2.61953e-08
5.10509 1.90625 -2.64665e-08
5.10509 1.96875 -2.74731e-08
5.89049 0.03125 3.93962e-09
5.89049 0.09375 5.14745e-09
5.89049 0.15625 5.57648e-09
5.89049 0.21875 5.59218e-09
5.89049 0.28125 4.9551e-09
5.89049 0.34375 4.28994e-09
5.89049 0.40625 3.57622e-09
5.89049 0.46875 3.18085e-09
5.89049 0.53125 2.95057e-09
5.89049 0.59375 3.0206e-09
5.89049 0.65625 3.26638e-09
5.89049 0.71875 3.76841e-09
5.89049 0.78125 4.40682e-09
5.89049 0.84375 5.10083e-09
5.89049 0.90625 5.68844e-09
5.89049 0.96875 6.11091e-09
5.89049 1.03125 6.40634e-09
5.89049 1.09375 6.63848e-09
5.89049 1.15625 6.94672e-09
5.89049 1.21875 7.37467e-09
5.89049 1.28125 8.02809e-09
5.89049 1.34375 8.78144e-09
5.89049 1.40625 9.55355e-09
5.89049 1.46875 1.00159e-08
5.89049 1.53125 1.00796e-08
5.89049 1.59375 9.5978e-09
5.89049 1.65625 8.88594e-09
5.89049 1.71875 8.19922e-09
5.89049 1.78125 8.03822e-09
5.89049 1.84375 8.33505e-09
5.89049 1.90625 8.69706e-09
5.89049 1.96875 8.38361e-09
6.67588 0.03125 1.24491e-08
6.67588 0.09375 1.22631e-08
6.67588 0.15625 1.23215e-08
6.67588 0.21875 1.22824e-08
6.67588 0.28125 1.23612e-08
6.67588 0.34375 1.21973e-08
6.67588 0.40625 1.20131e-08
6.67588 0.46875 1.15084e-08
6.67588 0.53125 1.0781e-08
6.67588 0.59375 9.62383e-09
6.67588 0.65625 8.25965e-09
6.67588 0.71875 6.79009e-09
6.67588 0.78125 5.54353e-09
6.67588 0.84375 4.56405e-09
6.67588 0.90625 3.83437e-09
6.67588 0.96875 3.12661e-09
6.67588 1.03125 2.34622e-09
6.67588 1.09375 1.49627e-09
6.67588 1.15625 7.12586e-10
6.67588 1.21875 3.36367e-11
6.67588 1.28125 -5.9723e-10
6.67588 1.34375 -1.31323e-09
6.67588 1.40625 -2.16831e-09
6.67588 1.46875 -3.17146e-09
6.67588 1.53125 -4.2374e-09
6.67588 1.59375 -5.3002e-09
6.67588 1.65625 -6.21736e-09
6.67588 1.71875 -6.9376e-09
6.67588 1.78125 -7.39103e-09
6.67588 1.84375 -7.66164e-09
6.67588 1.90625 -7.72769e-09
6.67588 1.96875 -7.55819e-09
7.46128 0.03125 1.88767e-08
7.46128 0.09375 1.85216e-08
7.46128 0.15625 1.80256e-08
7.46128 0.21875 1.79405e-08
7.46128 0.28125 1.81766e-08
7.46128 0.34375 1.87034e-08
7.46128 0.40625 1.91612e-08
7.46128 0.46875 1.95822e-08
7.46128 0.53125 1.9778e-08
7.46128 0.59375 1.98114e-08
7.46128 0.65625 1.94961e-08
7.46128 0.71875 1.89275e-08
7.46128 0.78125 1.8108e-08
7.46128 0.84375 1.72976e-08
7.46128 0.90625 1.65436e-08
7.46128 0.96875 1.59584e-08
7.46128 1.03125 1.54717e-08
7.46128 1.09375 1.51722e-08
7.46128 1.15625 1.5039e-08
7.46128 1.21875 1.50957e-08
7.46128 1.28125 1.52118e-08
7.46128 1.34375 1.53275e-08
7.46128 1.40625 1.53764e-08
7.46128 1.46875 1.53929e-08
7.46128 1.53125 1.54543e-08
7.46128 1.59375 1.564e-08
7.46128 1.65625 1.60567e-08
7.46128 1.71875 1.664e-08
7.46128 1.78125 1.74437e-08
7.46128 1.84375 1.8233e-08
7.46128 1.90625 1.89682e-08
7.46128 1.96875 1.90071e-08
8.24668 0.03125 2.05748e-08
8.24668 0.09375 1.96212e-08
8.24668 0.15625 1.85826e-08
8.24668 0.21875 1.73599e-08
8.24668 0.28125 1.62135e-08
8.24668 0.34375 1.54307e-08
8.24668 0.40625 1.49959e-08
8.24668 0.46875 1.50102e-08
8.24668 0.53125 1.53823e-08
8.24668 0.59375 1.60921e-08
8.24668 0.65625 1.68108e-08
8.24668 0.71875 1.73727e-08
8.24668 0.78125 1.75156e-08
8.24668 0.84375 1.74214e-08
8.24668 0.90625 1.71513e-08
8.24668 0.96875 1.70754e-08
8.24668 1.03125 1.70892e-08
8.24668 1.09375 1.73537e-08
8.24668 1.15625 1.75117e-08
8.24668 1.21875 1.78242e-08
8.24668 1.28125 1.80167e-08
8.24668 1.34375 1.85746e-08
8.24668 1.40625 1.90512e-08
8.24668 1.46875 1.9944e-08
8.24668 1.53125 2.05886e-08
8.24668 1.59375 2.17638e-08
8.24668 1.65625 2.2669e-08
8.24668 1.71875 2.4348e-08
8.24668 1.78125 2.54702e-08
8.24668 1.84375 2.7169e-08
8.24668 1.90625 2.75729e-08
8.24668 1.96875 2.93418e-08
9.03208 0.03125 2.33474e-08
9.03208 0.09375 2.43448e-08
9.03208 0.15625 2.46928e-08
9.03208 0.21875 2.43545e-08
9.03208 0.28125 2.28103e-08
9.03208 0.34375 2.09159e-08
9.03208 0.40625 1.8778e-08
9.03208 0.46875 1.69461e-08
9.03208 0.53125 1.52885e-08
9.03208 0.59375 1.40124e-08
9.03208 0.65625 1.2963e-08
9.03208 0.71875 1.21852e-08
9.03208 0.78125 1.1516e-08
9.03208 0.84375 1.08724e-08
9.03208 0.90625 1.02272e-08
9.03208 0.96875 9.5363e-09
9.03208 1.03125 8.87568e-09
9.03208 1.09375 8.01902e-09
9.03208 1.15625 7.00661e-09
9.03208 1.21875 5.57968e-09
9.03208 1.28125 4.02742e-09
9.03208 1.34375 2.16532e-09
9.03208 1.40625 3.81981e-10
9.03208 1.46875 -1.62866e-09
9.03208 1.53125 -3.48457e-09
9.03208 1.59375 -5.62071e-09
9.03208 1.65625 -7.70367e-09
9.03208 1.71875 -1.02896e-08
9.03208 1.78125 -1.30621e-08
9.03208 1.84375 -1.62944e-08
9.03208 1.90625 -1.90239e-08
9.03208 1.96875 -2.07114e-08
9.81748 0.03125 -6.06332e-09
9.81748 0.09375 -4.38493e-09
9.81748 0.15625 -3.09926e-09
9.81748 0.21875 -1.7703e-09
9.81748 0.28125 -7.69967e-10
9.81748 0.34375 1.597e-12
9.81748 0.40625 6.1585e-10
9.81748 0.46875 1.16749e-09
9.81748 0.53125 1.67487e-09
9.81748 0.59375 2.1342e-09
9.81748 0.65625 2.71188e-09
9.81748 0.71875 3.47892e-09
9.81748 0.78125 4.52209e-09
9.81748 0.84375 5.61073e-09
9.81748 0.90625 6.63635e-09
9.81748 0.96875 7.38777e-09
9.81748 1.03125 8.04196e-09
9.81748 1.09375 8.6311e-09
9.81748 1.15625 9.47993e-09
9.81748 1.21875 1.04591e-08
9.81748 1.28125 1.1703e-08
9.81748 1.34375 1.28022e-08
9.81748 1.40625 1.39868e-08
9.81748 1.46875 1.49116e-08
9.81748 1.53125 1.61251e-08
9.81748 1.59375 1.70732e-08
9.81748 1.65625 1.83529e-08
9.81748 1.71875 1.89515e-08
9.81748 1.78125 1.98986e-08
9.81748 1.84375 1.9982e-08
9.81748 1.90625 2.0894e-08
9.81748 1.96875 1.98137e-08
10.6029 0.03125 -6.26591e-09
10.6029 0.09375 -6.48404e-09
10.6029 0.15625 -6.39011e-09
10.6029 0.21875 -5.9902e-09
10.6029 0.28125 -5.14195e-09
10.6029 0.34375 -4.24762e-09
10.6029 0.40625 -3.279e-09
10.6029 0.46875 -2.43327e-09
10.6029 0.53125 -1.69119e-09
10.6029 0.59375 -1.18909e-09
10.6029 0.65625 -9.24345e-10
10.6029 0.71875 -9.09052e-10
10.6029 0.78125 -1.09807e-09
10.6029 0.84375 -1.39166e-09
10.6029 0.90625 -1.76479e-09
10.6029 0.96875 -2.08576e-09
10.6029 1.03125 -2.41254e-09
10.6029 1.09375 -2.59551e-09
10.6029 1.15625 -2.76299e-09
10.6029 1.21875 -2.74674e-09
10.6029 1.28125 -2.78977e-09
10.6029 1.34375 -2.7251e-09
10.6029 1.40625 -2.83888e-09
10.6029 1.46875 -2.82129e-09
10.6029 1.53125 -2.91195e-09
10.6029 1.59375 -2.72505e-09
10.6029 1.65625 -2.585e-09
10.6029 1.71875 -2.10267e-09
10.6029 1.78125 -1.58173e-09
10.6029 1.84375 -6.44552e-10
10.6029 1.90625 1.34431e-10
10.6029 1.96875 5.73513e-10
11.3883 0.03125 -1.43791e-09
11.3883 0.09375 -1.53157e-09
11.3883 0.15625 -9.8868e-10
11.3883 0.21875 3.10336e-10
11.3883 0.28125 2.52326e-09
11.3883 0.34375 4.94513e-09
11.3883 0.40625 7.38208e-09
11.3883 0.46875 9.45376e-09
11.3883 0.53125 1.12658e-08
11.3883 0.59375 1.2636e-08
11.3883 0.65625 1.37021e-08
11.3883 0.71875 1.4315e-08
11.3883 0.78125 1.47256e-08
11.3883 0.84375 1.4924e-08
11.3883 0.90625 1.52815e-08
11.3883 0.96875 1.57029e-08
11.3883 1.03125 1.63704e-08
11.3883 1.09375 1.68982e-08
11.3883 1.15625 1.73892e-08
11.3883 1.21875 1.75058e-08
11.3883 1.28125 1.76006e-08
11.3883 1.34375 1.7459e-08
11.3883 1.40625 1.75188e-08
11.3883 1.46875 1.74625e-08
11.3883 1.53125 1.76578e-08
11.3883 1.59375 1.76806e-08
11.3883 1.65625 1.78806e-08
11.3883 1.71875 1.78869e-08
11.3883 1.78125 1.80549e-08
11.3883 1.84375 1.81003e-08
11.3883 1.90625 1.81717e-08
11.3883 1.96875 1.83633e-08
12.1737 0.03125 1.63939e-08
12.1737 0.09375 1.3353e-08
12.1737 0.15625 1.06842e-08
12.1737 0.21875 8.53084e-09
12.1737 0.28125 7.3828e-09
12.1737 0.34375 6.94774e-09
12.1737 0.40625 6.96448e-09
12.1737 0.46875 7.02972e-09
12.1737 0.53125 7.08887e-09
12.1737 0.59375 7.05241e-09
12.1737 0.65625 7.01477e-09
12.1737 0.71875 7.02484e-09
12.1737 0.78125 7.19925e-09
12.1737 0.84375 7.59726e-09
12.1737 0.90625 8.22182e-09
12.1737 0.96875 9.05229e-09
12.1737 1.03125 9.96688e-09
12.1737 1.09375 1.0893e-08
12.1737 1.15625 1.16432e-08
12.1737 1.21875 1.22232e-08
12.1737 1.28125 1.25697e-08
12.1737 1.34375 1.29049e-08
12.1737 1.40625 1.32608e-08
12.1737 1.46875 1.38499e-08
12.1737 1.53125 1.45221e-08
12.1737 1.59375 1.53184e-08
12.1737 1.65625 1.60316e-08
12.1737 1.71875 1.67797e-08
12.1737 1.78125 1.75905e-08
12.1737 1.84375 1.85825e-08
12.1737 1.90625 1.98114e-08
12.1737 1.96875 2.08236e-08
12.9591 0.03125 5.54995e-08
12.9591 0.09375 5.51906e-08
12.9591 0.15625 5.44659e-08
12.9591 0.21875 5.27343e-08
12.9591 0.28125 4.98149e-08
12.9591 0.34375 4.65356e-08
12.9591 0.40625 4.30277e-08
12.9591 0.46875 3.97708e-08
12.9591 0.53125 3.66326e-08
12.9591 0.59375 3.39637e-08
12.9591 0.65625 3.16035e-08
12.9591 0.71875 2.98634e-08
12.9591 0.78125 2.85165e-08
12.9591 0.84375 2.77463e-08
12.9591 0.90625 2.71187e-08
12.9591 0.96875 2.66972e-08
12.9591 1.03125 2.6053e-08
12.9591 1.09375 2.54491e-08
12.9591 1.15625 2.45781e-08
12.9591 1.21875 2.38162e-08
12.9591 1.28125 2.28244e-08
12.9591 1.34375 2.20753e-08
12.9591 1.40625 2.12139e-08
12.9591 1.46875 2.07785e-08
12.9591 1.53125 2.02607e-08
12.9591 1.59375 2.01903e-08
12.9591 1.65625 1.99385e-08
12.9591 1.71875 2.01616e-08
12.9591 1.78125 2.0179e-08
12.9591 1.84375 2.0635e-08
12.9591 1.90625 2.05495e-08
12.9591 1.96875 2.06198e-08
13.7445 0.03125 1.99931e-08
13.7445 0.09375 2.14528e-08
13.7445 0.15625 2.28005e-08
13.7445 0.21875 2.36217e-08
13.7445 0.28125 2.34665e-08
13.7445 0.34375 2.24393e-08
13.7445 0.40625 2.08889e-08
13.7445 0.46875 1.91522e-08
13.7445 0.53125 1.74585e-08
13.7445 0.59375 1.59426e-08
13.7445 0.65625 1.46265e-08
13.7445 0.71875 1.34904e-08
13.7445 0.78125 1.24881e-08
13.7445 0.84375 1.16238e-08
13.7445 0.90625 1.08351e-08
13.7445 0.96875 1.00545e-08
13.7445 1.03125 9.15602e-09
13.7445 1.09375 8.16698e-09
13.7445 1.15625 7.14903e-09
13.7445 1.21875 6.2918e-09
13.7445 1.28125 5.6292e-09
13.7445 1.34375 5.23333e-09
13.7445 1.40625 4.96879e-09
13.7445 1.46875 4.9044e-09
13.7445 1.53125 4.89779e-09
13.7445 1.59375 5.18051e-09
13.7445 1.65625 5.50907e-09
13.7445 1.71875 6.17632e-09
13.7445 1.78125 6.46224e-09
13.7445 1.84375 6.80553e-09
13.7445 1.90625 6.33157e-09
13.7445 1.96875 7.25273e-09
14.5299 0.03125 -7.76799e-09
14.5299 0.09375 -7.3946e-09
14.5299 0.15625 -6.92465e-09
14.5299 0.21875 -6.39298e-09
14.5299 0.28125 -5.61668e-09
14.5299 0.34375 -5.09935e-09
14.5299 0.40625 -4.67856e-09
14.5299 0.46875 -4.46814e-09
14.5299 0.53125 -4.08548e-09
14.5299 0.59375 -3.58765e-09
14.5299 0.65625 -2.80375e-09
14.5299 0.71875 -2.06625e-09
14.5299 0.78125 -1.40099e-09
14.5299 0.84375 -1.0856e-09
14.5299 0.90625 -9.33821e-10
14.5299 0.96875 -1.05984e-09
14.5299 1.03125 -1.23831e-09
14.5299 1.09375 -1.61443e-09
14.5299 1.15625 -1.91208e-09
14.5299 1.21875 -2.26083e-09
14.5299 1.28125 -2.41576e-09
14.5299 1.34375 -2.68883e-09
14.5299 1.40625 -2.93071e-09
14.5299 1.46875 -3.49155e-09
14.5299 1.53125 -4.07117e-09
14.5299 1.59375 -4.95041e-09
14.5299 1.65625 -5.77789e-09
14.5299 1.71875 -6.96149e-09
14.5299 1.78125 -8.16839e-09
14.5299 1.84375 -9.64554e-09
14.5299 1.90625 -1.06129e-08
14.5299 1.96875 -1.11781e-08
15.3153 0.03125 -1.25052e-08
15.3153 0.09375 -1.27454e-08
15.3153 0.15625 -1.2639e-08
15.3153 0.21875 -1.26908e-08
15.3153 0.28125 -1.26305e-08
15.3153 0.34375 -1.26906e-08
15.3153 0.40625 -1.28091e-08
15.3153 0.46875 -1.31207e-08
15.3153 0.53125 -1.34412e-08
15.3153 0.59375 -1.36636e-08
15.3153 0.65625 -1.35912e-08
15.3153 0.71875 -1.32594e-08
15.3153 0.78125 -1.27872e-08
15.3153 0.84375 -1.24061e-08
15.3153 0.90625 -1.22459e-08
15.3153 0.96875 -1.23276e-08
15.3153 1.03125 -1.25378e-08
15.3153 1.09375 -1.27038e-08
15.3153 1.15625 -1.27034e-08
15.3153 1.21875 -1.24695e-08
15.3153 1.28125 -1.20653e-08
15.3153 1.34375 -1.15221e-08
15.3153 1.40625 -1.09512e-08
15.3153 1.46875 -1.03266e-08
15.3153 1.53125 -9.72983e-09
15.3153 1.59375 -9.12455e-09
15.3153 1.65625 -8.66626e-09
15.3153 1.71875 -8.38829e-09
15.3153 1.78125 -8.4006e-09
15.3153 1.84375 -8.71997e-09
15.3153 1.90625 -9.34823e-09
15.3153 1.96875 -1.05799e-08
16.1007 0.03125 -1.14917e-08
16.1007 0.09375 -1.0861e-08
16.1007 0.15625 -1.07046e-08
16.1007 0.21875 -1.04672e-08
16.1007 0.28125 -1.05571e-08
16.1007 0.34375 -1.0448e-08
16.1007 0.40625 -1.04919e-08
16.1007 0.46875 -1.04223e-08
16.1007 0.53125 -1.06016e-08
16.1007 0.59375 -1.07525e-08
16.1007 0.65625 -1.10123e-08
16.1007 0.71875 -1.10382e-08
16.1007 0.78125 -1.09739e-08
16.1007 0.84375 -1.06924e-08
16.1007 0.90625 -1.04679e-08
16.1007 0.96875 -1.02092e-08
16.1007 1.03125 -1.00305e-08
16.1007 1.09375 -9.73426e-09
16.1007 1.15625 -9.43313e-09
16.1007 1.21875 -9.09363e-09
16.1007 1.28125 -8.95784e-09
16.1007 1.34375 -9.03827e-09
16.1007 1.40625 -9.48563e-09
16.1007 1.46875 -1.01963e-08
16.1007 1.53125 -1.12071e-08
16.1007 1.59375 -1.24042e-08
16.1007 1.65625 -1.38264e-08
16.1007 1.71875 -1.53577e-08
16.1007 1.78125 -1.69058e-08
16.1007 1.84375 -1.82278e-08
16.1007 1.90625 -1.90257e-08
16.1007 1.96875 -1.91176e-08
16.8861 0.03125 -4.89681e-08
16.8861 0.09375 -4.84023e-08
16.8861 0.15625 -4.78173e-08
16.8861 0.21875 -4.70593e-08
16.8861 0.28125 -4.59791e-08
16.8861 0.34375 -4.46592e-08
16.8861 0.40625 -4.30653e-08
16.8861 0.46875 -4.14715e-08
16.8861 0.53125 -3.99203e-08
16.8861 0.59375 -3.87457e-08
16.8861 0.65625 -3.7799e-08
16.8861 0.71875 -3.7206e-08
16.8861 0.78125 -3.65654e-08
16.8861 0.84375 -3.60305e-08
16.8861 0.90625 -3.52864e-08
16.8861 0.96875 -3.47177e-08
16.8861 1.03125 -3.40417e-08
16.8861 1.09375 -3.37335e-08
16.8861 1.15625 -3.33656e-08
16.8861 1.21875 -3.34628e-08
16.8861 1.28125 -3.34553e-08
16.8861 1.34375 -3.40344e-08
16.8861 1.40625 -3.44335e-08
16.8861 1.46875 -3.55236e-08
16.8861 1.53125 -3.62623e-08
16.8861 1.59375 -3.78759e-08
16.8861 1.65625 -3.89131e-08
16.8861 1.71875 -4.09203e-08
16.8861 1.78125 -4.1569e-08
16.8861 1.84375 -4.29003e-08
16.8861 1.90625 -4.20786e-08
16.8861 1.96875 -4.42189e-08
17.6715 0.03125 -2.13627e-08
17.6715 0.09375 -2.10384e-08
17.6715 0.15625 -2.03755e-08
17.6715 0.21875 -1.97755e-08
17.6715 0.28125 -1.8781e-08
17.6715 0.34375 -1.77541e-08
17.6715 0.40625 -1.64092e-08
17.6715 0.46875 -1.51257e-08
17.6715 0.53125 -1.37883e-08
17.6715 0.59375 -1.27577e-08
17.6715 0.65625 -1.19507e-08
17.6715 0.71875 -1.15362e-08
17.6715 0.78125 -1.13147e-08
17.6715 0.84375 -1.12363e-08
17.6715 0.90625 -1.10841e-08
17.6715 0.96875 -1.08036e-08
17.6715 1.03125 -1.03991e-08
17.6715 1.09375 -9.95307e-09
17.6715 1.15625 -9.61518e-09
17.6715 1.21875 -9.3191e-09
17.6715 1.28125 -9.08603e-09
17.6715 1.34375 -8.58509e-09
17.6715 1.40625 -7.83314e-09
17.6715 1.46875 -6.45563e-09
17.6715 1.53125 -4.72436e-09
17.6715 1.59375 -2.22866e-09
17.6715 1.65625 6.53925e-10
17.6715 1.71875 4.62653e-09
17.6715 1.78125 8.99817e-09
17.6715 1.84375 1.4056e-08
17.6715 1.90625 1.75545e-08
17.6715 1.96875 1.96324e-08
18.4569 0.03125 -4.59247e-08
18.4569 0.09375 -4.56477e-08
18.4569 0.15625 -4.52901e-08
18.4569 0.21875 -4.45263e-08
18.4569 0.28125 -4.34921e-08
18.4569 0.34375 -4.21068e-08
18.4569 0.40625 -4.05055e-08
18.4569 0.46875 -3.86566e-08
18.4569 0.53125 -3.6764e-08
18.4569 0.59375 -3.48392e-08
18.4569 0.65625 -3.31664e-08
18.4569 0.71875 -3.16699e-08
18.4569 0.78125 -3.05759e-08
18.4569 0.84375 -2.9536e-08
18.4569 0.90625 -2.8665e-08
18.4569 0.96875 -2.74356e-08
18.4569 1.03125 -2.61834e-08
18.4569 1.09375 -2.45364e-08
18.4569 1.15625 -2.32713e-08
18.4569 1.21875 -2.19393e-08
18.4569 1.28125 -2.12936e-08
18.4569 1.34375 -2.02764e-08
18.4569 1.40625 -1.96471e-08
18.4569 1.46875 -1.80451e-08
18.4569 1.53125 -1.68364e-08
18.4569 1.59375 -1.44172e-08
18.4569 1.65625 -1.28492e-08
18.4569 1.71875 -9.95947e-09
18.4569 1.78125 -8.97755e-09
18.4569 1.84375 -7.04144e-09
18.4569 1.90625 -8.28027e-09
18.4569 1.96875 -4.97849e-09
19.2423 0.03125 1.1597e-08
19.2423 0.09375 1.02267e-08
19.2423 0.15625 8.2661e-09
19.2423 0.21875 7.01082e-09
19.2423 0.28125 5.68923e-09
19.2423 0.34375 4.90546e-09
19.2423 0.40625 4.00681e-09
19.2423 0.46875 3.48313e-09
19.2423 0.53125 2.86146e-09
19.2423 0.59375 2.471e-09
19.2423 0.65625 1.87571e-09
19.2423 0.71875 1.26255e-09
19.2423 0.78125 3.68219e-10
19.2423 0.84375 -5.46863e-10
19.2423 0.90625 -1.50837e-09
19.2423 0.96875 -2.27963e-09
19.2423 1.03125 -2.86711e-09
19.2423 1.09375 -3.24677e-09
19.2423 1.15625 -3.51324e-09
19.2423 1.21875 -3.85278e-09
19.2423 1.28125 -4.26224e-09
19.2423 1.34375 -4.89419e-09
19.2423 1.40625 -5.49203e-09
19.2423 1.46875 -6.34139e-09
19.2423 1.53125 -7.17972e-09
19.2423 1.59375 -8.73351e-09
19.2423 1.65625 -1.07393e-08
19.2423 1.71875 -1.43458e-08
19.2423 1.78125 -1.8726e-08
19.2423 1.84375 -2.4507e-08
19.2423 1.90625 -2.84613e-08
19.2423 1.96875 -3.10981e-08
20.0277 0.03125 -1.16599e-08
20.0277 0.09375 -1.0414e-08
20.0277 0.15625 -8.81158e-09
20.0277 0.21875 -7.79423e-09
20.0277 0.28125 -6.68968e-09
20.0277 0.34375 -6.33221e-09
20.0277 0.40625 -6.24511e-09
20.0277 0.46875 -6.74088e-09
20.0277 0.53125 -7.1889e-09
20.0277 0.59375 -7.79549e-09
20.0277 0.65625 -8.16681e-09
20.0277 0.71875 -8.69853e-09
20.0277 0.78125 -9.10466e-09
20.0277 0.84375 -9.80903e-09
20.0277 0.90625 -1.04824e-08
20.0277 0.96875 -1.1615e-08
20.0277 1.03125 -1.27366e-08
20.0277 1.09375 -1.42305e-08
20.0277 1.15625 -1.52905e-08
20.0277 1.21875 -1.64021e-08
20.0277 1.28125 -1.68091e-08
20.0277 1.34375 -1.74872e-08
20.0277 1.40625 -1.7644e-08
20.0277 1.46875 -1.85306e-08
20.0277 1.53125 -1.89282e-08
20.0277 1.59375 -2.03333e-08
20.0277 1.65625 -2.09633e-08
20.0277 1.71875 -2.27426e-08
20.0277 1.78125 -2.29622e-08
20.0277 1.84375 -2.40422e-08
20.0277 1.90625 -2.25628e-08
20.0277 1.96875 -2.49548e-08
20.8131 0.03125 6.69804e-09
20.8131 0.09375 4.12256e-09
20.8131 0.15625 3.28534e-09
20.8131 0.21875 2.09625e-09
20.8131 0.28125 1.65379e-09
20.8131 0.34375 8.94047e-10
20.8131 0.40625 4.95797e-10
20.8131 0.46875 -2.23653e-10
20.8131 0.53125 -6.2453e-10
20.8131 0.59375 -1.11286e-09
20.8131 0.65625 -1.27219e-09
20.8131 0.71875 -1.444e-09
20.8131 0.78125 -1.33763e-09
20.8131 0.84375 -1.17888e-09
20.8131 0.90625 -8.19577e-10
20.8131 0.96875 -5.16055e-10
20.8131 1.03125 -2.58187e-10
20.8131 1.09375 -1.4204e-10
20.8131 1.15625 -2.26338e-11
20.8131 1.21875 2.6383e-10
20.8131 1.28125 8.04258e-10
20.8131 1.34375 1.69553e-09
20.8131 1.40625 2.67387e-09
20.8131 1.46875 3.80027e-09
20.8131 1.53125 4.68955e-09
20.8131 1.59375 5.82947e-09
20.8131 1.65625 6.8708e-09
20.8131 1.71875 8.82656e-09
20.8131 1.78125 1.09502e-08
20.8131 1.84375 1.43549e-08
20.8131 1.90625 1.65479e-08
20.8131 1.96875 1.89261e-08
21.5984 0.03125 2.44326e-08
21.5984 0.09375 2.6023e-08
21.5984 0.15625 2.50118e-08
21.5984 0.21875 2.37443e-08
21.5984 0.28125 2.03897e-08
21.5984 0.34375 1.75685e-08
21.5984 0.40625 1.42722e-08
21.5984 0.46875 1.20061e-08
21.5984 0.53125 9.57867e-09
21.5984 0.59375 7.85715e-09
21.5984 0.65625 5.87631e-09
21.5984 0.71875 4.36669e-09
21.5984 0.78125 2.65611e-09
21.5984 0.84375 1.4221e-09
21.5984 0.90625 1.43638e-10
21.5984 0.96875 -5.97103e-10
21.5984 1.03125 -1.34612e-09
21.5984 1.09375 -1.70878e-09
21.5984 1.15625 -2.31384e-09
21.5984 1.21875 -2.7218e-09
21.5984 1.28125 -3.42821e-09
21.5984 1.34375 -3.88335e-09
21.5984 1.40625 -4.70248e-09
21.5984 1.46875 -5.37389e-09
21.5984 1.53125 -6.58948e-09
21.5984 1.59375 -7.577e-09
21.5984 1.65625 -9.00838e-09
21.5984 1.71875 -9.86748e-09
21.5984 1.78125 -1.10612e-08
21.5984 1.84375 -1.14584e-08
21.5984 1.90625 -1.24477e-08
21.5984 1.96875 -1.17679e-08
22.3838 0.03125 -4.2896e-08
22.3838 0.09375 -3.91814e-08
22.3838 0.15625 -3.56191e-08
22.3838 0.21875 -3.20819e-08
22.3838 0.28125 -2.87644e-08
22.3838 0.34375 -2.6008e-08
22.3838 0.40625 -2.35176e-08
22.3838 0.46875 -2.14315e-08
22.3838 0.53125 -1.95721e-08
22.3838 0.59375 -1.80744e-08
22.3838 0.65625 -1.6698e-08
22.3838 0.71875 -1.5471e-08
22.3838 0.78125 -1.42712e-08
22.3838 0.84375 -1.32652e-08
22.3838 0.90625 -1.24835e-08
22.3838 0.96875 -1.19966e-08
22.3838 1.03125 -1.17223e-08
22.3838 1.09375 -1.15741e-08
22.3838 1.15625 -1.14562e-08
22.3838 1.21875 -1.12277e-08
22.3838 1.28125 -1.08519e-08
22.3838 1.34375 -1.02806e-08
22.3838 1.40625 -9.62382e-09
22.3838 1.46875 -8.87938e-09
22.3838 1.53125 -8.07324e-09
22.3838 1.59375 -7.16062e-09
22.3838 1.65625 -6.04957e-09
22.3838 1.71875 -4.9143e-09
22.3838 1.78125 -3.70246e-09
22.3838 1.84375 -3.1875e-09
22.3838 1.90625 -2.91921e-09
22.3838 1.96875 -3.73562e-09
23.1692 0.03125 -3.72164e-08
23.1692 0.09375 -4.07211e-08
23.1692 0.15625 -4.15431e-08
23.1692 0.21875 -4.10129e-08
23.1692 0.28125 -3.7821e-08
23.1692 0.34375 -3.44794e-08
23.1692 0.40625 -3.05771e-08
23.1692 0.46875 -2.75784e-08
23.1692 0.53125 -2.4681e-08
23.1692 0.59375 -2.25835e-08
23.1692 0.65625 -2.04203e-08
23.1692 0.71875 -1.86058e-08
23.1692 0.78125 -1.65348e-08
23.1692 0.84375 -1.47423e-08
23.1692 0.90625 -1.29483e-08
23.1692 0.96875 -1.1652e-08
23.1692 1.03125 -1.05373e-08
23.1692 1.09375 -9.88765e-09
23.1692 1.15625 -9.32644e-09
23.1692 1.21875 -9.05442e-09
23.1692 1.28125 -8.75909e-09
23.1692 1.34375 -8.66235e-09
23.1692 1.40625 -8.52069e-09
23.1692 1.46875 -8.51551e-09
23.1692 1.53125 -8.44724e-09
23.1692 1.59375 -8.47704e-09
23.1692 1.65625 -8.51263e-09
23.1692 1.71875 -8.67835e-09
23.1692 1.78125 -9.09205e-09
23.1692 1.84375 -9.70242e-09
23.1692 1.90625 -1.03989e-08
23.1692 1.96875 -1.03367e-08
23.9546 0.03125 -4.02637e-09
23.9546 0.09375 -5.9936e-09
23.9546 0.15625 -8.79379e-09
23.9546 0.21875 -1.1286e-08
23.9546 0.28125 -1.35021e-08
23.9546 0.34375 -1.47862e-08
23.9546 0.40625 -1.57452e-08
23.9546 0.46875 -1.62011e-08
23.9546 0.53125 -1.65293e-08
23.9546 0.59375 -1.66353e-08
23.9546 0.65625 -1.67142e-08
23.9546 0.71875 -1.66821e-08
23.9546 0.78125 -1.64774e-08
23.9546 0.84375 -1.60501e-08
23.9546 0.90625 -1.53121e-08
23.9546 0.96875 -1.44762e-08
23.9546 1.03125 -1.35406e-08
23.9546 1.09375 -1.29456e-08
23.9546 1.15625 -1.26434e-08
23.9546 1.21875 -1.30985e-08
23.9546 1.28125 -1.39117e-08
23.9546 1.34375 -1.53128e-08
23.9546 1.40625 -1.65055e-08
23.9546 1.46875 -1.78267e-08
23.9546 1.53125 -1.8556e-08
23.9546 1.59375 -1.94996e-08
23.9546 1.65625 -1.99489e-08
23.9546 1.71875 -2.08814e-08
23.9546 1.78125 -2.11861e-08
23.9546 1.84375 -2.18955e-08
23.9546 1.90625 -2.17093e-08
23.9546 1.96875 -2.26751e-08
24.74 0.03125 3.38399e-08
24.74 0.09375 3.41993e-08
24.74 0.15625 3.36132e-08
24.74 0.21875 3.21352e-08
24.74 0.28125 2.97465e-08
24.74 0.34375 2.74109e-08
24.74 0.40625 2.5207e-08
24.74 0.46875 2.36024e-08
24.74 0.53125 2.23128e-08
24.74 0.59375 2.14513e-08
24.74 0.65625 2.05413e-08
24.74 0.71875 1.96674e-08
24.74 0.78125 1.86239e-08
24.74 0.84375 1.78564e-08
24.74 0.90625 1.73392e-08
24.74 0.96875 1.73395e-08
24.74 1.03125 1.74516e-08
24.74 1.09375 1.77032e-08
24.74 1.15625 1.7709e-08
24.74 1.21875 1.77545e-08
24.74 1.28125 1.76777e-08
24.74 1.34375 1.7941e-08
24.74 1.40625 1.83418e-08
24.74 1.46875 1.92942e-08
24.74 1.53125 2.03918e-08
24.74 1.59375 2.20035e-08
24.74 1.65625 2.35344e-08
24.74 1.71875 2.54043e-08
24.74 1.78125 2.6846e-08
24.74 1.84375 2.83898e-08
24.74 1.90625 2.89475e-08
24.74 1.96875 2.9524e-08
