0.392699 0.03125 2.79854e-09
0.392699 0.09375 2.29768e-09
0.392699 0.15625 2.05869e-09
0.392699 0.21875 1.5686e-09
0.392699 0.28125 1.07991e-09
0.392699 0.34375 7.12731e-10
0.392699 0.40625 6.22708e-10
0.392699 0.46875 8.00273e-10
0.392699 0.53125 1.12457e-09
0.392699 0.59375 1.5365e-09
0.392699 0.65625 1.80248e-09
0.392699 0.71875 2.00157e-09
0.392699 0.78125 2.05716e-09
0.392699 0.84375 2.32498e-09
0.392699 0.90625 2.71469e-09
0.392699 0.96875 3.43391e-09
0.392699 1.03125 4.04241e-09
0.392699 1.09375 4.68819e-09
0.392699 1.15625 4.99064e-09
0.392699 1.21875 5.45713e-09
0.392699 1.28125 5.82832e-09
0.392699 1.34375 6.76989e-09
0.392699 1.40625 7.79121e-09
0.392699 1.46875 9.53954e-09
0.392699 1.53125 1.11941e-08
0.392699 1.59375 1.34944e-08
0.392699 1.65625 1.53024e-08
0.392699 1.71875 1.75831e-08
0.392699 1.78125 1.87899e-08
0.392699 1.84375 2.02266e-08
0.392699 1.90625 2.00467e-08
0.392699 1.96875 2.13115e-08
1.1781 0.03125 4.88557e-08
1.1781 0.09375 4.68944e-08
1.1781 0.15625 4.48133e-08
1.1781 0.21875 4.28517e-08
1.1781 0.28125 4.06268e-08
1.1781 0.34375 3.87013e-08
1.1781 0.40625 3.6939e-08
1.1781 0.46875 3.56085e-08
1.1781 0.53125 3.44281e-08
1.1781 0.59375 3.34944e-08
1.1781 0.65625 3.25328e-08
1.1781 0.71875 3.16106e-08
1.1781 0.78125 3.05519e-08
1.1781 0.84375 2.95315e-08
1.1781 0.90625 2.84894e-08
1.1781 0.96875 2.75956e-08
1.1781 1.03125 2.67349e-08
1.1781 1.09375 2.6062e-08
1.1781 1.15625 2.55224e-08
1.1781 1.21875 2.53141e-08
1.1781 1.28125 2.52865e-08
1.1781 1.34375 2.54217e-08
1.1781 1.40625 2.53779e-08
1.1781 1.46875 2.50851e-08
1.1781 1.53125 2.43623e-08
1.1781 1.59375 2.32969e-08
1.1781 1.65625 2.19156e-08
1.1781 1.71875 2.02191e-08
1.1781 1.78125 1.84094e-08
1.1781 1.84375 1.64874e-08
1.1781 1.90625 1.55518e-08
1.1781 1.96875 1.53498e-08
1.9635 0.03125 4.44232e-08
1.9635 0.09375 4.68097e-08
1.9635 0.15625 4.81976e-08
1.9635 0.21875 4.86112e-08
1.9635 0.28125 4.75161e-08
1.9635 0.34375 4.54452e-08
1.9635 0.40625 4.26468e-08
1.9635 0.46875 3.96741e-08
1.9635 0.53125 3.67319e-08
1.9635 0.59375 3.40741e-08
1.9635 0.65625 3.17502e-08
1.9635 0.71875 2.96518e-08
1.9635 0.78125 2.76447e-08
1.9635 0.84375 2.54645e-08
1.9635 0.90625 2.32491e-08
1.9635 0.96875 2.10066e-08
1.9635 1.03125 1.92484e-08
1.9635 1.09375 1.78875e-08
1.9635 1.15625 1.72737e-08
1.9635 1.21875 1.6795e-08
1.9635 1.28125 1.66184e-08
1.9635 1.34375 1.5835e-08
1.9635 1.40625 1.48699e-08
1.9635 1.46875 1.28513e-08
1.9635 1.53125 1.07852e-08
1.9635 1.59375 7.8422e-09
1.9635 1.65625 5.51363e-09
1.9635 1.71875 2.62711e-09
1.9635 1.78125 1.09781e-09
1.9635 1.84375 -6.45947e-10
1.9635 1.90625 -4.32739e-10
1.9635 1.96875 -2.27209e-09
2.74889 0.03125 4.23174e-08
2.74889 0.09375 4.28298e-08
2.74889 0.15625 4.41664e-08
2.74889 0.21875 4.50671e-08
2.74889 0.28125 4.58136e-08
2.74889 0.34375 4.55761e-08
2.74889 0.40625 4.48943e-08
2.74889 0.46875 4.35719e-08
2.74889 0.53125 4.21923e-08
2.74889 0.59375 4.07262e-08
2.74889 0.65625 3.95494e-08
2.74889 0.71875 3.85273e-08
2.74889 0.78125 3.76779e-08
2.74889 0.84375 3.67588e-08
2.74889 0.90625 3.57652e-08
2.74889 0.96875 3.47869e-08
2.74889 1.03125 3.40389e-08
2.74889 1.09375 3.3731e-08
2.74889 1.15625 3.38269e-08
2.74889 1.21875 3.43062e-08
2.74889 1.28125 3.49018e-08
2.74889 1.34375 3.56612e-08
2.74889 1.40625 3.63751e-08
2.74889 1.46875 3.73137e-08
2.74889 1.53125 3.8301e-08
2.74889 1.59375 3.97747e-08
2.74889 1.65625 4.14506e-08
2.74889 1.71875 4.39096e-08
2.74889 1.78125 4.66181e-08
2.74889 1.84375 5.00928e-08
2.74889 1.90625 5.2676e-08
2.74889 1.96875 5.47619e-08
3.53429 0.03125 2.5787e-08
3.53429 0.09375 2.60173e-08
3.53429 0.15625 2.59731e-08
3.53429 0.21875 2.59224e-08
3.53429 0.28125 2.54253e-08
3.53429 0.34375 2.4779e-08
3.53429 0.40625 2.36653e-08
3.53429 0.46875 2.24624e-08
3.53429 0.53125 2.09156e-08
3.53429 0.59375 1.94032e-08
3.53429 0.65625 1.77182e-08
3.53429 0.71875 1.62413e-08
3.53429 0.78125 1.47414e-08
3.53429 0.84375 1.35302e-08
3.53429 0.90625 1.22829e-08
3.53429 0.96875 1.12699e-08
3.53429 1.03125 1.01133e-08
3.53429 1.09375 9.14569e-09
3.53429 1.15625 7.96634e-09
3.53429 1.21875 7.00974e-09
3.53429 1.28125 5.80464e-09
3.53429 1.34375 4.92793e-09
3.53429 1.40625 3.81776e-09
3.53429 1.46875 3.24433e-09
3.53429 1.53125 2.42991e-09
3.53429 1.59375 2.33895e-09
3.53429 1.65625 1.8984e-09
3.53429 1.71875 2.44643e-09
3.53429 1.78125 2.424e-09
3.53429 1.84375 3.33761e-09
3.53429 1.90625 2.78761e-09
3.53429 1.96875 4.26717e-09
4.31969 0.03125 -2.16893e-08
4.31969 0.09375 -1.99454e-08
4.31969 0.15625 -1.79147e-08
4.31969 0.21875 -1.56743e-08
4.31969 0.28125 -1.28976e-08
4.31969 0.34375 -1.00745e-08
4.31969 0.40625 -7.16363e-09
4.31969 0.46875 -4.60916e-09
4.31969 0.53125 -2.3089e-09
4.31969 0.59375 -4.82871e-10
4.31969 0.65625 1.12615e-09
4.31969 0.71875 2.50028e-09
4.31969 0.78125 3.93524e-09
4.31969 0.84375 5.39365e-09
4.31969 0.90625 6.97297e-09
4.31969 0.96875 8.44843e-09
4.31969 1.03125 9.7692e-09
4.31969 1.09375 1.07724e-08
4.31969 1.15625 1.15376e-08
4.31969 1.21875 1.2045e-08
4.31969 1.28125 1.24055e-08
4.31969 1.34375 1.26435e-08
4.31969 1.40625 1.29166e-08
4.31969 1.46875 1.33164e-08
4.31969 1.53125 1.39406e-08
4.31969 1.59375 1.47428e-08
4.31969 1.65625 1.55979e-08
4.31969 1.71875 1.62593e-08
4.31969 1.78125 1.63794e-08
4.31969 1.84375 1.57338e-08
4.31969 1.90625 1.46858e-08
4.31969 1.96875 1.44169e-08
5.10509 0.03125 -3.87136e-08
5.10509 0.09375 -4.04691e-08
5.10509 0.15625 -4.14529e-08
5.10509 0.21875 -4.16548e-08
5.10509 0.28125 -4.06428e-08
5.10509 0.34375 -3.89501e-08
5.10509 0.40625 -3.66648e-08
5.10509 0.46875 -3.43162e-08
5.10509 0.53125 -3.18829e-08
5.10509 0.59375 -2.9663e-08
5.10509 0.65625 -2.75352e-08
5.10509 0.71875 -2.56825e-08
5.10509 0.78125 -2.39493e-08
5.10509 0.84375 -2.24613e-08
5.10509 0.90625 -2.10587e-08
5.10509 0.96875 -1.98647e-08
5.10509 1.03125 -1.87481e-08
5.10509 1.09375 -1.78668e-08
5.10509 1.15625 -1.71077e-08
5.10509 1.21875 -1.66325e-08
5.10509 1.28125 -1.62415e-08
5.10509 1.34375 -1.60199e-08
5.10509 1.40625 -1.56486e-08
5.10509 1.46875 -1.52752e-08
5.10509 1.53125 -1.4631e-08
5.10509 1.59375 -1.4153e-08
5.10509 1.65625 -1.36902e-08
5.10509 1.71875 -1.40039e-08
5.10509 1.78125 -1.46809e-08
5.10509 1.84375 -1.61544e-08
5.10509 1.90625 -1.6827e-08
5.10509 1.96875 -1.77705e-08
5.89049 0.03125 -1.63945e-08
5.89049 0.09375 -1.63404e-08
5.89049 0.15625 -1.68901e-08
5.89049 0.21875 -1.72938e-08
5.89049 0.28125 -1.77956e-08
5.89049 0.34375 -1.77275e-08
5.89049 0.40625 -1.73839e-08
5.89049 0.46875 -1.64375e-08
5.89049 0.53125 -1.51672e-08
5.89049 0.59375 -1.34334e-08
5.89049 0.65625 -1.1515e-08
5.89049 0.71875 -9.46024e-09
5.89049 0.78125 -7.54364e-09
5.89049 0.84375 -5.85465e-09
5.89049 0.90625 -4.46685e-09
5.89049 0.96875 -3.30697e-09
5.89049 1.03125 -2.2495e-09
5.89049 1.09375 -1.25311e-09
5.89049 1.15625 -2.33237e-10
5.89049 1.21875 7.74946e-10
5.89049 1.28125 1.91795e-09
5.89049 1.34375 3.12156e-09
5.89049 1.40625 4.44557e-09
5.89049 1.46875 5.58644e-09
5.89049 1.53125 6.52063e-09
5.89049 1.59375 6.93938e-09
5.89049 1.65625 7.05954e-09
5.89049 1.71875 6.77425e-09
5.89049 1.78125 6.61494e-09
5.89049 1.84375 6.46229e-09
5.89049 1.90625 6.54248e-09
5.89049 1.96875 5.69883e-09
6.67588 0.03125 5.30737e-09
6.67588 0.09375 5.44905e-09
6.67588 0.15625 5.53457e-09
6.67588 0.21875 5.24556e-09
6.67588 0.28125 4.6857e-09
6.67588 0.34375 3.92543e-09
6.67588 0.40625 3.2793e-09
6.67588 0.46875 2.73387e-09
6.67588 0.53125 2.37987e-09
6.67588 0.59375 2.11867e-09
6.67588 0.65625 2.02942e-09
6.67588 0.71875 2.08697e-09
6.67588 0.78125 2.32777e-09
6.67588 0.84375 2.63767e-09
6.67588 0.90625 2.92466e-09
6.67588 0.96875 3.08132e-09
6.67588 1.03125 3.10077e-09
6.67588 1.09375 3.01969e-09
6.67588 1.15625 2.9148e-09
6.67588 1.21875 2.85956e-09
6.67588 1.28125 2.88219e-09
6.67588 1.34375 2.96075e-09
6.67588 1.40625 2.98434e-09
6.67588 1.46875 2.83247e-09
6.67588 1.53125 2.37281e-09
6.67588 1.59375 1.61815e-09
6.67588 1.65625 6.5345e-10
6.67588 1.71875 -2.49962e-10
6.67588 1.78125 -9.53902e-10
6.67588 1.84375 -1.30577e-09
6.67588 1.90625 -1.50569e-09
6.67588 1.96875 -1.39222e-09
7.46128 0.03125 1.98843e-08
7.46128 0.09375 2.02047e-08
7.46128 0.15625 2.04365e-08
7.46128 0.21875 2.08044e-08
7.46128 0.28125 2.11734e-08
7.46128 0.34375 2.13489e-08
7.46128 0.40625 2.12341e-08
7.46128 0.46875 2.07988e-08
7.46128 0.53125 2.00141e-08
7.46128 0.59375 1.89116e-08
7.46128 0.65625 1.75952e-08
7.46128 0.71875 1.62494e-08
7.46128 0.78125 1.50617e-08
7.46128 0.84375 1.40888e-08
7.46128 0.90625 1.32986e-08
7.46128 0.96875 1.25151e-08
7.46128 1.03125 1.17276e-08
7.46128 1.09375 1.08813e-08
7.46128 1.15625 1.01695e-08
7.46128 1.21875 9.4729e-09
7.46128 1.28125 8.8932e-09
7.46128 1.34375 8.10152e-09
7.46128 1.40625 7.28034e-09
7.46128 1.46875 6.10402e-09
7.46128 1.53125 4.98392e-09
7.46128 1.59375 3.54022e-09
7.46128 1.65625 2.38409e-09
7.46128 1.71875 9.96293e-10
7.46128 1.78125 2.6016e-10
7.46128 1.84375 -5.43993e-10
7.46128 1.90625 -4.63068e-10
7.46128 1.96875 -1.3613e-09
8.24668 0.03125 2.03283e-08
8.24668 0.09375 1.93235e-08
8.24668 0.15625 1.84474e-08
8.24668 0.21875 1.78711e-08
8.24668 0.28125 1.79915e-08
8.24668 0.34375 1.86173e-08
8.24668 0.40625 1.95543e-08
8.24668 0.46875 2.05721e-08
8.24668 0.53125 2.15639e-08
8.24668 0.59375 2.24221e-08
8.24668 0.65625 2.30122e-08
8.24668 0.71875 2.33202e-08
8.24668 0.78125 2.33247e-08
8.24668 0.84375 2.3244e-08
8.24668 0.90625 2.30961e-08
8.24668 0.96875 2.31143e-08
8.24668 1.03125 2.31827e-08
8.24668 1.09375 2.35707e-08
8.24668 1.15625 2.40884e-08
8.24668 1.21875 2.50333e-08
8.24668 1.28125 2.60342e-08
8.24668 1.34375 2.73955e-08
8.24668 1.40625 2.86216e-08
8.24668 1.46875 3.01737e-08
8.24668 1.53125 3.15345e-08
8.24668 1.59375 3.34141e-08
8.24668 1.65625 3.52251e-08
8.24668 1.71875 3.78204e-08
8.24668 1.78125 4.02807e-08
8.24668 1.84375 4.32656e-08
8.24668 1.90625 4.5102e-08
8.24668 1.96875 4.68165e-08
9.03208 0.03125 3.26846e-08
9.03208 0.09375 3.22948e-08
9.03208 0.15625 3.15824e-08
9.03208 0.21875 3.04296e-08
9.03208 0.28125 2.86597e-08
9.03208 0.34375 2.69731e-08
9.03208 0.40625 2.53248e-08
9.03208 0.46875 2.41017e-08
9.03208 0.53125 2.30862e-08
9.03208 0.59375 2.24104e-08
9.03208 0.65625 2.1707e-08
9.03208 0.71875 2.09524e-08
9.03208 0.78125 1.99008e-08
9.03208 0.84375 1.87449e-08
9.03208 0.90625 1.75272e-08
9.03208 0.96875 1.64946e-08
9.03208 1.03125 1.55574e-08
9.03208 1.09375 1.46956e-08
9.03208 1.15625 1.36578e-08
9.03208 1.21875 1.24758e-08
9.03208 1.28125 1.10721e-08
9.03208 1.34375 9.68381e-09
9.03208 1.40625 8.20607e-09
9.03208 1.46875 6.86859e-09
9.03208 1.53125 5.39191e-09
9.03208 1.59375 4.15504e-09
9.03208 1.65625 2.7342e-09
9.03208 1.71875 1.71302e-09
9.03208 1.78125 1.92479e-10
9.03208 1.84375 -9.91453e-10
9.03208 1.90625 -2.87328e-09
9.03208 1.96875 -2.63904e-09
9.81748 0.03125 1.7932e-08
9.81748 0.09375 1.94487e-08
9.81748 0.15625 2.03396e-08
9.81748 0.21875 2.09535e-08
9.81748 0.28125 2.07528e-08
9.81748 0.34375 2.02733e-08
9.81748 0.40625 1.95645e-08
9.81748 0.46875 1.90035e-08
9.81748 0.53125 1.85722e-08
9.81748 0.59375 1.83924e-08
9.81748 0.65625 1.84572e-08
9.81748 0.71875 1.87465e-08
9.81748 0.78125 1.92269e-08
9.81748 0.84375 1.97134e-08
9.81748 0.90625 2.02264e-08
9.81748 0.96875 2.05921e-08
9.81748 1.03125 2.09939e-08
9.81748 1.09375 2.12182e-08
9.81748 1.15625 2.15106e-08
9.81748 1.21875 2.15622e-08
9.81748 1.28125 2.17263e-08
9.81748 1.34375 2.16129e-08
9.81748 1.40625 2.17021e-08
9.81748 1.46875 2.14928e-08
9.81748 1.53125 2.15988e-08
9.81748 1.59375 2.13017e-08
9.81748 1.65625 2.12704e-08
9.81748 1.71875 2.04519e-08
9.81748 1.78125 1.9717e-08
9.81748 1.84375 1.80146e-08
9.81748 1.90625 1.70813e-08
9.81748 1.96875 1.56484e-08
10.6029 0.03125 -1.10657e-09
10.6029 0.09375 -7.76646e-10
10.6029 0.15625 -6.79854e-10
10.6029 0.21875 -7.24321e-10
10.6029 0.28125 -1.0006e-09
10.6029 0.34375 -1.43677e-09
10.6029 0.40625 -1.86865e-09
10.6029 0.46875 -2.22835e-09
10.6029 0.53125 -2.49484e-09
10.6029 0.59375 -2.68328e-09
10.6029 0.65625 -2.76044e-09
10.6029 0.71875 -2.67963e-09
10.6029 0.78125 -2.47812e-09
10.6029 0.84375 -2.21884e-09
10.6029 0.90625 -2.06374e-09
10.6029 0.96875 -2.00881e-09
10.6029 1.03125 -2.08388e-09
10.6029 1.09375 -2.09353e-09
10.6029 1.15625 -2.03542e-09
10.6029 1.21875 -1.77423e-09
10.6029 1.28125 -1.485e-09
10.6029 1.34375 -1.14402e-09
10.6029 1.40625 -9.21121e-10
10.6029 1.46875 -6.89194e-10
10.6029 1.53125 -4.71701e-10
10.6029 1.59375 -1.93583e-10
10.6029 1.65625 1.16748e-10
10.6029 1.71875 3.18725e-10
10.6029 1.78125 6.52988e-10
10.6029 1.84375 9.00023e-10
10.6029 1.90625 1.62489e-09
10.6029 1.96875 1.24016e-09
11.3883 0.03125 -3.58617e-09
11.3883 0.09375 -2.45259e-09
11.3883 0.15625 -8.64865e-10
11.3883 0.21875 1.00289e-09
11.3883 0.28125 3.19225e-09
11.3883 0.34375 5.11523e-09
11.3883 0.40625 6.88611e-09
11.3883 0.46875 8.30509e-09
11.3883 0.53125 9.54357e-09
11.3883 0.59375 1.04446e-08
11.3883 0.65625 1.11381e-08
11.3883 0.71875 1.15131e-08
11.3883 0.78125 1.17275e-08
11.3883 0.84375 1.17204e-08
11.3883 0.90625 1.16714e-08
11.3883 0.96875 1.15133e-08
11.3883 1.03125 1.14017e-08
11.3883 1.09375 1.12246e-08
11.3883 1.15625 1.11303e-08
11.3883 1.21875 1.09791e-08
11.3883 1.28125 1.09144e-08
11.3883 1.34375 1.07484e-08
11.3883 1.40625 1.06431e-08
11.3883 1.46875 1.04324e-08
11.3883 1.53125 1.03524e-08
11.3883 1.59375 1.02423e-08
11.3883 1.65625 1.03225e-08
11.3883 1.71875 1.04093e-08
11.3883 1.78125 1.07031e-08
11.3883 1.84375 1.10093e-08
11.3883 1.90625 1.12008e-08
11.3883 1.96875 1.09696e-08
12.1737 0.03125 -1.23608e-08
12.1737 0.09375 -1.43796e-08
12.1737 0.15625 -1.5704e-08
12.1737 0.21875 -1.59294e-08
12.1737 0.28125 -1.4519e-08
12.1737 0.34375 -1.23129e-08
12.1737 0.40625 -9.65974e-09
12.1737 0.46875 -7.21716e-09
12.1737 0.53125 -4.97609e-09
12.1737 0.59375 -3.21669e-09
12.1737 0.65625 -1.78592e-09
12.1737 0.71875 -8.10849e-10
12.1737 0.78125 -4.68138e-11
12.1737 0.84375 5.167e-10
12.1737 0.90625 1.17192e-09
12.1737 0.96875 1.8957e-09
12.1737 1.03125 2.81064e-09
12.1737 1.09375 3.70555e-09
12.1737 1.15625 4.59098e-09
12.1737 1.21875 5.29224e-09
12.1737 1.28125 5.94717e-09
12.1737 1.34375 6.50492e-09
12.1737 1.40625 7.15579e-09
12.1737 1.46875 7.82489e-09
12.1737 1.53125 8.62464e-09
12.1737 1.59375 9.41121e-09
12.1737 1.65625 1.02573e-08
12.1737 1.71875 1.1067e-08
12.1737 1.78125 1.19422e-08
12.1737 1.84375 1.28275e-08
12.1737 1.90625 1.37565e-08
12.1737 1.96875 1.48311e-08
12.9591 0.03125 3.28462e-08
12.9591 0.09375 3.09111e-08
12.9591 0.15625 2.88077e-08
12.9591 0.21875 2.65972e-08
12.9591 0.28125 2.44228e-08
12.9591 0.34375 2.28135e-08
12.9591 0.40625 2.14523e-08
12.9591 0.46875 2.04119e-08
12.9591 0.53125 1.93868e-08
12.9591 0.59375 1.85643e-08
12.9591 0.65625 1.77922e-08
12.9591 0.71875 1.73057e-08
12.9591 0.78125 1.69748e-08
12.9591 0.84375 1.69811e-08
12.9591 0.90625 1.71206e-08
12.9591 0.96875 1.75027e-08
12.9591 1.03125 1.78633e-08
12.9591 1.09375 1.8282e-08
12.9591 1.15625 1.84558e-08
12.9591 1.21875 1.85171e-08
12.9591 1.28125 1.82554e-08
12.9591 1.34375 1.79863e-08
12.9591 1.40625 1.75848e-08
12.9591 1.46875 1.73817e-08
12.9591 1.53125 1.71107e-08
12.9591 1.59375 1.69747e-08
12.9591 1.65625 1.66645e-08
12.9591 1.71875 1.6457e-08
12.9591 1.78125 1.62984e-08
12.9591 1.84375 1.64422e-08
12.9591 1.90625 1.68062e-08
12.9591 1.96875 1.68233e-08
13.7445 0.03125 4.08638e-08
13.7445 0.09375 4.12235e-08
13.7445 0.15625 4.14029e-08
13.7445 0.21875 4.08473e-08
13.7445 0.28125 3.90702e-08
13.7445 0.34375 3.66177e-08
13.7445 0.40625 3.37181e-08
13.7445 0.46875 3.08257e-08
13.7445 0.53125 2.79296e-08
13.7445 0.59375 2.53081e-08
13.7445 0.65625 2.28952e-08
13.7445 0.71875 2.09495e-08
13.7445 0.78125 1.93636e-08
13.7445 0.84375 1.82948e-08
13.7445 0.90625 1.74499e-08
13.7445 0.96875 1.68533e-08
13.7445 1.03125 1.61691e-08
13.7445 1.09375 1.55489e-08
13.7445 1.15625 1.47726e-08
13.7445 1.21875 1.41317e-08
13.7445 1.28125 1.34288e-08
13.7445 1.34375 1.30368e-08
13.7445 1.40625 1.27132e-08
13.7445 1.46875 1.28556e-08
13.7445 1.53125 1.30713e-08
13.7445 1.59375 1.37773e-08
13.7445 1.65625 1.44336e-08
13.7445 1.71875 1.5576e-08
13.7445 1.78125 1.64057e-08
13.7445 1.84375 1.74818e-08
13.7445 1.90625 1.76326e-08
13.7445 1.96875 1.83427e-08
14.5299 0.03125 1.30624e-08
14.5299 0.09375 1.39803e-08
14.5299 0.15625 1.47333e-08
14.5299 0.21875 1.51866e-08
14.5299 0.28125 1.52208e-08
14.5299 0.34375 1.46476e-08
14.5299 0.40625 1.37754e-08
14.5299 0.46875 1.27221e-08
14.5299 0.53125 1.17885e-08
14.5299 0.59375 1.09515e-08
14.5299 0.65625 1.03077e-08
14.5299 0.71875 9.70562e-09
14.5299 0.78125 9.20215e-09
14.5299 0.84375 8.70361e-09
14.5299 0.90625 8.29362e-09
14.5299 0.96875 7.836e-09
14.5299 1.03125 7.34118e-09
14.5299 1.09375 6.67211e-09
14.5299 1.15625 5.94154e-09
14.5299 1.21875 5.11983e-09
14.5299 1.28125 4.3565e-09
14.5299 1.34375 3.55332e-09
14.5299 1.40625 2.78347e-09
14.5299 1.46875 1.92575e-09
14.5299 1.53125 1.09291e-09
14.5299 1.59375 2.52527e-10
14.5299 1.65625 -5.01625e-10
14.5299 1.71875 -1.19555e-09
14.5299 1.78125 -1.96538e-09
14.5299 1.84375 -2.64094e-09
14.5299 1.90625 -3.2434e-09
14.5299 1.96875 -2.61e-09
15.3153 0.03125 -1.40184e-08
15.3153 0.09375 -1.40157e-08
15.3153 0.15625 -1.35391e-08
15.3153 0.21875 -1.33141e-08
15.3153 0.28125 -1.29141e-08
15.3153 0.34375 -1.28994e-08
15.3153 0.40625 -1.2922e-08
15.3153 0.46875 -1.32077e-08
15.3153 0.53125 -1.33071e-08
15.3153 0.59375 -1.33345e-08
15.3153 0.65625 -1.30353e-08
15.3153 0.71875 -1.27131e-08
15.3153 0.78125 -1.23362e-08
15.3153 0.84375 -1.22078e-08
15.3153 0.90625 -1.22115e-08
15.3153 0.96875 -1.24998e-08
15.3153 1.03125 -1.28747e-08
15.3153 1.09375 -1.34042e-08
15.3153 1.15625 -1.38193e-08
15.3153 1.21875 -1.41503e-08
15.3153 1.28125 -1.41891e-08
15.3153 1.34375 -1.41013e-08
15.3153 1.40625 -1.37952e-08
15.3153 1.46875 -1.34864e-08
15.3153 1.53125 -1.30475e-08
15.3153 1.59375 -1.26829e-08
15.3153 1.65625 -1.2265e-08
15.3153 1.71875 -1.21022e-08
15.3153 1.78125 -1.20649e-08
15.3153 1.84375 -1.24853e-08
15.3153 1.90625 -1.30459e-08
15.3153 1.96875 -1.42635e-08
16.1007 0.03125 -2.88985e-09
16.1007 0.09375 -2.53498e-09
16.1007 0.15625 -2.34878e-09
16.1007 0.21875 -2.2417e-09
16.1007 0.28125 -2.48984e-09
16.1007 0.34375 -2.83469e-09
16.1007 0.40625 -3.48086e-09
16.1007 0.46875 -4.13452e-09
16.1007 0.53125 -4.90554e-09
16.1007 0.59375 -5.41787e-09
16.1007 0.65625 -5.78567e-09
16.1007 0.71875 -5.78371e-09
16.1007 0.78125 -5.75476e-09
16.1007 0.84375 -5.62596e-09
16.1007 0.90625 -5.73963e-09
16.1007 0.96875 -5.85253e-09
16.1007 1.03125 -6.12852e-09
16.1007 1.09375 -6.17387e-09
16.1007 1.15625 -6.19603e-09
16.1007 1.21875 -5.87623e-09
16.1007 1.28125 -5.61208e-09
16.1007 1.34375 -5.09962e-09
16.1007 1.40625 -4.81866e-09
16.1007 1.46875 -4.31731e-09
16.1007 1.53125 -4.1245e-09
16.1007 1.59375 -3.62185e-09
16.1007 1.65625 -3.53427e-09
16.1007 1.71875 -3.13927e-09
16.1007 1.78125 -3.50444e-09
16.1007 1.84375 -3.67647e-09
16.1007 1.90625 -4.73152e-09
16.1007 1.96875 -4.33034e-09
16.8861 0.03125 -4.82855e-08
16.8861 0.09375 -4.77342e-08
16.8861 0.15625 -4.74622e-08
16.8861 0.21875 -4.69302e-08
16.8861 0.28125 -4.64215e-08
16.8861 0.34375 -4.56556e-08
16.8861 0.40625 -4.48932e-08
16.8861 0.46875 -4.40537e-08
16.8861 0.53125 -4.33298e-08
16.8861 0.59375 -4.26613e-08
16.8861 0.65625 -4.20291e-08
16.8861 0.71875 -4.13542e-08
16.8861 0.78125 -4.05595e-08
16.8861 0.84375 -3.97575e-08
16.8861 0.90625 -3.89258e-08
16.8861 0.96875 -3.82764e-08
16.8861 1.03125 -3.76321e-08
16.8861 1.09375 -3.71895e-08
16.8861 1.15625 -3.66675e-08
16.8861 1.21875 -3.6448e-08
16.8861 1.28125 -3.62532e-08
16.8861 1.34375 -3.66593e-08
16.8861 1.40625 -3.72062e-08
16.8861 1.46875 -3.85634e-08
16.8861 1.53125 -3.99743e-08
16.8861 1.59375 -4.23572e-08
16.8861 1.65625 -4.46651e-08
16.8861 1.71875 -4.81604e-08
16.8861 1.78125 -5.10799e-08
16.8861 1.84375 -5.46918e-08
16.8861 1.90625 -5.60162e-08
16.8861 1.96875 -5.81307e-08
17.6715 0.03125 -2.46719e-08
17.6715 0.09375 -2.4438e-08
17.6715 0.15625 -2.41154e-08
17.6715 0.21875 -2.39007e-08
17.6715 0.28125 -2.34447e-08
17.6715 0.34375 -2.30011e-08
17.6715 0.40625 -2.23476e-08
17.6715 0.46875 -2.18313e-08
17.6715 0.53125 -2.13253e-08
17.6715 0.59375 -2.11673e-08
17.6715 0.65625 -2.11199e-08
17.6715 0.71875 -2.13593e-08
17.6715 0.78125 -2.15143e-08
17.6715 0.84375 -2.17706e-08
17.6715 0.90625 -2.18301e-08
17.6715 0.96875 -2.20288e-08
17.6715 1.03125 -2.2097e-08
17.6715 1.09375 -2.24095e-08
17.6715 1.15625 -2.25729e-08
17.6715 1.21875 -2.29818e-08
17.6715 1.28125 -2.31491e-08
17.6715 1.34375 -2.36147e-08
17.6715 1.40625 -2.37741e-08
17.6715 1.46875 -2.43222e-08
17.6715 1.53125 -2.44354e-08
17.6715 1.59375 -2.50402e-08
17.6715 1.65625 -2.4921e-08
17.6715 1.71875 -2.51756e-08
17.6715 1.78125 -2.37866e-08
17.6715 1.84375 -2.24334e-08
17.6715 1.90625 -1.94958e-08
17.6715 1.96875 -2.06242e-08
18.4569 0.03125 -6.31971e-08
18.4569 0.09375 -6.20297e-08
18.4569 0.15625 -6.03364e-08
18.4569 0.21875 -5.86884e-08
18.4569 0.28125 -5.65571e-08
18.4569 0.34375 -5.44588e-08
18.4569 0.40625 -5.20678e-08
18.4569 0.46875 -4.9822e-08
18.4569 0.53125 -4.75409e-08
18.4569 0.59375 -4.55582e-08
18.4569 0.65625 -4.3771e-08
18.4569 0.71875 -4.22982e-08
18.4569 0.78125 -4.10297e-08
18.4569 0.84375 -3.98702e-08
18.4569 0.90625 -3.87883e-08
18.4569 0.96875 -3.76048e-08
18.4569 1.03125 -3.65213e-08
18.4569 1.09375 -3.53458e-08
18.4569 1.15625 -3.44937e-08
18.4569 1.21875 -3.35515e-08
18.4569 1.28125 -3.29734e-08
18.4569 1.34375 -3.19642e-08
18.4569 1.40625 -3.11375e-08
18.4569 1.46875 -2.94119e-08
18.4569 1.53125 -2.78215e-08
18.4569 1.59375 -2.48772e-08
18.4569 1.65625 -2.20557e-08
18.4569 1.71875 -1.71808e-08
18.4569 1.78125 -1.28227e-08
18.4569 1.84375 -6.92692e-09
18.4569 1.90625 -4.58036e-09
18.4569 1.96875 -8.94482e-10
19.2423 0.03125 -2.4948e-08
19.2423 0.09375 -2.6713e-08
19.2423 0.15625 -2.87459e-08
19.2423 0.21875 -2.9746e-08
19.2423 0.28125 -3.04035e-08
19.2423 0.34375 -3.00563e-08
19.2423 0.40625 -2.94304e-08
19.2423 0.46875 -2.81852e-08
19.2423 0.53125 -2.70154e-08
19.2423 0.59375 -2.56767e-08
19.2423 0.65625 -2.47356e-08
19.2423 0.71875 -2.38718e-08
19.2423 0.78125 -2.3435e-08
19.2423 0.84375 -2.2914e-08
19.2423 0.90625 -2.24984e-08
19.2423 0.96875 -2.16389e-08
19.2423 1.03125 -2.07042e-08
19.2423 1.09375 -1.93908e-08
19.2423 1.15625 -1.83847e-08
19.2423 1.21875 -1.73753e-08
19.2423 1.28125 -1.69328e-08
19.2423 1.34375 -1.63125e-08
19.2423 1.40625 -1.59864e-08
19.2423 1.46875 -1.50744e-08
19.2423 1.53125 -1.44494e-08
19.2423 1.59375 -1.32729e-08
19.2423 1.65625 -1.29121e-08
19.2423 1.71875 -1.2405e-08
19.2423 1.78125 -1.37715e-08
19.2423 1.84375 -1.5439e-08
19.2423 1.90625 -1.86075e-08
19.2423 1.96875 -1.7439e-08
20.0277 0.03125 -1.23554e-08
20.0277 0.09375 -1.10974e-08
20.0277 0.15625 -1.08433e-08
20.0277 0.21875 -1.0714e-08
20.0277 0.28125 -1.10239e-08
20.0277 0.34375 -1.1362e-08
20.0277 0.40625 -1.1945e-08
20.0277 0.46875 -1.24282e-08
20.0277 0.53125 -1.29736e-08
20.0277 0.59375 -1.34426e-08
20.0277 0.65625 -1.4021e-08
20.0277 0.71875 -1.47379e-08
20.0277 0.78125 -1.56543e-08
20.0277 0.84375 -1.67834e-08
20.0277 0.90625 -1.79442e-08
20.0277 0.96875 -1.91715e-08
20.0277 1.03125 -2.01674e-08
20.0277 1.09375 -2.11695e-08
20.0277 1.15625 -2.18638e-08
20.0277 1.21875 -2.27606e-08
20.0277 1.28125 -2.34164e-08
20.0277 1.34375 -2.44988e-08
20.0277 1.40625 -2.52437e-08
20.0277 1.46875 -2.65606e-08
20.0277 1.53125 -2.74225e-08
20.0277 1.59375 -2.92907e-08
20.0277 1.65625 -3.08374e-08
20.0277 1.71875 -3.42019e-08
20.0277 1.78125 -3.70863e-08
20.0277 1.84375 -4.16045e-08
20.0277 1.90625 -4.31161e-08
20.0277 1.96875 -4.6238e-08
20.8131 0.03125 -2.03486e-08
20.8131 0.09375 -2.17599e-08
20.8131 0.15625 -2.09055e-08
20.8131 0.21875 -2.04424e-08
20.8131 0.28125 -1.87329e-08
20.8131 0.34375 -1.7783e-08
20.8131 0.40625 -1.65554e-08
20.8131 0.46875 -1.61969e-08
20.8131 0.53125 -1.55929e-08
20.8131 0.59375 -1.54302e-08
20.8131 0.65625 -1.48996e-08
20.8131 0.71875 -1.46599e-08
20.8131 0.78125 -1.41608e-08
20.8131 0.84375 -1.39951e-08
20.8131 0.90625 -1.37275e-08
20.8131 0.96875 -1.38943e-08
20.8131 1.03125 -1.40383e-08
20.8131 1.09375 -1.44951e-08
20.8131 1.15625 -1.46334e-08
20.8131 1.21875 -1.4732e-08
20.8131 1.28125 -1.42695e-08
20.8131 1.34375 -1.3763e-08
20.8131 1.40625 -1.28285e-08
20.8131 1.46875 -1.20975e-08
20.8131 1.53125 -1.10993e-08
20.8131 1.59375 -1.0442e-08
20.8131 1.65625 -9.46401e-09
20.8131 1.71875 -8.72495e-09
20.8131 1.78125 -7.29303e-09
20.8131 1.84375 -5.76743e-09
20.8131 1.90625 -3.72828e-09
20.8131 1.96875 -3.84327e-09
21.5984 0.03125 2.43084e-08
21.5984 0.09375 2.28324e-08
21.5984 0.15625 2.05607e-08
21.5984 0.21875 1.82988e-08
21.5984 0.28125 1.51628e-08
21.5984 0.34375 1.24894e-08
21.5984 0.40625 9.59873e-09
21.5984 0.46875 7.29898e-09
21.5984 0.53125 4.96882e-09
21.5984 0.59375 3.18236e-09
21.5984 0.65625 1.38575e-09
21.5984 0.71875 9.36166e-12
21.5984 0.78125 -1.36688e-09
21.5984 0.84375 -2.32634e-09
21.5984 0.90625 -3.22335e-09
21.5984 0.96875 -3.75956e-09
21.5984 1.03125 -4.34406e-09
21.5984 1.09375 -4.72386e-09
21.5984 1.15625 -5.24571e-09
21.5984 1.21875 -5.56063e-09
21.5984 1.28125 -5.99462e-09
21.5984 1.34375 -6.19869e-09
21.5984 1.40625 -6.67235e-09
21.5984 1.46875 -7.06687e-09
21.5984 1.53125 -7.98221e-09
21.5984 1.59375 -8.75415e-09
21.5984 1.65625 -9.97759e-09
21.5984 1.71875 -1.0492e-08
21.5984 1.78125 -1.11214e-08
21.5984 1.84375 -1.03885e-08
21.5984 1.90625 -1.03601e-08
21.5984 1.96875 -8.84197e-09
22.3838 0.03125 -7.36039e-09
22.3838 0.09375 -3.34022e-09
22.3838 0.15625 -1.36685e-09
22.3838 0.21875 -1.49157e-10
22.3838 0.28125 -9.1871e-10
22.3838 0.34375 -2.05633e-09
22.3838 0.40625 -3.7587e-09
22.3838 0.46875 -5.00019e-09
22.3838 0.53125 -6.29017e-09
22.3838 0.59375 -7.17901e-09
22.3838 0.65625 -8.16189e-09
22.3838 0.71875 -8.90139e-09
22.3838 0.78125 -9.74377e-09
22.3838 0.84375 -1.0368e-08
22.3838 0.90625 -1.10402e-08
22.3838 0.96875 -1.14721e-08
22.3838 1.03125 -1.19395e-08
22.3838 1.09375 -1.22164e-08
22.3838 1.15625 -1.25969e-08
22.3838 1.21875 -1.28073e-08
22.3838 1.28125 -1.30827e-08
22.3838 1.34375 -1.31312e-08
22.3838 1.40625 -1.32657e-08
22.3838 1.46875 -1.3255e-08
22.3838 1.53125 -1.33882e-08
22.3838 1.59375 -1.33461e-08
22.3838 1.65625 -1.32712e-08
22.3838 1.71875 -1.28711e-08
22.3838 1.78125 -1.2285e-08
22.3838 1.84375 -1.17229e-08
22.3838 1.90625 -1.14982e-08
22.3838 1.96875 -1.17886e-08
23.1692 0.03125 -3.48579e-08
23.1692 0.09375 -3.49475e-08
23.1692 0.15625 -3.31403e-08
23.1692 0.21875 -3.07825e-08
23.1692 0.28125 -2.69616e-08
23.1692 0.34375 -2.3685e-08
23.1692 0.40625 -2.02095e-08
23.1692 0.46875 -1.7608e-08
23.1692 0.53125 -1.50983e-08
23.1692 0.59375 -1.32926e-08
23.1692 0.65625 -1.14975e-08
23.1692 0.71875 -1.00931e-08
23.1692 0.78125 -8.64974e-09
23.1692 0.84375 -7.5479e-09
23.1692 0.90625 -6.59047e-09
23.1692 0.96875 -6.00579e-09
23.1692 1.03125 -5.59113e-09
23.1692 1.09375 -5.33114e-09
23.1692 1.15625 -5.0236e-09
23.1692 1.21875 -4.5236e-09
23.1692 1.28125 -3.8069e-09
23.1692 1.34375 -2.81793e-09
23.1692 1.40625 -1.81555e-09
23.1692 1.46875 -7.07006e-10
23.1692 1.53125 2.27377e-10
23.1692 1.59375 1.31904e-09
23.1692 1.65625 2.2301e-09
23.1692 1.71875 3.30081e-09
23.1692 1.78125 3.8147e-09
23.1692 1.84375 4.06904e-09
23.1692 1.90625 3.61198e-09
23.1692 1.96875 3.87564e-09
23.9546 0.03125 -3.95295e-08
23.9546 0.09375 -4.21691e-08
23.9546 0.15625 -4.39829e-08
23.9546 0.21875 -4.45683e-08
23.9546 0.28125 -4.34405e-08
23.9546 0.34375 -4.14785e-08
23.9546 0.40625 -3.90783e-08
23.9546 0.46875 -3.69309e-08
23.9546 0.53125 -3.49407e-08
23.9546 0.59375 -3.33546e-08
23.9546 0.65625 -3.17793e-08
23.9546 0.71875 -3.03444e-08
23.9546 0.78125 -2.8709e-08
23.9546 0.84375 -2.7228e-08
23.9546 0.90625 -2.57278e-08
23.9546 0.96875 -2.46447e-08
23.9546 1.03125 -2.36868e-08
23.9546 1.09375 -2.32261e-08
23.9546 1.15625 -2.28675e-08
23.9546 1.21875 -2.30303e-08
23.9546 1.28125 -2.32451e-08
23.9546 1.34375 -2.39664e-08
23.9546 1.40625 -2.45951e-08
23.9546 1.46875 -2.56522e-08
23.9546 1.53125 -2.64672e-08
23.9546 1.59375 -2.77344e-08
23.9546 1.65625 -2.86997e-08
23.9546 1.71875 -3.0189e-08
23.9546 1.78125 -3.12472e-08
23.9546 1.84375 -3.27055e-08
23.9546 1.90625 -3.31692e-08
23.9546 1.96875 -3.40009e-08
24.74 0.03125 1.56155e-08
24.74 0.09375 1.52403e-08
24.74 0.15625 1.37814e-08
24.74 0.21875 1.19624e-08
24.74 0.28125 9.76365e-09
24.74 0.34375 8.0477e-09
24.74 0.40625 6.50584e-09
24.74 0.46875 5.46763e-09
24.74 0.53125 4.60235e-09
24.74 0.59375 4.06076e-09
24.74 0.65625 3.57463e-09
24.74 0.71875 3.25821e-09
24.74 0.78125 3.04247e-09
24.74 0.84375 3.06894e-09
24.74 0.90625 3.34138e-09
24.74 0.96875 3.82581e-09
24.74 1.03125 4.42522e-09
24.74 1.09375 4.87434e-09
24.74 1.15625 5.06077e-09
24.74 1.21875 4.70958e-09
24.74 1.28125 4.01688e-09
24.74 1.34375 2.95415e-09
24.74 1.40625 2.05429e-09
24.74 1.46875 1.24522e-09
24.74 1.53125 9.85719e-10
24.74 1.59375 8.57094e-10
24.74 1.65625 1.24261e-09
24.74 1.71875 1.58552e-09
24.74 1.78125 2.43013e-09
24.74 1.84375 3.08805e-09
24.74 1.90625 3.85262e-09
24.74 1.96875 3.29915e-09
