0.392699 0.03125 -7.3537e-09
1.1781 0.03125 3.12218e-08
1.9635 0.03125 3.96498e-08
2.74889 0.03125 4.23996e-08
3.53429 0.03125 3.70696e-08
4.31969 0.03125 -5.90598e-09
5.10509 0.03125 -4.12961e-08
5.89049 0.03125 -3.50415e-08
6.67588 0.03125 -1.3996e-08
7.46128 0.03125 7.71211e-09
8.24668 0.03125 1.09983e-08
9.03208 0.03125 2.48378e-08
9.81748 0.03125 2.30718e-08
10.6029 0.03125 2.49084e-09
11.3883 0.03125 2.29639e-10
12.1737 0.03125 -1.89669e-08
12.9591 0.03125 1.63485e-08
13.7445 0.03125 4.39766e-08
14.5299 0.03125 3.22948e-08
15.3153 0.03125 -2.68469e-09
16.1007 0.03125 1.17626e-08
16.8861 0.03125 -3.61312e-08
17.6715 0.03125 -1.35334e-08
18.4569 0.03125 -5.17107e-08
19.2423 0.03125 -3.45522e-08
20.0277 0.03125 -7.74343e-09
20.8131 0.03125 -2.23024e-08
21.5984 0.03125 2.02647e-08
22.3838 0.03125 9.31853e-09
23.1692 0.03125 -1.7207e-08
23.9546 0.03125 -4.72827e-08
24.74 0.03125 2.76001e-09
0.392699 0.09375 -7.40429e-09
1.1781 0.09375 2.87385e-08
1.9635 0.09375 4.10607e-08
2.74889 0.09375 4.34043e-08
3.53429 0.09375 3.71303e-08
4.31969 0.09375 -3.83841e-09
5.10509 0.09375 -4.24425e-08
5.89049 0.09375 -3.53981e-08
6.67588 0.09375 -1.40551e-08
7.46128 0.09375 8.28848e-09
8.24668 0.09375 1.03461e-08
9.03208 0.09375 2.39256e-08
9.81748 0.09375 2.42298e-08
10.6029 0.09375 2.79248e-09
11.3883 0.09375 1.77245e-09
12.1737 0.09375 -2.00568e-08
12.9591 0.09375 1.4122e-08
13.7445 0.09375 4.35292e-08
14.5299 0.09375 3.31378e-08
15.3153 0.09375 -2.50525e-09
16.1007 0.09375 1.20655e-08
16.8861 0.09375 -3.55526e-08
17.6715 0.09375 -1.35385e-08
18.4569 0.09375 -5.00788e-08
19.2423 0.09375 -3.62107e-08
20.0277 0.09375 -6.86683e-09
20.8131 0.09375 -2.2777e-08
21.5984 0.09375 1.77827e-08
22.3838 0.09375 1.23956e-08
23.1692 0.09375 -1.57845e-08
23.9546 0.09375 -4.94789e-08
24.74 0.09375 1.879e-09
0.392699 0.15625 -7.44494e-09
1.1781 0.15625 2.64136e-08
1.9635 0.15625 4.13531e-08
2.74889 0.15625 4.49842e-08
3.53429 0.15625 3.70443e-08
4.31969 0.15625 -1.70078e-09
5.10509 0.15625 -4.26564e-08
5.89049 0.15625 -3.61347e-08
6.67588 0.15625 -1.42864e-08
7.46128 0.15625 8.71295e-09
8.24668 0.15625 9.85471e-09
9.03208 0.15625 2.28988e-08
9.81748 0.15625 2.48218e-08
10.6029 0.15625 2.61624e-09
11.3883 0.15625 3.52464e-09
12.1737 0.15625 -2.03564e-08
12.9591 0.15625 1.18999e-08
13.7445 0.15625 4.29307e-08
14.5299 0.15625 3.36817e-08
15.3153 0.15625 -1.89911e-09
16.1007 0.15625 1.24003e-08
16.8861 0.15625 -3.52577e-08
17.6715 0.15625 -1.3699e-08
18.4569 0.15625 -4.78927e-08
19.2423 0.15625 -3.76377e-08
20.0277 0.15625 -7.53712e-09
20.8131 0.15625 -2.13723e-08
21.5984 0.15625 1.56266e-08
22.3838 0.15625 1.3108e-08
23.1692 0.15625 -1.33601e-08
23.9546 0.15625 -5.02888e-08
24.74 0.15625 1.93103e-10
0.392699 0.21875 -7.82257e-09
1.1781 0.21875 2.44048e-08
1.9635 0.21875 4.08791e-08
2.74889 0.21875 4.5885e-08
3.53429 0.21875 3.67785e-08
4.31969 0.21875 3.88891e-10
5.10509 0.21875 -4.21576e-08
5.89049 0.21875 -3.6384e-08
6.67588 0.21875 -1.47873e-08
7.46128 0.21875 9.0506e-09
8.24668 0.21875 9.7218e-09
9.03208 0.21875 2.16462e-08
9.81748 0.21875 2.51495e-08
10.6029 0.21875 2.18717e-09
11.3883 0.21875 5.16728e-09
12.1737 0.21875 -1.96141e-08
12.9591 0.21875 1.00752e-08
13.7445 0.21875 4.17876e-08
14.5299 0.21875 3.37984e-08
15.3153 0.21875 -1.63553e-09
16.1007 0.21875 1.25101e-08
16.8861 0.21875 -3.46946e-08
17.6715 0.21875 -1.38641e-08
18.4569 0.21875 -4.60551e-08
19.2423 0.21875 -3.80436e-08
20.0277 0.21875 -8.00016e-09
20.8131 0.21875 -2.04203e-08
21.5984 0.21875 1.36892e-08
22.3838 0.21875 1.30521e-08
23.1692 0.21875 -1.10344e-08
23.9546 0.21875 -4.97847e-08
24.74 0.21875 -1.40845e-09
0.392699 0.28125 -8.22693e-09
1.1781 0.28125 2.25453e-08
1.9635 0.28125 3.90248e-08
2.74889 0.28125 4.63184e-08
3.53429 0.28125 3.58318e-08
4.31969 0.28125 2.55959e-09
5.10509 0.28125 -4.03767e-08
5.89049 0.28125 -3.62913e-08
6.67588 0.28125 -1.54929e-08
7.46128 0.28125 9.09386e-09
8.24668 0.28125 1.03403e-08
9.03208 0.28125 2.0204e-08
9.81748 0.28125 2.46945e-08
10.6029 0.28125 1.28672e-09
11.3883 0.28125 6.62282e-09
12.1737 0.28125 -1.73174e-08
12.9591 0.28125 8.98049e-09
13.7445 0.28125 3.96805e-08
14.5299 0.28125 3.31833e-08
15.3153 0.28125 -1.28565e-09
16.1007 0.28125 1.22973e-08
16.8861 0.28125 -3.42787e-08
17.6715 0.28125 -1.39519e-08
18.4569 0.28125 -4.38197e-08
19.2423 0.28125 -3.77899e-08
20.0277 0.28125 -9.04961e-09
20.8131 0.28125 -1.83406e-08
21.5984 0.28125 1.17505e-08
22.3838 0.28125 1.07229e-08
23.1692 0.28125 -8.32222e-09
23.9546 0.28125 -4.73081e-08
24.74 0.28125 -2.893e-09
0.392699 0.34375 -8.49172e-09
1.1781 0.34375 2.1277e-08
1.9635 0.34375 3.66326e-08
2.74889 0.34375 4.56219e-08
3.53429 0.34375 3.43962e-08
4.31969 0.34375 4.45479e-09
5.10509 0.34375 -3.81139e-08
5.89049 0.34375 -3.5366e-08
6.67588 0.34375 -1.60926e-08
7.46128 0.34375 8.7602e-09
8.24668 0.34375 1.13114e-08
9.03208 0.34375 1.90465e-08
9.81748 0.34375 2.40729e-08
10.6029 0.34375 2.5419e-10
11.3883 0.34375 7.54179e-09
12.1737 0.34375 -1.45156e-08
12.9591 0.34375 8.84212e-09
13.7445 0.34375 3.72815e-08
14.5299 0.34375 3.19096e-08
15.3153 0.34375 -1.45136e-09
16.1007 0.34375 1.17865e-08
16.8861 0.34375 -3.36557e-08
17.6715 0.34375 -1.39725e-08
18.4569 0.34375 -4.19188e-08
19.2423 0.34375 -3.65801e-08
20.0277 0.34375 -9.61752e-09
20.8131 0.34375 -1.70495e-08
21.5984 0.34375 1.01638e-08
22.3838 0.34375 8.25607e-09
23.1692 0.34375 -6.46748e-09
23.9546 0.34375 -4.42814e-08
24.74 0.34375 -3.72323e-09
0.392699 0.40625 -8.52868e-09
1.1781 0.40625 2.04171e-08
1.9635 0.40625 3.37818e-08
2.74889 0.40625 4.44473e-08
3.53429 0.40625 3.23111e-08
4.31969 0.40625 6.13474e-09
5.10509 0.40625 -3.53682e-08
5.89049 0.40625 -3.40446e-08
6.67588 0.40625 -1.63798e-08
7.46128 0.40625 8.10566e-09
8.24668 0.40625 1.24698e-08
9.03208 0.40625 1.80464e-08
9.81748 0.40625 2.32556e-08
10.6029 0.40625 -7.79562e-10
11.3883 0.40625 8.21545e-09
12.1737 0.40625 -1.13995e-08
12.9591 0.40625 9.16285e-09
13.7445 0.40625 3.46118e-08
14.5299 0.40625 3.02507e-08
15.3153 0.40625 -1.65949e-09
16.1007 0.40625 1.09624e-08
16.8861 0.40625 -3.31638e-08
17.6715 0.40625 -1.38779e-08
18.4569 0.40625 -3.98078e-08
19.2423 0.40625 -3.4965e-08
20.0277 0.40625 -1.03219e-08
20.8131 0.40625 -1.54935e-08
21.5984 0.40625 8.52387e-09
22.3838 0.40625 5.17029e-09
23.1692 0.40625 -4.66496e-09
23.9546 0.40625 -4.08369e-08
24.74 0.40625 -4.34049e-09
0.392699 0.46875 -8.33273e-09
1.1781 0.46875 2.00805e-08
1.9635 0.46875 3.1077e-08
2.74889 0.46875 4.26868e-08
3.53429 0.46875 3.00413e-08
4.31969 0.46875 7.39243e-09
5.10509 0.46875 -3.28376e-08
5.89049 0.46875 -3.21884e-08
6.67588 0.46875 -1.62752e-08
7.46128 0.46875 7.20852e-09
8.24668 0.46875 1.349e-08
9.03208 0.46875 1.73975e-08
9.81748 0.46875 2.26527e-08
10.6029 0.46875 -1.61071e-09
11.3883 0.46875 8.62965e-09
12.1737 0.46875 -8.64232e-09
12.9591 0.46875 9.7632e-09
13.7445 0.46875 3.20758e-08
14.5299 0.46875 2.84631e-08
15.3153 0.46875 -2.15365e-09
16.1007 0.46875 1.00417e-08
16.8861 0.46875 -3.25699e-08
17.6715 0.46875 -1.3834e-08
18.4569 0.46875 -3.80629e-08
19.2423 0.46875 -3.28816e-08
20.0277 0.46875 -1.05084e-08
20.8131 0.46875 -1.47826e-08
21.5984 0.46875 7.06912e-09
22.3838 0.46875 2.79675e-09
23.1692 0.46875 -3.46986e-09
23.9546 0.46875 -3.79215e-08
24.74 0.46875 -4.6391e-09
0.392699 0.53125 -8.01861e-09
1.1781 0.53125 1.99027e-08
1.9635 0.53125 2.84715e-08
2.74889 0.53125 4.09772e-08
3.53429 0.53125 2.75031e-08
4.31969 0.53125 8.3476e-09
5.10509 0.53125 -3.04048e-08
5.89049 0.53125 -3.01235e-08
6.67588 0.53125 -1.57916e-08
7.46128 0.53125 6.1037e-09
8.24668 0.53125 1.43387e-08
9.03208 0.53125 1.68484e-08
9.81748 0.53125 2.21828e-08
10.6029 0.53125 -2.255e-09
11.3883 0.53125 8.99225e-09
12.1737 0.53125 -6.11614e-09
12.9591 0.53125 1.03045e-08
13.7445 0.53125 2.95039e-08
14.5299 0.53125 2.67276e-08
15.3153 0.53125 -2.42712e-09
16.1007 0.53125 9.09276e-09
16.8861 0.53125 -3.20852e-08
17.6715 0.53125 -1.3816e-08
18.4569 0.53125 -3.62847e-08
19.2423 0.53125 -3.08736e-08
20.0277 0.53125 -1.07985e-08
20.8131 0.53125 -1.38465e-08
21.5984 0.53125 5.58332e-09
22.3838 0.53125 4.0484e-10
23.1692 0.53125 -2.26307e-09
23.9546 0.53125 -3.52118e-08
24.74 0.53125 -4.88474e-09
0.392699 0.59375 -7.60323e-09
1.1781 0.59375 1.99061e-08
1.9635 0.59375 2.61935e-08
2.74889 0.59375 3.92608e-08
3.53429 0.59375 2.51246e-08
4.31969 0.59375 8.94301e-09
5.10509 0.59375 -2.84372e-08
5.89049 0.59375 -2.77791e-08
6.67588 0.59375 -1.49921e-08
7.46128 0.59375 4.84824e-09
8.24668 0.59375 1.48947e-08
9.03208 0.59375 1.64647e-08
9.81748 0.59375 2.19805e-08
10.6029 0.59375 -2.66218e-09
11.3883 0.59375 9.21624e-09
12.1737 0.59375 -4.15798e-09
12.9591 0.59375 1.08359e-08
13.7445 0.59375 2.72076e-08
14.5299 0.59375 2.51191e-08
15.3153 0.59375 -2.69417e-09
16.1007 0.59375 8.40814e-09
16.8861 0.59375 -3.14789e-08
17.6715 0.59375 -1.40161e-08
18.4569 0.59375 -3.49161e-08
19.2423 0.59375 -2.88414e-08
20.0277 0.59375 -1.0868e-08
20.8131 0.59375 -1.34156e-08
21.5984 0.59375 4.3639e-09
22.3838 0.59375 -1.33357e-09
23.1692 0.59375 -1.46359e-09
23.9546 0.59375 -3.31127e-08
24.74 0.59375 -4.98197e-09
0.392699 0.65625 -7.27239e-09
1.1781 0.65625 1.97581e-08
1.9635 0.65625 2.41078e-08
2.74889 0.65625 3.79189e-08
3.53429 0.65625 2.27419e-08
4.31969 0.65625 9.38114e-09
5.10509 0.65625 -2.6668e-08
5.89049 0.65625 -2.53997e-08
6.67588 0.65625 -1.39467e-08
7.46128 0.65625 3.56052e-09
8.24668 0.65625 1.51946e-08
9.03208 0.65625 1.58907e-08
9.81748 0.65625 2.19224e-08
10.6029 0.65625 -2.84521e-09
11.3883 0.65625 9.42316e-09
12.1737 0.65625 -2.55578e-09
12.9591 0.65625 1.12269e-08
13.7445 0.65625 2.50595e-08
14.5299 0.65625 2.36787e-08
15.3153 0.65625 -2.66455e-09
16.1007 0.65625 7.92663e-09
16.8861 0.65625 -3.08233e-08
17.6715 0.65625 -1.42449e-08
18.4569 0.65625 -3.36368e-08
19.2423 0.65625 -2.7206e-08
20.0277 0.65625 -1.12359e-08
20.8131 0.65625 -1.27047e-08
21.5984 0.65625 3.20655e-09
22.3838 0.65625 -3.11574e-09
23.1692 0.65625 -6.53919e-10
23.9546 0.65625 -3.10699e-08
24.74 0.65625 -5.00521e-09
0.392699 0.71875 -6.92692e-09
1.1781 0.71875 1.95889e-08
1.9635 0.71875 2.21686e-08
2.74889 0.71875 3.67123e-08
3.53429 0.71875 2.06662e-08
4.31969 0.71875 9.73303e-09
5.10509 0.71875 -2.52411e-08
5.89049 0.71875 -2.3037e-08
6.67588 0.71875 -1.27498e-08
7.46128 0.71875 2.3826e-09
8.24668 0.71875 1.52888e-08
9.03208 0.71875 1.51459e-08
9.81748 0.71875 2.19584e-08
10.6029 0.71875 -2.76788e-09
11.3883 0.71875 9.53888e-09
12.1737 0.71875 -1.49443e-09
12.9591 0.71875 1.16089e-08
13.7445 0.71875 2.33821e-08
14.5299 0.71875 2.24208e-08
15.3153 0.71875 -2.68703e-09
16.1007 0.71875 7.75531e-09
16.8861 0.71875 -2.99745e-08
17.6715 0.71875 -1.46184e-08
18.4569 0.71875 -3.26829e-08
19.2423 0.71875 -2.56918e-08
20.0277 0.71875 -1.16889e-08
20.8131 0.71875 -1.2411e-08
21.5984 0.71875 2.30432e-09
22.3838 0.71875 -4.46906e-09
23.1692 0.71875 -1.05908e-10
23.9546 0.71875 -2.93241e-08
24.74 0.71875 -4.89577e-09
0.392699 0.78125 -6.62345e-09
1.1781 0.78125 1.92475e-08
1.9635 0.78125 2.02401e-08
2.74889 0.78125 3.56853e-08
3.53429 0.78125 1.85869e-08
4.31969 0.78125 1.01803e-08
5.10509 0.78125 -2.38466e-08
5.89049 0.78125 -2.08775e-08
6.67588 0.78125 -1.15204e-08
7.46128 0.78125 1.44768e-09
8.24668 0.78125 1.52801e-08
9.03208 0.78125 1.40258e-08
9.81748 0.78125 2.20144e-08
10.6029 0.78125 -2.51106e-09
11.3883 0.78125 9.64543e-09
12.1737 0.78125 -6.92941e-10
12.9591 0.78125 1.19269e-08
13.7445 0.78125 2.20233e-08
14.5299 0.78125 2.13786e-08
15.3153 0.78125 -2.6062e-09
16.1007 0.78125 7.5805e-09
16.8861 0.78125 -2.90528e-08
17.6715 0.78125 -1.4832e-08
18.4569 0.78125 -3.17665e-08
19.2423 0.78125 -2.45586e-08
20.0277 0.78125 -1.24902e-08
20.8131 0.78125 -1.19636e-08
21.5984 0.78125 1.45844e-09
22.3838 0.78125 -5.88198e-09
23.1692 0.78125 4.2274e-10
23.9546 0.78125 -2.74624e-08
24.74 0.78125 -4.61844e-09
0.392699 0.84375 -6.08075e-09
1.1781 0.84375 1.90552e-08
1.9635 0.84375 1.82212e-08
2.74889 0.84375 3.45096e-08
3.53429 0.84375 1.67276e-08
4.31969 0.84375 1.07418e-08
5.10509 0.84375 -2.2585e-08
5.89049 0.84375 -1.8976e-08
6.67588 0.84375 -1.03748e-08
7.46128 0.84375 7.12915e-10
8.24668 0.84375 1.52966e-08
9.03208 0.84375 1.28108e-08
9.81748 0.84375 2.20123e-08
10.6029 0.84375 -2.15849e-09
11.3883 0.84375 9.63325e-09
12.1737 0.84375 -2.00592e-10
12.9591 0.84375 1.23352e-08
13.7445 0.84375 2.11912e-08
14.5299 0.84375 2.05694e-08
15.3153 0.84375 -2.72751e-09
16.1007 0.84375 7.43928e-09
16.8861 0.84375 -2.81064e-08
17.6715 0.84375 -1.51125e-08
18.4569 0.84375 -3.09974e-08
19.2423 0.84375 -2.33286e-08
20.0277 0.84375 -1.33668e-08
20.8131 0.84375 -1.19782e-08
21.5984 0.84375 8.39618e-10
22.3838 0.84375 -6.90988e-09
23.1692 0.84375 7.51824e-10
23.9546 0.84375 -2.59046e-08
24.74 0.84375 -4.24048e-09
0.392699 0.90625 -5.38928e-09
1.1781 0.90625 1.8881e-08
1.9635 0.90625 1.62365e-08
2.74889 0.90625 3.33017e-08
3.53429 0.90625 1.47626e-08
4.31969 0.90625 1.14089e-08
5.10509 0.90625 -2.12696e-08
5.89049 0.90625 -1.73323e-08
6.67588 0.90625 -9.40577e-09
7.46128 0.90625 1.2081e-10
8.24668 0.90625 1.5321e-08
9.03208 0.90625 1.15104e-08
9.81748 0.90625 2.20507e-08
10.6029 0.90625 -1.86172e-09
11.3883 0.90625 9.54339e-09
12.1737 0.90625 3.02179e-10
12.9591 0.90625 1.27971e-08
13.7445 0.90625 2.05711e-08
14.5299 0.90625 1.99576e-08
15.3153 0.90625 -2.84752e-09
16.1007 0.90625 7.05166e-09
16.8861 0.90625 -2.72604e-08
17.6715 0.90625 -1.51984e-08
18.4569 0.90625 -3.02315e-08
19.2423 0.90625 -2.22233e-08
20.0277 0.90625 -1.42952e-08
20.8131 0.90625 -1.1922e-08
21.5984 0.90625 2.59013e-10
22.3838 0.90625 -7.91221e-09
23.1692 0.90625 9.87254e-10
23.9546 0.90625 -2.44394e-08
24.74 0.90625 -3.70231e-09
0.392699 0.96875 -4.40981e-09
1.1781 0.96875 1.89345e-08
1.9635 0.96875 1.42841e-08
2.74889 0.96875 3.20797e-08
3.53429 0.96875 1.30477e-08
4.31969 0.96875 1.20727e-08
5.10509 0.96875 -2.01094e-08
5.89049 0.96875 -1.59076e-08
6.67588 0.96875 -8.609e-09
7.46128 0.96875 -5.4582e-10
8.24668 0.96875 1.54304e-08
9.03208 0.96875 1.04397e-08
9.81748 0.96875 2.20494e-08
10.6029 0.96875 -1.64232e-09
11.3883 0.96875 9.29019e-09
12.1737 0.96875 7.58293e-10
12.9591 0.96875 1.34252e-08
13.7445 0.96875 2.02588e-08
14.5299 0.96875 1.94554e-08
15.3153 0.96875 -3.21664e-09
16.1007 0.96875 6.65038e-09
16.8861 0.96875 -2.65564e-08
17.6715 0.96875 -1.5474e-08
18.4569 0.96875 -2.95488e-08
19.2423 0.96875 -2.07279e-08
20.0277 0.96875 -1.50405e-08
20.8131 0.96875 -1.2317e-08
21.5984 0.96875 -1.81695e-10
22.3838 0.96875 -8.54476e-09
23.1692 0.96875 1.09152e-09
23.9546 0.96875 -2.34831e-08
24.74 0.96875 -3.20397e-09
0.392699 1.03125 -3.50739e-09
1.1781 1.03125 1.88614e-08
1.9635 1.03125 1.27018e-08
2.74889 1.03125 3.12271e-08
3.53429 1.03125 1.13295e-08
4.31969 1.03125 1.26153e-08
5.10509 1.03125 -1.90391e-08
5.89049 1.03125 -1.45782e-08
6.67588 1.03125 -7.9686e-09
7.46128 1.03125 -1.26199e-09
8.24668 1.03125 1.55509e-08
9.03208 1.03125 9.44041e-09
9.81748 1.03125 2.21599e-08
10.6029 1.03125 -1.51618e-09
11.3883 1.03125 8.98618e-09
12.1737 1.03125 1.36297e-09
12.9591 1.03125 1.40951e-08
13.7445 1.03125 1.99006e-08
14.5299 1.03125 1.89375e-08
15.3153 1.03125 -3.62731e-09
16.1007 1.03125 6.07725e-09
16.8861 1.03125 -2.59345e-08
17.6715 1.03125 -1.55961e-08
18.4569 1.03125 -2.89601e-08
19.2423 1.03125 -1.93035e-08
20.0277 1.03125 -1.55457e-08
20.8131 1.03125 -1.25747e-08
21.5984 1.03125 -6.81859e-10
22.3838 1.03125 -9.18693e-09
23.1692 1.03125 1.11102e-09
23.9546 1.03125 -2.27122e-08
24.74 1.03125 -2.63412e-09
0.392699 1.09375 -2.6402e-09
1.1781 1.09375 1.88624e-08
1.9635 1.09375 1.13594e-08
2.74889 1.09375 3.08261e-08
3.53429 1.09375 1.00351e-08
4.31969 1.09375 1.30091e-08
5.10509 1.09375 -1.82686e-08
5.89049 1.09375 -1.33699e-08
6.67588 1.09375 -7.40295e-09
7.46128 1.09375 -2.14522e-09
8.24668 1.09375 1.59047e-08
9.03208 1.09375 8.65171e-09
9.81748 1.09375 2.21341e-08
10.6029 1.09375 -1.37335e-09
11.3883 1.09375 8.61944e-09
12.1737 1.09375 1.9317e-09
12.9591 1.09375 1.47997e-08
13.7445 1.09375 1.96682e-08
14.5299 1.09375 1.83314e-08
15.3153 1.09375 -4.28381e-09
16.1007 1.09375 5.7118e-09
16.8861 1.09375 -2.53876e-08
17.6715 1.09375 -1.59885e-08
18.4569 1.09375 -2.8454e-08
19.2423 1.09375 -1.75677e-08
20.0277 1.09375 -1.58914e-08
20.8131 1.09375 -1.31134e-08
21.5984 1.09375 -1.10111e-09
22.3838 1.09375 -9.60457e-09
23.1692 1.09375 1.17619e-09
23.9546 1.09375 -2.23737e-08
24.74 1.09375 -2.34823e-09
0.392699 1.15625 -2.16903e-09
1.1781 1.15625 1.86771e-08
1.9635 1.15625 1.05711e-08
2.74889 1.15625 3.10242e-08
3.53429 1.15625 8.76476e-09
4.31969 1.15625 1.32149e-08
5.10509 1.15625 -1.76889e-08
5.89049 1.15625 -1.21867e-08
6.67588 1.15625 -6.89593e-09
7.46128 1.15625 -2.97336e-09
8.24668 1.15625 1.64485e-08
9.03208 1.15625 7.75869e-09
9.81748 1.15625 2.21229e-08
10.6029 1.15625 -1.19807e-09
11.3883 1.15625 8.33978e-09
12.1737 1.15625 2.57806e-09
12.9591 1.15625 1.53275e-08
13.7445 1.15625 1.92623e-08
14.5299 1.15625 1.75992e-08
15.3153 1.15625 -4.87515e-09
16.1007 1.15625 5.36439e-09
16.8861 1.15625 -2.48087e-08
17.6715 1.15625 -1.61425e-08
18.4569 1.15625 -2.8108e-08
19.2423 1.15625 -1.627e-08
20.0277 1.15625 -1.61328e-08
20.8131 1.15625 -1.32512e-08
21.5984 1.15625 -1.53806e-09
22.3838 1.15625 -1.01624e-08
23.1692 1.15625 1.28775e-09
23.9546 1.15625 -2.20375e-08
24.74 1.15625 -2.21556e-09
0.392699 1.21875 -1.79314e-09
1.1781 1.21875 1.8763e-08
1.9635 1.21875 9.86099e-09
2.74889 1.21875 3.15652e-08
3.53429 1.21875 7.90736e-09
4.31969 1.21875 1.3337e-08
5.10509 1.21875 -1.74415e-08
5.89049 1.21875 -1.112e-08
6.67588 1.21875 -6.3385e-09
7.46128 1.21875 -3.91734e-09
8.24668 1.21875 1.7402e-08
9.03208 1.21875 6.95926e-09
9.81748 1.21875 2.18217e-08
10.6029 1.21875 -9.37935e-10
11.3883 1.21875 8.0821e-09
12.1737 1.21875 3.12739e-09
12.9591 1.21875 1.56898e-08
13.7445 1.21875 1.89615e-08
14.5299 1.21875 1.67841e-08
15.3153 1.21875 -5.52411e-09
16.1007 1.21875 5.4265e-09
16.8861 1.21875 -2.43591e-08
17.6715 1.21875 -1.66197e-08
18.4569 1.21875 -2.77288e-08
19.2423 1.21875 -1.48805e-08
20.0277 1.21875 -1.65926e-08
20.8131 1.21875 -1.34617e-08
21.5984 1.21875 -1.78275e-09
22.3838 1.21875 -1.05935e-08
23.1692 1.21875 1.72044e-09
23.9546 1.21875 -2.19393e-08
24.74 1.21875 -2.70713e-09
0.392699 1.28125 -1.67768e-09
1.1781 1.28125 1.88773e-08
1.9635 1.28125 9.45092e-09
2.74889 1.28125 3.23526e-08
3.53429 1.28125 6.90379e-09
4.31969 1.28125 1.33198e-08
5.10509 1.28125 -1.73396e-08
5.89049 1.28125 -9.99343e-09
6.67588 1.28125 -5.72361e-09
7.46128 1.28125 -4.76264e-09
8.24668 1.28125 1.84992e-08
9.03208 1.28125 5.97131e-09
9.81748 1.28125 2.15612e-08
10.6029 1.28125 -6.681e-10
11.3883 1.28125 7.91711e-09
12.1737 1.28125 3.74547e-09
12.9591 1.28125 1.57785e-08
13.7445 1.28125 1.85185e-08
14.5299 1.28125 1.5907e-08
15.3153 1.28125 -5.90907e-09
16.1007 1.28125 5.53776e-09
16.8861 1.28125 -2.39927e-08
17.6715 1.28125 -1.68234e-08
18.4569 1.28125 -2.74639e-08
19.2423 1.28125 -1.41044e-08
20.0277 1.28125 -1.71269e-08
20.8131 1.28125 -1.31121e-08
21.5984 1.28125 -1.97724e-09
22.3838 1.28125 -1.1171e-08
23.1692 1.28125 2.32499e-09
23.9546 1.28125 -2.17067e-08
24.74 1.28125 -3.45477e-09
0.392699 1.34375 -1.25113e-09
1.1781 1.34375 1.94476e-08
1.9635 1.34375 8.52955e-09
2.74889 1.34375 3.30572e-08
3.53429 1.34375 6.27058e-09
4.31969 1.34375 1.333e-08
5.10509 1.34375 -1.74415e-08
5.89049 1.34375 -8.89925e-09
6.67588 1.34375 -4.97517e-09
7.46128 1.34375 -5.8759e-09
8.24668 1.34375 1.9856e-08
9.03208 1.34375 5.16269e-09
9.81748 1.34375 2.10487e-08
10.6029 1.34375 -4.15845e-10
11.3883 1.34375 7.67988e-09
12.1737 1.34375 4.29981e-09
12.9591 1.34375 1.57593e-08
13.7445 1.34375 1.83474e-08
14.5299 1.34375 1.50318e-08
15.3153 1.34375 -6.27041e-09
16.1007 1.34375 6.08553e-09
16.8861 1.34375 -2.40078e-08
17.6715 1.34375 -1.75721e-08
18.4569 1.34375 -2.69496e-08
19.2423 1.34375 -1.2943e-08
20.0277 1.34375 -1.80163e-08
20.8131 1.34375 -1.288e-08
21.5984 1.34375 -1.98686e-09
22.3838 1.34375 -1.15988e-08
23.1692 1.34375 3.34288e-09
23.9546 1.34375 -2.17069e-08
24.74 1.34375 -4.81062e-09
0.392699 1.40625 -7.09028e-10
1.1781 1.40625 1.997e-08
1.9635 1.40625 7.46612e-09
2.74889 1.40625 3.37021e-08
3.53429 1.40625 5.3725e-09
4.31969 1.40625 1.32908e-08
5.10509 1.40625 -1.74286e-08
5.89049 1.40625 -7.65464e-09
6.67588 1.40625 -4.2478e-09
7.46128 1.40625 -6.98367e-09
8.24668 1.40625 2.11153e-08
9.03208 1.40625 4.16594e-09
9.81748 1.40625 2.07225e-08
10.6029 1.40625 -2.17347e-10
11.3883 1.40625 7.45685e-09
12.1737 1.40625 4.97161e-09
12.9591 1.40625 1.56129e-08
13.7445 1.40625 1.82076e-08
14.5299 1.40625 1.41459e-08
15.3153 1.40625 -6.37721e-09
16.1007 1.40625 6.54801e-09
16.8861 1.40625 -2.42519e-08
17.6715 1.40625 -1.80697e-08
18.4569 1.40625 -2.64827e-08
19.2423 1.40625 -1.21608e-08
20.0277 1.40625 -1.87684e-08
20.8131 1.40625 -1.21126e-08
21.5984 1.40625 -2.12407e-09
22.3838 1.40625 -1.21802e-08
23.1692 1.40625 4.34258e-09
23.9546 1.40625 -2.16404e-08
24.74 1.40625 -6.04727e-09
0.392699 1.46875 5.31503e-10
1.1781 1.46875 2.08053e-08
1.9635 1.46875 5.38126e-09
2.74889 1.46875 3.41264e-08
3.53429 1.46875 4.95919e-09
4.31969 1.46875 1.34777e-08
5.10509 1.46875 -1.73467e-08
5.89049 1.46875 -6.51735e-09
6.67588 1.46875 -3.60096e-09
7.46128 1.46875 -8.55448e-09
8.24668 1.46875 2.25236e-08
9.03208 1.46875 3.44436e-09
9.81748 1.46875 2.01714e-08
10.6029 1.46875 -6.54589e-11
11.3883 1.46875 7.12571e-09
12.1737 1.46875 5.63054e-09
12.9591 1.46875 1.55076e-08
13.7445 1.46875 1.85333e-08
14.5299 1.46875 1.33192e-08
15.3153 1.46875 -6.55728e-09
16.1007 1.46875 7.44172e-09
16.8861 1.46875 -2.5044e-08
17.6715 1.46875 -1.93638e-08
18.4569 1.46875 -2.55052e-08
19.2423 1.46875 -1.05108e-08
20.0277 1.46875 -1.98258e-08
20.8131 1.46875 -1.16451e-08
21.5984 1.46875 -2.25914e-09
22.3838 1.46875 -1.26752e-08
23.1692 1.46875 5.60589e-09
23.9546 1.46875 -2.1929e-08
24.74 1.46875 -7.56966e-09
0.392699 1.53125 1.94554e-09
1.1781 1.53125 2.13229e-08
1.9635 1.53125 3.15987e-09
2.74889 1.53125 3.45972e-08
3.53429 1.53125 4.2465e-09
4.31969 1.53125 1.37209e-08
5.10509 1.53125 -1.69125e-08
5.89049 1.53125 -5.37533e-09
6.67588 1.53125 -3.29407e-09
7.46128 1.53125 -1.01266e-08
8.24668 1.53125 2.38058e-08
9.03208 1.53125 2.46448e-09
9.81748 1.53125 1.9872e-08
10.6029 1.53125 1.26982e-10
11.3883 1.53125 6.89312e-09
12.1737 1.53125 6.44113e-09
12.9591 1.53125 1.53339e-08
13.7445 1.53125 1.89137e-08
14.5299 1.53125 1.25104e-08
15.3153 1.53125 -6.53466e-09
16.1007 1.53125 8.12965e-09
16.8861 1.53125 -2.60458e-08
17.6715 1.53125 -2.02935e-08
18.4569 1.53125 -2.45132e-08
19.2423 1.53125 -9.24499e-09
20.0277 1.53125 -2.05866e-08
20.8131 1.53125 -1.06862e-08
21.5984 1.53125 -2.77878e-09
22.3838 1.53125 -1.33776e-08
23.1692 1.53125 6.64784e-09
23.9546 1.53125 -2.22018e-08
24.74 1.53125 -8.57316e-09
0.392699 1.59375 4.06136e-09
1.1781 1.59375 2.19856e-08
1.9635 1.59375 -6.77548e-11
2.74889 1.59375 3.50868e-08
3.53429 1.59375 4.26621e-09
4.31969 1.59375 1.43142e-08
5.10509 1.59375 -1.64608e-08
5.89049 1.59375 -4.6191e-09
6.67588 1.59375 -3.26217e-09
7.46128 1.59375 -1.22473e-08
8.24668 1.59375 2.53751e-08
9.03208 1.59375 1.94903e-09
9.81748 1.59375 1.92795e-08
10.6029 1.59375 2.51407e-10
11.3883 1.59375 6.62523e-09
12.1737 1.59375 7.26961e-09
12.9591 1.59375 1.51466e-08
13.7445 1.59375 1.97332e-08
14.5299 1.59375 1.18577e-08
15.3153 1.59375 -6.65693e-09
16.1007 1.59375 9.33924e-09
16.8861 1.59375 -2.77015e-08
17.6715 1.59375 -2.22773e-08
18.4569 1.59375 -2.26117e-08
19.2423 1.59375 -6.88879e-09
20.0277 1.59375 -2.20027e-08
20.8131 1.59375 -1.02854e-08
21.5984 1.59375 -3.29708e-09
22.3838 1.59375 -1.39621e-08
23.1692 1.59375 8.00904e-09
23.9546 1.59375 -2.28678e-08
24.74 1.59375 -9.7924e-09
0.392699 1.65625 6.0045e-09
1.1781 1.65625 2.21119e-08
1.9635 1.65625 -2.91254e-09
2.74889 1.65625 3.59718e-08
3.53429 1.65625 4.00722e-09
4.31969 1.65625 1.4877e-08
5.10509 1.65625 -1.59219e-08
5.89049 1.65625 -4.05396e-09
6.67588 1.65625 -3.58943e-09
7.46128 1.65625 -1.41741e-08
8.24668 1.65625 2.69933e-08
9.03208 1.65625 1.19814e-09
9.81748 1.65625 1.88819e-08
10.6029 1.65625 4.14474e-10
11.3883 1.65625 6.5368e-09
12.1737 1.65625 8.23654e-09
12.9591 1.65625 1.4829e-08
13.7445 1.65625 2.04527e-08
14.5299 1.65625 1.12497e-08
15.3153 1.65625 -6.60354e-09
16.1007 1.65625 1.01917e-08
16.8861 1.65625 -2.95625e-08
17.6715 1.65625 -2.36326e-08
18.4569 1.65625 -2.04563e-08
19.2423 1.65625 -5.28402e-09
20.0277 1.65625 -2.33772e-08
20.8131 1.65625 -9.45001e-09
21.5984 1.65625 -4.19611e-09
22.3838 1.65625 -1.45608e-08
23.1692 1.65625 9.15148e-09
23.9546 1.65625 -2.34754e-08
24.74 1.65625 -1.03548e-08
0.392699 1.71875 8.46558e-09
1.1781 1.71875 2.22163e-08
1.9635 1.71875 -6.57769e-09
2.74889 1.71875 3.71878e-08
3.53429 1.71875 4.92344e-09
4.31969 1.71875 1.57081e-08
5.10509 1.71875 -1.60207e-08
5.89049 1.71875 -4.07424e-09
6.67588 1.71875 -3.91459e-09
7.46128 1.71875 -1.65245e-08
8.24668 1.71875 2.91296e-08
9.03208 1.71875 1.23247e-09
9.81748 1.71875 1.79417e-08
10.6029 1.71875 2.39621e-10
11.3883 1.71875 6.40409e-09
12.1737 1.71875 9.23704e-09
12.9591 1.71875 1.44828e-08
13.7445 1.71875 2.15621e-08
14.5299 1.71875 1.0893e-08
15.3153 1.71875 -6.83229e-09
16.1007 1.71875 1.15642e-08
16.8861 1.71875 -3.23269e-08
17.6715 1.71875 -2.61775e-08
18.4569 1.71875 -1.65897e-08
19.2423 1.71875 -2.52335e-09
20.0277 1.71875 -2.62583e-08
20.8131 1.71875 -9.48654e-09
21.5984 1.71875 -4.62696e-09
22.3838 1.71875 -1.47366e-08
23.1692 1.71875 1.06538e-08
23.9546 1.71875 -2.45146e-08
24.74 1.71875 -1.1206e-08
0.392699 1.78125 1.02009e-08
1.1781 1.78125 2.15612e-08
1.9635 1.78125 -9.14754e-09
2.74889 1.78125 3.91256e-08
3.53429 1.78125 5.53351e-09
4.31969 1.78125 1.60301e-08
5.10509 1.78125 -1.65868e-08
5.89049 1.78125 -4.16677e-09
6.67588 1.78125 -4.28245e-09
7.46128 1.78125 -1.81771e-08
8.24668 1.78125 3.14695e-08
9.03208 1.78125 7.89306e-10
9.81748 1.78125 1.6904e-08
10.6029 1.78125 1.35062e-10
11.3883 1.78125 6.53207e-09
12.1737 1.78125 1.03026e-08
12.9591 1.78125 1.42589e-08
13.7445 1.78125 2.24377e-08
14.5299 1.78125 1.04113e-08
15.3153 1.78125 -6.97377e-09
16.1007 1.78125 1.20775e-08
16.8861 1.78125 -3.52308e-08
17.6715 1.78125 -2.70223e-08
18.4569 1.78125 -1.22417e-08
19.2423 1.78125 -1.58813e-09
20.0277 1.78125 -2.93458e-08
20.8131 1.78125 -8.86513e-09
21.5984 1.78125 -5.08646e-09
22.3838 1.78125 -1.45546e-08
23.1692 1.78125 1.15887e-08
23.9546 1.78125 -2.55049e-08
24.74 1.78125 -1.11848e-08
0.392699 1.84375 1.21124e-08
1.1781 1.84375 2.08464e-08
1.9635 1.84375 -1.2094e-08
2.74889 1.84375 4.1521e-08
3.53429 1.84375 7.39033e-09
4.31969 1.84375 1.6068e-08
5.10509 1.84375 -1.8046e-08
5.89049 1.84375 -4.58255e-09
6.67588 1.84375 -4.36149e-09
7.46128 1.84375 -1.98883e-08
8.24668 1.84375 3.4187e-08
9.03208 1.84375 1.02829e-09
9.81748 1.84375 1.50967e-08
10.6029 1.84375 -3.10596e-10
11.3883 1.84375 6.65022e-09
12.1737 1.84375 1.13478e-08
12.9591 1.84375 1.42498e-08
13.7445 1.84375 2.35346e-08
14.5299 1.84375 1.02117e-08
15.3153 1.84375 -7.51937e-09
16.1007 1.84375 1.27759e-08
16.8861 1.84375 -3.87754e-08
17.6715 1.84375 -2.83678e-08
18.4569 1.84375 -6.36605e-09
19.2423 1.84375 -2.12205e-10
20.0277 1.84375 -3.40036e-08
20.8131 1.84375 -8.90718e-09
21.5984 1.84375 -4.30194e-09
22.3838 1.84375 -1.39776e-08
23.1692 1.84375 1.23734e-08
23.9546 1.84375 -2.68896e-08
24.74 1.84375 -1.14419e-08
0.392699 1.90625 1.23804e-08
1.1781 1.90625 2.00402e-08
1.9635 1.90625 -1.27553e-08
2.74889 1.90625 4.39803e-08
3.53429 1.90625 7.76323e-09
4.31969 1.90625 1.51757e-08
5.10509 1.90625 -1.89014e-08
5.89049 1.90625 -4.66687e-09
6.67588 1.90625 -4.53614e-09
7.46128 1.90625 -2.03725e-08
8.24668 1.90625 3.62957e-08
9.03208 1.90625 1.1814e-10
9.81748 1.90625 1.36262e-08
10.6029 1.90625 -3.49464e-11
11.3883 1.90625 6.85959e-09
12.1737 1.90625 1.21998e-08
12.9591 1.90625 1.46751e-08
13.7445 1.90625 2.38995e-08
14.5299 1.90625 9.86234e-09
15.3153 1.90625 -7.92054e-09
16.1007 1.90625 1.20229e-08
16.8861 1.90625 -4.09319e-08
17.6715 1.90625 -2.67193e-08
18.4569 1.90625 -2.86161e-09
19.2423 1.90625 -1.90428e-09
20.0277 1.90625 -3.64681e-08
20.8131 1.90625 -7.59529e-09
21.5984 1.90625 -3.93905e-09
22.3838 1.90625 -1.36501e-08
23.1692 1.90625 1.21545e-08
23.9546 1.90625 -2.76234e-08
24.74 1.90625 -1.08715e-08
0.392699 1.96875 1.3302e-08
1.1781 1.96875 2.07529e-08
1.9635 1.96875 -1.48492e-08
2.74889 1.96875 4.49362e-08
3.53429 1.96875 9.65335e-09
4.31969 1.96875 1.55438e-08
5.10509 1.96875 -1.95591e-08
5.89049 1.96875 -5.73014e-09
6.67588 1.96875 -4.36289e-09
7.46128 1.96875 -2.15949e-08
8.24668 1.96875 3.74248e-08
9.03208 1.96875 1.13402e-09
9.81748 1.96875 1.25837e-08
10.6029 1.96875 -6.77246e-10
11.3883 1.96875 6.20819e-09
12.1737 1.96875 1.31818e-08
12.9591 1.96875 1.48291e-08
13.7445 1.96875 2.42875e-08
14.5299 1.96875 1.0927e-08
15.3153 1.96875 -8.98289e-09
16.1007 1.96875 1.25744e-08
16.8861 1.96875 -4.23465e-08
17.6715 1.96875 -2.91407e-08
18.4569 1.96875 -3.68182e-10
19.2423 1.96875 8.58107e-10
20.0277 1.96875 -3.86557e-08
20.8131 1.96875 -8.88573e-09
21.5984 1.96875 -2.64951e-09
22.3838 1.96875 -1.36657e-08
23.1692 1.96875 1.25506e-08
23.9546 1.96875 -2.8116e-08
24.74 1.96875 -1.19112e-08
