0.392699 0.03125 -1.37666e-08
1.1781 0.03125 1.73054e-08
1.9635 0.03125 3.53059e-08
2.74889 0.03125 4.49764e-08
3.53429 0.03125 5.2526e-08
4.31969 0.03125 2.30478e-08
5.10509 0.03125 -2.18795e-08
5.89049 0.03125 -3.46763e-08
6.67588 0.03125 -2.25419e-08
7.46128 0.03125 2.76313e-09
8.24668 0.03125 1.06243e-08
9.03208 0.03125 2.20138e-08
9.81748 0.03125 3.1046e-08
10.6029 0.03125 1.0889e-08
11.3883 0.03125 8.66845e-09
12.1737 0.03125 -1.86117e-08
12.9591 0.03125 -2.52498e-09
13.7445 0.03125 3.24148e-08
14.5299 0.03125 4.1103e-08
15.3153 0.03125 1.6363e-09
16.1007 0.03125 1.76638e-08
16.8861 0.03125 -3.32099e-08
17.6715 0.03125 -1.51686e-08
18.4569 0.03125 -4.59426e-08
19.2423 0.03125 -5.1949e-08
20.0277 0.03125 -1.78822e-08
20.8131 0.03125 -3.17165e-08
21.5984 0.03125 4.61131e-09
22.3838 0.03125 1.09358e-08
23.1692 0.03125 -4.32519e-10
23.9546 0.03125 -4.79095e-08
24.74 0.03125 -8.62502e-09

0.392699 0.09375 -1.34055e-08
1.1781 0.09375 1.47482e-08
1.9635 0.09375 3.55779e-08
2.74889 0.09375 4.61582e-08
3.53429 0.09375 5.24404e-08
4.31969 0.09375 2.52514e-08
5.10509 0.09375 -2.22745e-08
5.89049 0.09375 -3.51665e-08
6.67588 0.09375 -2.29272e-08
7.46128 0.09375 3.38531e-09
8.24668 0.09375 1.04713e-08
9.03208 0.09375 2.08178e-08
9.81748 0.09375 3.17925e-08
10.6029 0.09375 1.09846e-08
11.3883 0.09375 1.03336e-08
12.1737 0.09375 -1.86922e-08
12.9591 0.09375 -4.58144e-09
13.7445 0.09375 3.12086e-08
14.5299 0.09375 4.1615e-08
15.3153 0.09375 1.91751e-09
16.1007 0.09375 1.79325e-08
16.8861 0.09375 -3.25126e-08
17.6715 0.09375 -1.55143e-08
18.4569 0.09375 -4.3996e-08
19.2423 0.09375 -5.32175e-08
20.0277 0.09375 -1.75729e-08
20.8131 0.09375 -3.12785e-08
21.5984 0.09375 1.71285e-09
22.3838 0.09375 1.25973e-08
23.1692 0.09375 1.98473e-09
23.9546 0.09375 -4.92163e-08
24.74 0.09375 -9.96616e-09

0.392699 0.15625 -1.3253e-08
1.1781 0.15625 1.25805e-08
1.9635 0.15625 3.4735e-08
2.74889 0.15625 4.7628e-08
3.53429 0.15625 5.23123e-08
4.31969 0.15625 2.72954e-08
5.10509 0.15625 -2.16778e-08
5.89049 0.15625 -3.5744e-08
6.67588 0.15625 -2.35221e-08
7.46128 0.15625 3.75965e-09
8.24668 0.15625 1.04365e-08
9.03208 0.15625 1.96831e-08
9.81748 0.15625 3.21418e-08
10.6029 0.15625 1.04552e-08
11.3883 0.15625 1.18821e-08
12.1737 0.15625 -1.79818e-08
12.9591 0.15625 -6.44233e-09
13.7445 0.15625 2.9936e-08
14.5299 0.15625 4.17198e-08
15.3153 0.15625 2.49958e-09
16.1007 0.15625 1.84001e-08
16.8861 0.15625 -3.19766e-08
17.6715 0.15625 -1.62341e-08
18.4569 0.15625 -4.16949e-08
19.2423 0.15625 -5.36536e-08
20.0277 0.15625 -1.90347e-08
20.8131 0.15625 -2.97281e-08
21.5984 0.15625 1.02345e-10
22.3838 0.15625 1.20893e-08
23.1692 0.15625 4.40588e-09
23.9546 0.15625 -4.89094e-08
24.74 0.15625 -1.16735e-08

0.392699 0.21875 -1.34541e-08
1.1781 0.21875 1.08309e-08
1.9635 0.21875 3.34575e-08
2.74889 0.21875 4.83043e-08
3.53429 0.21875 5.18482e-08
4.31969 0.21875 2.90237e-08
5.10509 0.21875 -2.06182e-08
5.89049 0.21875 -3.55971e-08
6.67588 0.21875 -2.41199e-08
7.46128 0.21875 3.89864e-09
8.24668 0.21875 1.06918e-08
9.03208 0.21875 1.84968e-08
9.81748 0.21875 3.23155e-08
10.6029 0.21875 9.70371e-09
11.3883 0.21875 1.29724e-08
12.1737 0.21875 -1.65346e-08
12.9591 0.21875 -7.54026e-09
13.7445 0.21875 2.84685e-08
14.5299 0.21875 4.13897e-08
15.3153 0.21875 2.67214e-09
16.1007 0.21875 1.84598e-08
16.8861 0.21875 -3.12516e-08
17.6715 0.21875 -1.67607e-08
18.4569 0.21875 -4.00077e-08
19.2423 0.21875 -5.32645e-08
20.0277 0.21875 -1.99185e-08
20.8131 0.21875 -2.86728e-08
21.5984 0.21875 -1.1614e-09
22.3838 0.21875 1.10725e-08
23.1692 0.21875 6.1363e-09
23.9546 0.21875 -4.75302e-08
24.74 0.21875 -1.28495e-08

0.392699 0.28125 -1.36779e-08
1.1781 0.28125 9.56417e-09
1.9635 0.28125 3.11178e-08
2.74889 0.28125 4.83552e-08
3.53429 0.28125 5.05257e-08
4.31969 0.28125 3.02975e-08
5.10509 0.28125 -1.8474e-08
5.89049 0.28125 -3.47217e-08
6.67588 0.28125 -2.46412e-08
7.46128 0.28125 3.51166e-09
8.24668 0.28125 1.15544e-08
9.03208 0.28125 1.74961e-08
9.81748 0.28125 3.18953e-08
10.6029 0.28125 8.4198e-09
11.3883 0.28125 1.33703e-08
12.1737 0.28125 -1.39299e-08
12.9591 0.28125 -7.35874e-09
13.7445 0.28125 2.65382e-08
14.5299 0.28125 4.01475e-08
15.3153 0.28125 2.77524e-09
16.1007 0.28125 1.822e-08
16.8861 0.28125 -3.07484e-08
17.6715 0.28125 -1.73526e-08
18.4569 0.28125 -3.81599e-08
19.2423 0.28125 -5.194e-08
20.0277 0.28125 -2.13604e-08
20.8131 0.28125 -2.68347e-08
21.5984 0.28125 -1.62006e-09
22.3838 0.28125 8.01767e-09
23.1692 0.28125 7.14778e-09
23.9546 0.28125 -4.43622e-08
24.74 0.28125 -1.33825e-08

0.392699 0.34375 -1.37721e-08
1.1781 0.34375 9.02956e-09
1.9635 0.34375 2.87776e-08
2.74889 0.34375 4.73835e-08
3.53429 0.34375 4.84787e-08
4.31969 0.34375 3.09478e-08
5.10509 0.34375 -1.62485e-08
5.89049 0.34375 -3.29544e-08
6.67588 0.34375 -2.46288e-08
7.46128 0.34375 2.7524e-09
8.24668 0.34375 1.25252e-08
9.03208 0.34375 1.68741e-08
9.81748 0.34375 3.14495e-08
10.6029 0.34375 7.1543e-09
11.3883 0.34375 1.30835e-08
12.1737 0.34375 -1.13041e-08
12.9591 0.34375 -6.05931e-09
13.7445 0.34375 2.48214e-08
14.5299 0.34375 3.83598e-08
15.3153 0.34375 2.28847e-09
16.1007 0.34375 1.74629e-08
16.8861 0.34375 -3.01796e-08
17.6715 0.34375 -1.77158e-08
18.4569 0.34375 -3.68972e-08
19.2423 0.34375 -4.99613e-08
20.0277 0.34375 -2.18487e-08
20.8131 0.34375 -2.56413e-08
21.5984 0.34375 -1.88324e-09
22.3838 0.34375 5.1343e-09
23.1692 0.34375 7.12822e-09
23.9546 0.34375 -4.10793e-08
24.74 0.34375 -1.31664e-08

0.392699 0.40625 -1.37271e-08
1.1781 0.40625 9.02737e-09
1.9635 0.40625 2.62934e-08
2.74889 0.40625 4.60577e-08
3.53429 0.40625 4.57059e-08
4.31969 0.40625 3.10644e-08
5.10509 0.40625 -1.37766e-08
5.89049 0.40625 -3.07913e-08
6.67588 0.40625 -2.40758e-08
7.46128 0.40625 1.75904e-09
8.24668 0.40625 1.35356e-08
9.03208 0.40625 1.64714e-08
9.81748 0.40625 3.08628e-08
10.6029 0.40625 5.92026e-09
11.3883 0.40625 1.25018e-08
12.1737 0.40625 -8.57829e-09
12.9591 0.40625 -4.18666e-09
13.7445 0.40625 2.30906e-08
14.5299 0.40625 3.61599e-08
15.3153 0.40625 1.73631e-09
16.1007 0.40625 1.64088e-08
16.8861 0.40625 -2.98481e-08
17.6715 0.40625 -1.80497e-08
18.4569 0.40625 -3.55545e-08
19.2423 0.40625 -4.75431e-08
20.0277 0.40625 -2.23549e-08
20.8131 0.40625 -2.41772e-08
21.5984 0.40625 -2.01186e-09
22.3838 0.40625 1.68017e-09
23.1692 0.40625 6.80066e-09
23.9546 0.40625 -3.74839e-08
24.74 0.40625 -1.26813e-08

0.392699 0.46875 -1.35532e-08
1.1781 0.46875 9.52063e-09
1.9635 0.46875 2.42589e-08
2.74889 0.46875 4.43238e-08
3.53429 0.46875 4.27136e-08
4.31969 0.46875 3.07491e-08
5.10509 0.46875 -1.17909e-08
5.89049 0.46875 -2.8339e-08
6.67588 0.46875 -2.29206e-08
7.46128 0.46875 7.55055e-10
8.24668 0.46875 1.42702e-08
9.03208 0.46875 1.62762e-08
9.81748 0.46875 3.04864e-08
10.6029 0.46875 5.00191e-09
11.3883 0.46875 1.18294e-08
12.1737 0.46875 -6.33042e-09
12.9591 0.46875 -2.15454e-09
13.7445 0.46875 2.16105e-08
14.5299 0.46875 3.39304e-08
15.3153 0.46875 9.06269e-10
16.1007 0.46875 1.51532e-08
16.8861 0.46875 -2.94512e-08
17.6715 0.46875 -1.8275e-08
18.4569 0.46875 -3.46975e-08
19.2423 0.46875 -4.49863e-08
20.0277 0.46875 -2.20342e-08
20.8131 0.46875 -2.33105e-08
21.5984 0.46875 -2.35027e-09
22.3838 0.46875 -9.95903e-10
23.1692 0.46875 6.2167e-09
23.9546 0.46875 -3.45652e-08
24.74 0.46875 -1.2089e-08

0.392699 0.53125 -1.33205e-08
1.1781 0.53125 1.0146e-08
1.9635 0.53125 2.23519e-08
2.74889 0.53125 4.27439e-08
3.53429 0.53125 3.95565e-08
4.31969 0.53125 3.01536e-08
5.10509 0.53125 -1.00239e-08
5.89049 0.53125 -2.58894e-08
6.67588 0.53125 -2.13215e-08
7.46128 0.53125 -2.38582e-10
8.24668 0.53125 1.48002e-08
9.03208 0.53125 1.60556e-08
9.81748 0.53125 3.01724e-08
10.6029 0.53125 4.30309e-09
11.3883 0.53125 1.12598e-08
12.1737 0.53125 -4.26983e-09
12.9591 0.53125 -2.44797e-10
13.7445 0.53125 2.00601e-08
14.5299 0.53125 3.16756e-08
15.3153 0.53125 2.8666e-10
16.1007 0.53125 1.3948e-08
16.8861 0.53125 -2.91409e-08
17.6715 0.53125 -1.85325e-08
18.4569 0.53125 -3.37908e-08
19.2423 0.53125 -4.24987e-08
20.0277 0.53125 -2.18733e-08
20.8131 0.53125 -2.22234e-08
21.5984 0.53125 -2.71368e-09
22.3838 0.53125 -3.7263e-09
23.1692 0.53125 5.74544e-09
23.9546 0.53125 -3.1817e-08
24.74 0.53125 -1.15457e-08

0.392699 0.59375 -1.30117e-08
1.1781 0.59375 1.08881e-08
1.9635 0.59375 2.07812e-08
2.74889 0.59375 4.11982e-08
3.53429 0.59375 3.66543e-08
4.31969 0.59375 2.94147e-08
5.10509 0.59375 -8.84519e-09
5.89049 0.59375 -2.34615e-08
6.67588 0.59375 -1.93425e-08
7.46128 0.59375 -1.13467e-09
8.24668 0.59375 1.50201e-08
9.03208 0.59375 1.58156e-08
9.81748 0.59375 3.00366e-08
10.6029 0.59375 3.91516e-09
11.3883 0.59375 1.08012e-08
12.1737 0.59375 -2.73609e-09
12.9591 0.59375 1.43585e-09
13.7445 0.59375 1.87208e-08
14.5299 0.59375 2.9602e-08
15.3153 0.59375 -3.75308e-10
16.1007 0.59375 1.29372e-08
16.8861 0.59375 -2.8597e-08
17.6715 0.59375 -1.88092e-08
18.4569 0.59375 -3.33027e-08
19.2423 0.59375 -4.01845e-08
20.0277 0.59375 -2.13894e-08
20.8131 0.59375 -2.15858e-08
21.5984 0.59375 -3.14072e-09
22.3838 0.59375 -5.73162e-09
23.1692 0.59375 5.2485e-09
23.9546 0.59375 -2.97354e-08
24.74 0.59375 -1.1068e-08

0.392699 0.65625 -1.27029e-08
1.1781 0.65625 1.14351e-08
1.9635 0.65625 1.92282e-08
2.74889 0.65625 4.00131e-08
3.53429 0.65625 3.38831e-08
4.31969 0.65625 2.86453e-08
5.10509 0.65625 -7.86796e-09
5.89049 0.65625 -2.11691e-08
6.67588 0.65625 -1.71711e-08
7.46128 0.65625 -1.90803e-09
8.24668 0.65625 1.51043e-08
9.03208 0.65625 1.5297e-08
9.81748 0.65625 2.98768e-08
10.6029 0.65625 3.7445e-09
11.3883 0.65625 1.0527e-08
12.1737 0.65625 -1.4506e-09
12.9591 0.65625 2.8215e-09
13.7445 0.65625 1.74063e-08
14.5299 0.65625 2.766e-08
15.3153 0.65625 -7.73081e-10
16.1007 0.65625 1.21543e-08
16.8861 0.65625 -2.79466e-08
17.6715 0.65625 -1.90521e-08
18.4569 0.65625 -3.27717e-08
19.2423 0.65625 -3.81776e-08
20.0277 0.65625 -2.13533e-08
20.8131 0.65625 -2.0805e-08
21.5984 0.65625 -3.48753e-09
22.3838 0.65625 -7.75242e-09
23.1692 0.65625 4.82021e-09
23.9546 0.65625 -2.77299e-08
24.74 0.65625 -1.05429e-08

0.392699 0.71875 -1.23174e-08
1.1781 0.71875 1.19639e-08
1.9635 0.71875 1.77571e-08
2.74889 0.71875 3.88906e-08
3.53429 0.71875 3.14549e-08
4.31969 0.71875 2.79719e-08
5.10509 0.71875 -7.20365e-09
5.89049 0.71875 -1.90397e-08
6.67588 0.71875 -1.4932e-08
7.46128 0.71875 -2.48801e-09
8.24668 0.71875 1.51167e-08
9.03208 0.71875 1.45813e-08
9.81748 0.71875 2.96517e-08
10.6029 0.71875 3.80856e-09
11.3883 0.71875 1.0398e-08
12.1737 0.71875 -6.27723e-10
12.9591 0.71875 3.92078e-09
13.7445 0.71875 1.64324e-08
14.5299 0.71875 2.60366e-08
15.3153 0.71875 -1.22488e-09
16.1007 0.71875 1.15806e-08
16.8861 0.71875 -2.7027e-08
17.6715 0.71875 -1.9276e-08
18.4569 0.71875 -3.2523e-08
19.2423 0.71875 -3.63426e-08
20.0277 0.71875 -2.13221e-08
20.8131 0.71875 -2.05014e-08
21.5984 0.71875 -3.82848e-09
22.3838 0.71875 -9.25499e-09
23.1692 0.71875 4.35646e-09
23.9546 0.71875 -2.61116e-08
24.74 0.71875 -1.00048e-08

0.392699 0.78125 -1.18669e-08
1.1781 0.78125 1.23393e-08
1.9635 0.78125 1.62136e-08
2.74889 0.78125 3.79336e-08
3.53429 0.78125 2.9034e-08
4.31969 0.78125 2.73976e-08
5.10509 0.78125 -6.46819e-09
5.89049 0.78125 -1.70879e-08
6.67588 0.78125 -1.28205e-08
7.46128 0.78125 -2.8674e-09
8.24668 0.78125 1.5228e-08
9.03208 0.78125 1.35387e-08
9.81748 0.78125 2.92767e-08
10.6029 0.78125 3.99833e-09
11.3883 0.78125 1.04058e-08
12.1737 0.78125 1.61516e-11
12.9591 0.78125 4.7745e-09
13.7445 0.78125 1.56236e-08
14.5299 0.78125 2.46844e-08
15.3153 0.78125 -1.48002e-09
16.1007 0.78125 1.1024e-08
16.8861 0.78125 -2.61009e-08
17.6715 0.78125 -1.93387e-08
18.4569 0.78125 -3.21542e-08
19.2423 0.78125 -3.47612e-08
20.0277 0.78125 -2.17289e-08
20.8131 0.78125 -2.01794e-08
21.5984 0.78125 -4.1173e-09
22.3838 0.78125 -1.07734e-08
23.1692 0.78125 3.87783e-09
23.9546 0.78125 -2.44657e-08
24.74 0.78125 -9.30716e-09

0.392699 0.84375 -1.123e-08
1.1781 0.84375 1.29388e-08
1.9635 0.84375 1.46939e-08
2.74889 0.84375 3.68034e-08
3.53429 0.84375 2.67522e-08
4.31969 0.84375 2.69725e-08
5.10509 0.84375 -5.75731e-09
5.89049 0.84375 -1.5346e-08
6.67588 0.84375 -1.09115e-08
7.46128 0.84375 -3.1367e-09
8.24668 0.84375 1.54382e-08
9.03208 0.84375 1.24634e-08
9.81748 0.84375 2.87915e-08
10.6029 0.84375 4.26584e-09
11.3883 0.84375 1.04159e-08
12.1737 0.84375 3.54782e-10
12.9591 0.84375 5.47561e-09
13.7445 0.84375 1.5212e-08
14.5299 0.84375 2.37408e-08
15.3153 0.84375 -1.81834e-09
16.1007 0.84375 1.04697e-08
16.8861 0.84375 -2.51496e-08
17.6715 0.84375 -1.94272e-08
18.4569 0.84375 -3.19641e-08
19.2423 0.84375 -3.31241e-08
20.0277 0.84375 -2.20483e-08
20.8131 0.84375 -2.03415e-08
21.5984 0.84375 -4.43188e-09
22.3838 0.84375 -1.18527e-08
23.1692 0.84375 3.41749e-09
23.9546 0.84375 -2.31699e-08
24.74 0.84375 -8.68664e-09

0.392699 0.90625 -1.04522e-08
1.1781 0.90625 1.35623e-08
1.9635 0.90625 1.3245e-08
2.74889 0.90625 3.57267e-08
3.53429 0.90625 2.43422e-08
4.31969 0.90625 2.6581e-08
5.10509 0.90625 -4.90063e-09
5.89049 0.90625 -1.37375e-08
6.67588 0.90625 -9.27646e-09
7.46128 0.90625 -3.36645e-09
8.24668 0.90625 1.57124e-08
9.03208 0.90625 1.12983e-08
9.81748 0.90625 2.83319e-08
10.6029 0.90625 4.52793e-09
11.3883 0.90625 1.03612e-08
12.1737 0.90625 6.58931e-10
12.9591 0.90625 6.13715e-09
13.7445 0.90625 1.49331e-08
14.5299 0.90625 2.30412e-08
15.3153 0.90625 -2.0034e-09
16.1007 0.90625 9.75078e-09
16.8861 0.90625 -2.44092e-08
17.6715 0.90625 -1.93792e-08
18.4569 0.90625 -3.16969e-08
19.2423 0.90625 -3.16126e-08
20.0277 0.90625 -2.24524e-08
20.8131 0.90625 -2.04384e-08
21.5984 0.90625 -4.74683e-09
22.3838 0.90625 -1.289e-08
23.1692 0.90625 2.95506e-09
23.9546 0.90625 -2.20089e-08
24.74 0.90625 -8.01099e-09

0.392699 0.96875 -9.51933e-09
1.1781 0.96875 1.44476e-08
1.9635 0.96875 1.18971e-08
2.74889 0.96875 3.46159e-08
3.53429 0.96875 2.21799e-08
4.31969 0.96875 2.62781e-08
5.10509 0.96875 -4.13282e-09
5.89049 0.96875 -1.23185e-08
6.67588 0.96875 -7.82685e-09
7.46128 0.96875 -3.7314e-09
8.24668 0.96875 1.59707e-08
9.03208 0.96875 1.03501e-08
9.81748 0.96875 2.79192e-08
10.6029 0.96875 4.7799e-09
11.3883 0.96875 1.01485e-08
12.1737 0.96875 8.20369e-10
12.9591 0.96875 6.83767e-09
13.7445 0.96875 1.49429e-08
14.5299 0.96875 2.25992e-08
15.3153 0.96875 -2.35804e-09
16.1007 0.96875 9.01242e-09
16.8861 0.96875 -2.3764e-08
17.6715 0.96875 -1.95072e-08
18.4569 0.96875 -3.16597e-08
19.2423 0.96875 -2.98777e-08
20.0277 0.96875 -2.24874e-08
20.8131 0.96875 -2.08784e-08
21.5984 0.96875 -5.13504e-09
22.3838 0.96875 -1.35695e-08
23.1692 0.96875 2.62109e-09
23.9546 0.96875 -2.12921e-08
24.74 0.96875 -7.60191e-09

0.392699 1.03125 -8.6095e-09
1.1781 1.03125 1.51022e-08
1.9635 1.03125 1.0735e-08
2.74889 1.03125 3.39224e-08
3.53429 1.03125 2.01595e-08
4.31969 1.03125 2.5931e-08
5.10509 1.03125 -3.44151e-09
5.89049 1.03125 -1.09798e-08
6.67588 1.03125 -6.54468e-09
7.46128 1.03125 -4.18752e-09
8.24668 1.03125 1.6205e-08
9.03208 1.03125 9.41633e-09
9.81748 1.03125 2.76551e-08
10.6029 1.03125 5.02108e-09
11.3883 1.03125 9.83848e-09
12.1737 1.03125 1.05781e-09
12.9591 1.03125 7.59794e-09
13.7445 1.03125 1.49405e-08
14.5299 1.03125 2.21633e-08
15.3153 1.03125 -2.69653e-09
16.1007 1.03125 8.13339e-09
16.8861 1.03125 -2.32864e-08
17.6715 1.03125 -1.94868e-08
18.4569 1.03125 -3.16395e-08
19.2423 1.03125 -2.83431e-08
20.0277 1.03125 -2.23811e-08
20.8131 1.03125 -2.10727e-08
21.5984 1.03125 -5.54381e-09
22.3838 1.03125 -1.4274e-08
23.1692 1.03125 2.29134e-09
23.9546 1.03125 -2.07617e-08
24.74 1.03125 -7.18036e-09

0.392699 1.09375 -7.81889e-09
1.1781 1.09375 1.57662e-08
1.9635 1.09375 9.64846e-09
2.74889 1.09375 3.35577e-08
3.53429 1.09375 1.87141e-08
4.31969 1.09375 2.56883e-08
5.10509 1.09375 -3.02077e-09
5.89049 1.09375 -9.84603e-09
6.67588 1.09375 -5.31244e-09
7.46128 1.09375 -4.87231e-09
8.24668 1.09375 1.65254e-08
9.03208 1.09375 8.76835e-09
9.81748 1.09375 2.73437e-08
10.6029 1.09375 5.26214e-09
11.3883 1.09375 9.45845e-09
12.1737 1.09375 1.24078e-09
12.9591 1.09375 8.34844e-09
13.7445 1.09375 1.50881e-08
14.5299 1.09375 2.17622e-08
15.3153 1.09375 -3.32932e-09
16.1007 1.09375 7.38973e-09
16.8861 1.09375 -2.27745e-08
17.6715 1.09375 -1.96908e-08
18.4569 1.09375 -3.18304e-08
19.2423 1.09375 -2.66339e-08
20.0277 1.09375 -2.2016e-08
20.8131 1.09375 -2.14659e-08
21.5984 1.09375 -5.96421e-09
22.3838 1.09375 -1.47968e-08
23.1692 1.09375 2.16688e-09
23.9546 1.09375 -2.05091e-08
24.74 1.09375 -7.12566e-09

0.392699 1.15625 -7.3496e-09
1.1781 1.15625 1.60084e-08
1.9635 1.15625 8.8062e-09
2.74889 1.15625 3.38297e-08
3.53429 1.15625 1.75209e-08
4.31969 1.15625 2.5398e-08
5.10509 1.15625 -2.80016e-09
5.89049 1.15625 -8.78965e-09
6.67588 1.15625 -4.16421e-09
7.46128 1.15625 -5.59445e-09
8.24668 1.15625 1.70341e-08
9.03208 1.15625 8.09328e-09
9.81748 1.15625 2.7042e-08
10.6029 1.15625 5.50476e-09
11.3883 1.15625 9.12979e-09
12.1737 1.15625 1.55568e-09
12.9591 1.15625 9.00844e-09
13.7445 1.15625 1.50837e-08
14.5299 1.15625 2.1193e-08
15.3153 1.15625 -3.95415e-09
16.1007 1.15625 6.65963e-09
16.8861 1.15625 -2.23001e-08
17.6715 1.15625 -1.96393e-08
18.4569 1.15625 -3.19743e-08
19.2423 1.15625 -2.53757e-08
20.0277 1.15625 -2.17905e-08
20.8131 1.15625 -2.14776e-08
21.5984 1.15625 -6.25567e-09
22.3838 1.15625 -1.54567e-08
23.1692 1.15625 2.04852e-09
23.9546 1.15625 -2.02028e-08
24.74 1.15625 -7.08743e-09

0.392699 1.21875 -7.20056e-09
1.1781 1.21875 1.64236e-08
1.9635 1.21875 7.97761e-09
2.74889 1.21875 3.43137e-08
3.53429 1.21875 1.68452e-08
4.31969 1.21875 2.5266e-08
5.10509 1.21875 -2.86198e-09
5.89049 1.21875 -7.96793e-09
6.67588 1.21875 -2.95836e-09
7.46128 1.21875 -6.53303e-09
8.24668 1.21875 1.78178e-08
9.03208 1.21875 7.71599e-09
9.81748 1.21875 2.65243e-08
10.6029 1.21875 5.71684e-09
11.3883 1.21875 8.81714e-09
12.1737 1.21875 1.86347e-09
12.9591 1.21875 9.49573e-09
13.7445 1.21875 1.51542e-08
14.5299 1.21875 2.05889e-08
15.3153 1.21875 -4.78664e-09
16.1007 1.21875 6.30973e-09
16.8861 1.21875 -2.17517e-08
17.6715 1.21875 -1.99237e-08
18.4569 1.21875 -3.21947e-08
19.2423 1.21875 -2.39492e-08
20.0277 1.21875 -2.17304e-08
20.8131 1.21875 -2.16812e-08
21.5984 1.21875 -6.38745e-09
22.3838 1.21875 -1.60449e-08
23.1692 1.21875 2.26917e-09
23.9546 1.21875 -1.98412e-08
24.74 1.21875 -7.59818e-09

0.392699 1.28125 -7.36882e-09
1.1781 1.28125 1.66768e-08
1.9635 1.28125 7.3568e-09
2.74889 1.28125 3.51334e-08
3.53429 1.28125 1.61407e-08
4.31969 1.28125 2.50444e-08
5.10509 1.28125 -3.08838e-09
5.89049 1.28125 -7.1581e-09
6.67588 1.28125 -1.72953e-09
7.46128 1.28125 -7.42251e-09
8.24668 1.28125 1.87984e-08
9.03208 1.28125 7.21635e-09
9.81748 1.28125 2.6011e-08
10.6029 1.28125 5.91122e-09
11.3883 1.28125 8.55829e-09
12.1737 1.28125 2.32545e-09
12.9591 1.28125 9.80353e-09
13.7445 1.28125 1.50637e-08
14.5299 1.28125 1.9815e-08
15.3153 1.28125 -5.44853e-09
16.1007 1.28125 6.09611e-09
16.8861 1.28125 -2.13091e-08
17.6715 1.28125 -1.99772e-08
18.4569 1.28125 -3.23017e-08
19.2423 1.28125 -2.3037e-08
20.0277 1.28125 -2.20258e-08
20.8131 1.28125 -2.14495e-08
21.5984 1.28125 -6.29911e-09
22.3838 1.28125 -1.67873e-08
23.1692 1.28125 2.54221e-09
23.9546 1.28125 -1.92355e-08
24.74 1.28125 -8.17888e-09

0.392699 1.34375 -7.5964e-09
1.1781 1.34375 1.75312e-08
1.9635 1.34375 6.45013e-09
2.74889 1.34375 3.56675e-08
3.53429 1.34375 1.57374e-08
4.31969 1.34375 2.50066e-08
5.10509 1.34375 -3.47317e-09
5.89049 1.34375 -6.49623e-09
6.67588 1.34375 -3.13379e-10
7.46128 1.34375 -8.58356e-09
8.24668 1.34375 1.9886e-08
9.03208 1.34375 7.01128e-09
9.81748 1.34375 2.53363e-08
10.6029 1.34375 6.03514e-09
11.3883 1.34375 8.21041e-09
12.1737 1.34375 2.77445e-09
12.9591 1.34375 9.94365e-09
13.7445 1.34375 1.51792e-08
14.5299 1.34375 1.91051e-08
15.3153 1.34375 -6.23066e-09
16.1007 1.34375 6.3885e-09
16.8861 1.34375 -2.09193e-08
17.6715 1.34375 -2.06795e-08
18.4569 1.34375 -3.24551e-08
19.2423 1.34375 -2.16228e-08
20.0277 1.34375 -2.251e-08
20.8131 1.34375 -2.14633e-08
21.5984 1.34375 -6.07783e-09
22.3838 1.34375 -1.74801e-08
23.1692 1.34375 3.23893e-09
23.9546 1.34375 -1.85264e-08
24.74 1.34375 -9.40848e-09

0.392699 1.40625 -7.73245e-09
1.1781 1.40625 1.8417e-08
1.9635 1.40625 5.48469e-09
2.74889 1.40625 3.61813e-08
3.53429 1.40625 1.50554e-08
4.31969 1.40625 2.48275e-08
5.10509 1.40625 -3.80236e-09
5.89049 1.40625 -5.66749e-09
6.67588 1.40625 1.10869e-09
7.46128 1.40625 -9.71737e-09
8.24668 1.40625 2.09511e-08
9.03208 1.40625 6.55045e-09
9.81748 1.40625 2.47836e-08
10.6029 1.40625 6.16352e-09
11.3883 1.40625 7.84597e-09
12.1737 1.40625 3.35961e-09
12.9591 1.40625 9.97729e-09
13.7445 1.40625 1.53007e-08
14.5299 1.40625 1.83291e-08
15.3153 1.40625 -6.78345e-09
16.1007 1.40625 6.74608e-09
16.8861 1.40625 -2.07743e-08
17.6715 1.40625 -2.12165e-08
18.4569 1.40625 -3.25286e-08
19.2423 1.40625 -2.05918e-08
20.0277 1.40625 -2.30953e-08
20.8131 1.40625 -2.09278e-08
21.5984 1.40625 -5.79836e-09
22.3838 1.40625 -1.83451e-08
23.1692 1.40625 3.86215e-09
23.9546 1.40625 -1.77651e-08
24.74 1.40625 -1.05456e-08

0.392699 1.46875 -7.48622e-09
1.1781 1.46875 2.00733e-08
1.9635 1.46875 3.81726e-09
2.74889 1.46875 3.61132e-08
3.53429 1.46875 1.46692e-08
4.31969 1.46875 2.49348e-08
5.10509 1.46875 -4.00234e-09
5.89049 1.46875 -4.90165e-09
6.67588 1.46875 2.59118e-09
7.46128 1.46875 -1.13261e-08
8.24668 1.46875 2.19393e-08
9.03208 1.46875 6.41619e-09
9.81748 1.46875 2.41197e-08
10.6029 1.46875 6.22216e-09
11.3883 1.46875 7.34917e-09
12.1737 1.46875 3.93974e-09
12.9591 1.46875 9.92351e-09
13.7445 1.46875 1.58021e-08
14.5299 1.46875 1.77583e-08
15.3153 1.46875 -7.50201e-09
16.1007 1.46875 7.62807e-09
16.8861 1.46875 -2.07617e-08
17.6715 1.46875 -2.27279e-08
18.4569 1.46875 -3.26227e-08
19.2423 1.46875 -1.8617e-08
20.0277 1.46875 -2.36621e-08
20.8131 1.46875 -2.07013e-08
21.5984 1.46875 -5.57332e-09
22.3838 1.46875 -1.92366e-08
23.1692 1.46875 4.83078e-09
23.9546 1.46875 -1.71247e-08
24.74 1.46875 -1.22486e-08

0.392699 1.53125 -6.90022e-09
1.1781 1.53125 2.15867e-08
1.9635 1.53125 1.99154e-09
2.74889 1.53125 3.61076e-08
3.53429 1.53125 1.3974e-08
4.31969 1.53125 2.4902e-08
5.10509 1.53125 -3.89521e-09
5.89049 1.53125 -3.91909e-09
6.67588 1.53125 3.79306e-09
7.46128 1.53125 -1.30045e-08
8.24668 1.53125 2.28719e-08
9.03208 1.53125 5.94336e-09
9.81748 1.53125 2.36019e-08
10.6029 1.53125 6.35847e-09
11.3883 1.53125 6.9283e-09
12.1737 1.53125 4.69551e-09
12.9591 1.53125 9.81475e-09
13.7445 1.53125 1.6333e-08
14.5299 1.53125 1.71716e-08
15.3153 1.53125 -7.98398e-09
16.1007 1.53125 8.45056e-09
16.8861 1.53125 -2.10412e-08
17.6715 1.53125 -2.39949e-08
18.4569 1.53125 -3.25657e-08
19.2423 1.53125 -1.70556e-08
20.0277 1.53125 -2.41691e-08
20.8131 1.53125 -1.98434e-08
21.5984 1.53125 -5.5231e-09
22.3838 1.53125 -2.03615e-08
23.1692 1.53125 5.5728e-09
23.9546 1.53125 -1.66507e-08
24.74 1.53125 -1.35821e-08

0.392699 1.59375 -5.82388e-09
1.1781 1.59375 2.37382e-08
1.9635 1.59375 -6.76247e-10
2.74889 1.59375 3.56512e-08
3.53429 1.59375 1.38507e-08
4.31969 1.59375 2.53453e-08
5.10509 1.59375 -3.60773e-09
5.89049 1.59375 -3.18811e-09
6.67588 1.59375 4.85235e-09
7.46128 1.59375 -1.53412e-08
8.24668 1.59375 2.37482e-08
9.03208 1.59375 6.02713e-09
9.81748 1.59375 2.29902e-08
10.6029 1.59375 6.3625e-09
11.3883 1.59375 6.40241e-09
12.1737 1.59375 5.51734e-09
12.9591 1.59375 9.60766e-09
13.7445 1.59375 1.71755e-08
14.5299 1.59375 1.68845e-08
15.3153 1.59375 -8.69166e-09
16.1007 1.59375 9.88108e-09
16.8861 1.59375 -2.14626e-08
17.6715 1.59375 -2.66106e-08
18.4569 1.59375 -3.23061e-08
19.2423 1.59375 -1.41369e-08
20.0277 1.59375 -2.48194e-08
20.8131 1.59375 -1.96113e-08
21.5984 1.59375 -5.62343e-09
22.3838 1.59375 -2.1505e-08
23.1692 1.59375 6.7353e-09
23.9546 1.59375 -1.63562e-08
24.74 1.59375 -1.54388e-08

0.392699 1.65625 -4.54953e-09
1.1781 1.65625 2.5324e-08
1.9635 1.65625 -3.25985e-09
2.74889 1.65625 3.56782e-08
3.53429 1.65625 1.35783e-08
4.31969 1.65625 2.56734e-08
5.10509 1.65625 -3.1999e-09
5.89049 1.65625 -2.48113e-09
6.67588 1.65625 5.48496e-09
7.46128 1.65625 -1.76368e-08
8.24668 1.65625 2.47585e-08
9.03208 1.65625 5.86659e-09
9.81748 1.65625 2.2502e-08
10.6029 1.65625 6.39663e-09
11.3883 1.65625 6.01892e-09
12.1737 1.65625 6.53994e-09
12.9591 1.65625 9.34769e-09
13.7445 1.65625 1.7895e-08
14.5299 1.65625 1.65565e-08
15.3153 1.65625 -9.14318e-09
16.1007 1.65625 1.11104e-08
16.8861 1.65625 -2.22851e-08
17.6715 1.65625 -2.88416e-08
18.4569 1.65625 -3.15268e-08
19.2423 1.65625 -1.17675e-08
20.0277 1.65625 -2.56698e-08
20.8131 1.65625 -1.88984e-08
21.5984 1.65625 -6.00892e-09
22.3838 1.65625 -2.26987e-08
23.1692 1.65625 7.71295e-09
23.9546 1.65625 -1.62635e-08
24.74 1.65625 -1.66868e-08

0.392699 1.71875 -2.86649e-09
1.1781 1.71875 2.72695e-08
1.9635 1.71875 -6.70106e-09
2.74889 1.71875 3.54702e-08
3.53429 1.71875 1.44078e-08
4.31969 1.71875 2.67217e-08
5.10509 1.71875 -3.12924e-09
5.89049 1.71875 -2.46903e-09
6.67588 1.71875 6.07359e-09
7.46128 1.71875 -2.04727e-08
8.24668 1.71875 2.5878e-08
9.03208 1.71875 6.68987e-09
9.81748 1.71875 2.18704e-08
10.6029 1.71875 5.98765e-09
11.3883 1.71875 5.43591e-09
12.1737 1.71875 7.65261e-09
12.9591 1.71875 9.01818e-09
13.7445 1.71875 1.88449e-08
14.5299 1.71875 1.662e-08
15.3153 1.71875 -9.9133e-09
16.1007 1.71875 1.29783e-08
16.8861 1.71875 -2.34593e-08
17.6715 1.71875 -3.28451e-08
18.4569 1.71875 -2.9864e-08
19.2423 1.71875 -7.50238e-09
20.0277 1.71875 -2.72815e-08
20.8131 1.71875 -1.94706e-08
21.5984 1.71875 -6.34978e-09
22.3838 1.71875 -2.35105e-08
23.1692 1.71875 9.24704e-09
23.9546 1.71875 -1.63923e-08
24.74 1.71875 -1.84608e-08

0.392699 1.78125 -1.29894e-09
1.1781 1.78125 2.80664e-08
1.9635 1.78125 -9.60103e-09
2.74889 1.78125 3.6263e-08
3.53429 1.78125 1.5294e-08
4.31969 1.78125 2.73768e-08
5.10509 1.78125 -3.55398e-09
5.89049 1.78125 -2.62937e-09
6.67588 1.78125 6.32371e-09
7.46128 1.78125 -2.27638e-08
8.24668 1.78125 2.75115e-08
9.03208 1.78125 7.20634e-09
9.81748 1.78125 2.1019e-08
10.6029 1.78125 5.50734e-09
11.3883 1.78125 5.13732e-09
12.1737 1.78125 8.85059e-09
12.9591 1.78125 8.85462e-09
13.7445 1.78125 1.96627e-08
14.5299 1.78125 1.64678e-08
15.3153 1.78125 -1.03919e-08
16.1007 1.78125 1.41695e-08
16.8861 1.78125 -2.54554e-08
17.6715 1.78125 -3.55811e-08
18.4569 1.78125 -2.68438e-08
19.2423 1.78125 -4.5709e-09
20.0277 1.78125 -2.96519e-08
20.8131 1.78125 -1.95855e-08
21.5984 1.78125 -6.74722e-09
22.3838 1.78125 -2.3809e-08
23.1692 1.78125 1.04038e-08
23.9546 1.78125 -1.69285e-08
24.74 1.78125 -1.92739e-08

0.392699 1.84375 4.00451e-10
1.1781 1.84375 2.88862e-08
1.9635 1.84375 -1.29779e-08
2.74889 1.84375 3.70967e-08
3.53429 1.84375 1.75319e-08
4.31969 1.84375 2.8301e-08
5.10509 1.84375 -4.74878e-09
5.89049 1.84375 -3.3961e-09
6.67588 1.84375 6.69625e-09
7.46128 1.84375 -2.51129e-08
8.24668 1.84375 2.93095e-08
9.03208 1.84375 8.64331e-09
9.81748 1.84375 1.97396e-08
10.6029 1.84375 4.50636e-09
11.3883 1.84375 4.74073e-09
12.1737 1.84375 1.00114e-08
12.9591 1.84375 8.84361e-09
13.7445 1.84375 2.06119e-08
14.5299 1.84375 1.67232e-08
15.3153 1.84375 -1.11662e-08
16.1007 1.84375 1.55839e-08
16.8861 1.84375 -2.79453e-08
17.6715 1.84375 -3.92941e-08
18.4569 1.84375 -2.25899e-08
19.2423 1.84375 -4.92801e-10
20.0277 1.84375 -3.3155e-08
20.8131 1.84375 -2.10185e-08
21.5984 1.84375 -6.32916e-09
22.3838 1.84375 -2.33869e-08
23.1692 1.84375 1.16416e-08
23.9546 1.84375 -1.78183e-08
24.74 1.84375 -2.04555e-08

0.392699 1.90625 9.60378e-10
1.1781 1.90625 2.85248e-08
1.9635 1.90625 -1.43449e-08
2.74889 1.90625 3.89958e-08
3.53429 1.90625 1.86752e-08
4.31969 1.90625 2.78231e-08
5.10509 1.90625 -5.68715e-09
5.89049 1.90625 -3.6812e-09
6.67588 1.90625 6.65062e-09
7.46128 1.90625 -2.61713e-08
8.24668 1.90625 3.12358e-08
9.03208 1.90625 8.80856e-09
9.81748 1.90625 1.8198e-08
10.6029 1.90625 4.22449e-09
11.3883 1.90625 4.79899e-09
12.1737 1.90625 1.0809e-08
12.9591 1.90625 9.29939e-09
13.7445 1.90625 2.1109e-08
14.5299 1.90625 1.66043e-08
15.3153 1.90625 -1.14311e-08
16.1007 1.90625 1.53729e-08
16.8861 1.90625 -3.04382e-08
17.6715 1.90625 -3.93156e-08
18.4569 1.90625 -1.87838e-08
19.2423 1.90625 -3.67353e-10
20.0277 1.90625 -3.58697e-08
20.8131 1.90625 -2.06171e-08
21.5984 1.90625 -5.89221e-09
22.3838 1.90625 -2.29729e-08
23.1692 1.90625 1.1749e-08
23.9546 1.90625 -1.86758e-08
24.74 1.90625 -2.02552e-08

0.392699 1.96875 1.18373e-09
1.1781 1.96875 2.99727e-08
1.9635 1.96875 -1.6106e-08
2.74889 1.96875 3.87899e-08
3.53429 1.96875 2.04607e-08
4.31969 1.96875 2.87916e-08
5.10509 1.96875 -5.84723e-09
5.89049 1.96875 -4.89437e-09
6.67588 1.96875 6.8876e-09
7.46128 1.96875 -2.74813e-08
8.24668 1.96875 3.15493e-08
9.03208 1.96875 1.02297e-08
9.81748 1.96875 1.7765e-08
10.6029 1.96875 3.61042e-09
11.3883 1.96875 3.7115e-09
12.1737 1.96875 1.15003e-08
12.9591 1.96875 9.67825e-09
13.7445 1.96875 2.11578e-08
14.5299 1.96875 1.79224e-08
15.3153 1.96875 -1.22661e-08
16.1007 1.96875 1.58997e-08
16.8861 1.96875 -3.08642e-08
17.6715 1.96875 -4.23529e-08
18.4569 1.96875 -1.80925e-08
19.2423 1.96875 3.1711e-09
20.0277 1.96875 -3.65109e-08
20.8131 1.96875 -2.25769e-08
21.5984 1.96875 -5.15376e-09
22.3838 1.96875 -2.2856e-08
23.1692 1.96875 1.22179e-08
23.9546 1.96875 -1.86938e-08
24.74 1.96875 -2.15147e-08

