0.392699 0.03125 -1.83554e-08
1.1781 0.03125 5.86239e-09
1.9635 0.03125 2.65674e-08
2.74889 0.03125 3.9555e-08
3.53429 0.03125 5.4889e-08
4.31969 0.03125 3.87509e-08
5.10509 0.03125 -6.51786e-09
5.89049 0.03125 -3.23974e-08
6.67588 0.03125 -3.14415e-08
7.46128 0.03125 -7.34322e-09
8.24668 0.03125 5.62612e-09
9.03208 0.03125 1.50644e-08
9.81748 0.03125 3.16329e-08
10.6029 0.03125 1.47689e-08
11.3883 0.03125 1.45405e-08
12.1737 0.03125 -1.35761e-08
12.9591 0.03125 -1.24805e-08
13.7445 0.03125 2.02726e-08
14.5299 0.03125 4.59525e-08
15.3153 0.03125 7.83661e-09
16.1007 0.03125 2.64096e-08
16.8861 0.03125 -2.46455e-08
17.6715 0.03125 -1.31204e-08
18.4569 0.03125 -3.44371e-08
19.2423 0.03125 -5.59898e-08
20.0277 0.03125 -2.29991e-08
20.8131 0.03125 -3.41978e-08
21.5984 0.03125 -4.20428e-09
22.3838 0.03125 8.60131e-09
23.1692 0.03125 1.27024e-08
23.9546 0.03125 -4.17069e-08
24.74 0.03125 -1.49298e-08
0.392699 0.09375 -1.7784e-08
1.1781 0.09375 3.54215e-09
1.9635 0.09375 2.60223e-08
2.74889 0.09375 4.06539e-08
3.53429 0.09375 5.46719e-08
4.31969 0.09375 4.09059e-08
5.10509 0.09375 -6.34078e-09
5.89049 0.09375 -3.27767e-08
6.67588 0.09375 -3.20602e-08
7.46128 0.09375 -6.85481e-09
8.24668 0.09375 5.85692e-09
9.03208 0.09375 1.38241e-08
9.81748 0.09375 3.21001e-08
10.6029 0.09375 1.4643e-08
11.3883 0.09375 1.60799e-08
12.1737 0.09375 -1.29717e-08
12.9591 0.09375 -1.41202e-08
13.7445 0.09375 1.8643e-08
14.5299 0.09375 4.60893e-08
15.3153 0.09375 8.11078e-09
16.1007 0.09375 2.66233e-08
16.8861 0.09375 -2.37842e-08
17.6715 0.09375 -1.3729e-08
18.4569 0.09375 -3.24213e-08
19.2423 0.09375 -5.67909e-08
20.0277 0.09375 -2.31511e-08
20.8131 0.09375 -3.32069e-08
21.5984 0.09375 -6.99993e-09
22.3838 0.09375 9.0862e-09
23.1692 0.09375 1.54104e-08
23.9546 0.09375 -4.21584e-08
24.74 0.09375 -1.65092e-08
0.392699 0.15625 -1.75364e-08
1.1781 0.15625 1.74607e-09
1.9635 0.15625 2.44441e-08
2.74889 0.15625 4.18214e-08
3.53429 0.15625 5.44749e-08
4.31969 0.15625 4.27311e-08
5.10509 0.15625 -5.21219e-09
5.89049 0.15625 -3.3006e-08
6.67588 0.15625 -3.28452e-08
7.46128 0.15625 -6.68156e-09
8.24668 0.15625 6.12715e-09
9.03208 0.15625 1.2727e-08
9.81748 0.15625 3.23426e-08
10.6029 0.15625 1.38774e-08
11.3883 0.15625 1.72366e-08
12.1737 0.15625 -1.16592e-08
12.9591 0.15625 -1.54283e-08
13.7445 0.15625 1.70507e-08
14.5299 0.15625 4.57725e-08
15.3153 0.15625 8.55016e-09
16.1007 0.15625 2.71038e-08
16.8861 0.15625 -2.29256e-08
17.6715 0.15625 -1.47942e-08
18.4569 0.15625 -3.03535e-08
19.2423 0.15625 -5.63464e-08
20.0277 0.15625 -2.49685e-08
20.8131 0.15625 -3.18277e-08
21.5984 0.15625 -8.02221e-09
22.3838 0.15625 7.84933e-09
23.1692 0.15625 1.74363e-08
23.9546 0.15625 -4.10688e-08
24.74 0.15625 -1.80826e-08
0.392699 0.21875 -1.75929e-08
1.1781 0.21875 3.71472e-10
1.9635 0.21875 2.27145e-08
2.74889 0.21875 4.22114e-08
3.53429 0.21875 5.38633e-08
4.31969 0.21875 4.40725e-08
5.10509 0.21875 -3.89945e-09
5.89049 0.21875 -3.2463e-08
6.67588 0.21875 -3.33766e-08
7.46128 0.21875 -6.75764e-09
8.24668 0.21875 6.59031e-09
9.03208 0.21875 1.16525e-08
9.81748 0.21875 3.2483e-08
10.6029 0.21875 1.30003e-08
11.3883 0.21875 1.77713e-08
12.1737 0.21875 -9.95368e-09
12.9591 0.21875 -1.58578e-08
13.7445 0.21875 1.55716e-08
14.5299 0.21875 4.51097e-08
15.3153 0.21875 8.57942e-09
16.1007 0.21875 2.70429e-08
16.8861 0.21875 -2.20225e-08
17.6715 0.21875 -1.54818e-08
18.4569 0.21875 -2.90167e-08
19.2423 0.21875 -5.53507e-08
20.0277 0.21875 -2.59471e-08
20.8131 0.21875 -3.09247e-08
21.5984 0.21875 -8.69955e-09
22.3838 0.21875 6.42957e-09
23.1692 0.21875 1.84746e-08
23.9546 0.21875 -3.92773e-08
24.74 0.21875 -1.88589e-08
0.392699 0.28125 -1.76299e-08
1.1781 0.28125 -3.44641e-10
1.9635 0.28125 2.02339e-08
2.74889 0.28125 4.19751e-08
3.53429 0.28125 5.23456e-08
4.31969 0.28125 4.45696e-08
5.10509 0.28125 -1.82146e-09
5.89049 0.28125 -3.10247e-08
6.67588 0.28125 -3.35172e-08
7.46128 0.28125 -7.42049e-09
8.24668 0.28125 7.45977e-09
9.03208 0.28125 1.09564e-08
9.81748 0.28125 3.22236e-08
10.6029 0.28125 1.16785e-08
11.3883 0.28125 1.7325e-08
12.1737 0.28125 -7.55984e-09
12.9591 0.28125 -1.47832e-08
13.7445 0.28125 1.41093e-08
14.5299 0.28125 4.35325e-08
15.3153 0.28125 8.40834e-09
16.1007 0.28125 2.66791e-08
16.8861 0.28125 -2.13785e-08
17.6715 0.28125 -1.62934e-08
18.4569 0.28125 -2.77702e-08
19.2423 0.28125 -5.33039e-08
20.0277 0.28125 -2.73354e-08
20.8131 0.28125 -2.95882e-08
21.5984 0.28125 -8.12615e-09
22.3838 0.28125 3.4601e-09
23.1692 0.28125 1.81083e-08
23.9546 0.28125 -3.61177e-08
24.74 0.28125 -1.86626e-08
0.392699 0.34375 -1.75439e-08
1.1781 0.34375 -3.3992e-10
1.9635 0.34375 1.8139e-08
2.74889 0.34375 4.09514e-08
3.53429 0.34375 5.00472e-08
4.31969 0.34375 4.42348e-08
5.10509 0.34375 -4.8424e-11
5.89049 0.34375 -2.88466e-08
6.67588 0.34375 -3.2816e-08
7.46128 0.34375 -8.29603e-09
8.24668 0.34375 8.26243e-09
9.03208 0.34375 1.06257e-08
9.81748 0.34375 3.20148e-08
10.6029 0.34375 1.05425e-08
11.3883 0.34375 1.62253e-08
12.1737 0.34375 -5.5598e-09
12.9591 0.34375 -1.26811e-08
13.7445 0.34375 1.32385e-08
14.5299 0.34375 4.16141e-08
15.3153 0.34375 7.66619e-09
16.1007 0.34375 2.5653e-08
16.8861 0.34375 -2.08579e-08
17.6715 0.34375 -1.67324e-08
18.4569 0.34375 -2.71939e-08
19.2423 0.34375 -5.09749e-08
20.0277 0.34375 -2.75218e-08
20.8131 0.34375 -2.86778e-08
21.5984 0.34375 -7.49561e-09
22.3838 0.34375 9.14034e-10
23.1692 0.34375 1.67263e-08
23.9546 0.34375 -3.32318e-08
24.74 0.34375 -1.77271e-08
0.392699 0.40625 -1.73822e-08
1.1781 0.40625 2.05132e-10
1.9635 0.40625 1.61104e-08
2.74889 0.40625 3.97482e-08
3.53429 0.40625 4.70689e-08
4.31969 0.40625 4.3167e-08
5.10509 0.40625 1.73657e-09
5.89049 0.40625 -2.63795e-08
6.67588 0.40625 -3.14373e-08
7.46128 0.40625 -9.25976e-09
8.24668 0.40625 9.01654e-09
9.03208 0.40625 1.0522e-08
9.81748 0.40625 3.17005e-08
10.6029 0.40625 9.47863e-09
11.3883 0.40625 1.4846e-08
12.1737 0.40625 -3.64509e-09
12.9591 0.40625 -1.00159e-08
13.7445 0.40625 1.25669e-08
14.5299 0.40625 3.9321e-08
15.3153 0.40625 6.83899e-09
16.1007 0.40625 2.43556e-08
16.8861 0.40625 -2.06425e-08
17.6715 0.40625 -1.71944e-08
18.4569 0.40625 -2.66403e-08
19.2423 0.40625 -4.82418e-08
20.0277 0.40625 -2.76581e-08
20.8131 0.40625 -2.74931e-08
21.5984 0.40625 -6.5867e-09
22.3838 0.40625 -2.08936e-09
23.1692 0.40625 1.48778e-08
23.9546 0.40625 -3.01739e-08
24.74 0.40625 -1.64841e-08
0.392699 0.46875 -1.71908e-08
1.1781 0.46875 1.14272e-09
1.9635 0.46875 1.47016e-08
2.74889 0.46875 3.83306e-08
3.53429 0.46875 4.38975e-08
4.31969 0.46875 4.17108e-08
5.10509 0.46875 2.88312e-09
5.89049 0.46875 -2.39028e-08
6.67588 0.46875 -2.94163e-08
7.46128 0.46875 -1.00002e-08
8.24668 0.46875 9.48444e-09
9.03208 0.46875 1.05074e-08
9.81748 0.46875 3.15412e-08
10.6029 0.46875 8.77476e-09
11.3883 0.46875 1.35451e-08
12.1737 0.46875 -2.24739e-09
12.9591 0.46875 -7.33205e-09
13.7445 0.46875 1.22001e-08
14.5299 0.46875 3.71005e-08
15.3153 0.46875 5.77725e-09
16.1007 0.46875 2.27866e-08
16.8861 0.46875 -2.04489e-08
17.6715 0.46875 -1.74185e-08
18.4569 0.46875 -2.65499e-08
19.2423 0.46875 -4.56857e-08
20.0277 0.46875 -2.68751e-08
20.8131 0.46875 -2.66108e-08
21.5984 0.46875 -6.11227e-09
22.3838 0.46875 -4.3829e-09
23.1692 0.46875 1.30446e-08
23.9546 0.46875 -2.78133e-08
24.74 0.46875 -1.52817e-08
0.392699 0.53125 -1.69919e-08
1.1781 0.53125 2.17489e-09
1.9635 0.53125 1.34098e-08
2.74889 0.53125 3.71293e-08
3.53429 0.53125 4.0646e-08
4.31969 0.53125 4.00236e-08
5.10509 0.53125 3.78563e-09
5.89049 0.53125 -2.16033e-08
6.67588 0.53125 -2.70058e-08
7.46128 0.53125 -1.05721e-08
8.24668 0.53125 9.80258e-09
9.03208 0.53125 1.04045e-08
9.81748 0.53125 3.13619e-08
10.6029 0.53125 8.2563e-09
11.3883 0.53125 1.24487e-08
12.1737 0.53125 -9.56361e-10
12.9591 0.53125 -4.79522e-09
13.7445 0.53125 1.17392e-08
14.5299 0.53125 3.47965e-08
15.3153 0.53125 4.89309e-09
16.1007 0.53125 2.1314e-08
16.8861 0.53125 -2.0321e-08
17.6715 0.53125 -1.76819e-08
18.4569 0.53125 -2.6387e-08
19.2423 0.53125 -4.31752e-08
20.0277 0.53125 -2.6307e-08
20.8131 0.53125 -2.55158e-08
21.5984 0.53125 -5.63362e-09
22.3838 0.53125 -6.78843e-09
23.1692 0.53125 1.13666e-08
23.9546 0.53125 -2.55546e-08
24.74 0.53125 -1.41732e-08
0.392699 0.59375 -1.67663e-08
1.1781 0.59375 3.27169e-09
1.9635 0.59375 1.24475e-08
2.74889 0.59375 3.5974e-08
3.53429 0.59375 3.76777e-08
4.31969 0.59375 3.83835e-08
5.10509 0.59375 4.12371e-09
5.89049 0.59375 -1.95627e-08
6.67588 0.59375 -2.42954e-08
7.46128 0.59375 -1.08749e-08
8.24668 0.59375 9.89208e-09
9.03208 0.59375 1.01863e-08
9.81748 0.59375 3.1252e-08
10.6029 0.59375 8.02352e-09
11.3883 0.59375 1.16381e-08
12.1737 0.59375 -7.2654e-11
12.9591 0.59375 -2.61948e-09
13.7445 0.59375 1.13933e-08
14.5299 0.59375 3.27123e-08
15.3153 0.59375 3.96048e-09
16.1007 0.59375 1.99558e-08
16.8861 0.59375 -1.99418e-08
17.6715 0.59375 -1.78077e-08
18.4569 0.59375 -2.65657e-08
19.2423 0.59375 -4.09914e-08
20.0277 0.59375 -2.53945e-08
20.8131 0.59375 -2.47543e-08
21.5984 0.59375 -5.44629e-09
22.3838 0.59375 -8.54783e-09
23.1692 0.59375 9.94398e-09
23.9546 0.59375 -2.3893e-08
24.74 0.59375 -1.32807e-08
0.392699 0.65625 -1.64885e-08
1.1781 0.65625 4.19409e-09
1.9635 0.65625 1.13845e-08
2.74889 0.65625 3.51146e-08
3.53429 0.65625 3.48941e-08
4.31969 0.65625 3.68153e-08
5.10509 0.65625 4.33051e-09
5.89049 0.65625 -1.77467e-08
6.67588 0.65625 -2.14987e-08
7.46128 0.65625 -1.10019e-08
8.24668 0.65625 9.973e-09
9.03208 0.65625 9.70068e-09
9.81748 0.65625 3.09959e-08
10.6029 0.65625 7.91931e-09
11.3883 0.65625 1.11148e-08
12.1737 0.65625 7.17239e-10
12.9591 0.65625 -7.88812e-10
13.7445 0.65625 1.09538e-08
14.5299 0.65625 3.07071e-08
15.3153 0.65625 3.26546e-09
16.1007 0.65625 1.88332e-08
16.8861 0.65625 -1.94297e-08
17.6715 0.65625 -1.78792e-08
18.4569 0.65625 -2.66099e-08
19.2423 0.65625 -3.89924e-08
20.0277 0.65625 -2.49937e-08
20.8131 0.65625 -2.39656e-08
21.5984 0.65625 -5.19495e-09
22.3838 0.65625 -1.03338e-08
23.1692 0.65625 8.63828e-09
23.9546 0.65625 -2.2288e-08
24.74 0.65625 -1.23811e-08
0.392699 0.71875 -1.61293e-08
1.1781 0.71875 5.12518e-09
1.9635 0.71875 1.03849e-08
2.74889 0.71875 3.42496e-08
3.53429 0.71875 3.24281e-08
4.31969 0.71875 3.54699e-08
5.10509 0.71875 4.30801e-09
5.89049 0.71875 -1.61661e-08
6.67588 0.71875 -1.87344e-08
7.46128 0.71875 -1.09299e-08
8.24668 0.71875 1.00846e-08
9.03208 0.71875 9.06347e-09
9.81748 0.71875 3.05817e-08
10.6029 0.71875 7.95416e-09
11.3883 0.71875 1.0865e-08
12.1737 0.71875 1.19498e-09
12.9591 0.71875 6.14055e-10
13.7445 0.71875 1.0685e-08
14.5299 0.71875 2.90799e-08
15.3153 0.71875 2.56032e-09
16.1007 0.71875 1.78451e-08
16.8861 0.71875 -1.86433e-08
17.6715 0.71875 -1.78176e-08
18.4569 0.71875 -2.68678e-08
19.2423 0.71875 -3.72064e-08
20.0277 0.71875 -2.45342e-08
20.8131 0.71875 -2.36334e-08
21.5984 0.71875 -5.14609e-09
22.3838 0.71875 -1.1632e-08
23.1692 0.71875 7.49338e-09
23.9546 0.71875 -2.1059e-08
24.74 0.71875 -1.15864e-08
0.392699 0.78125 -1.56465e-08
1.1781 0.78125 5.94888e-09
1.9635 0.78125 9.26136e-09
2.74889 0.78125 3.35267e-08
3.53429 0.78125 2.99754e-08
4.31969 0.78125 3.42054e-08
5.10509 0.78125 4.41974e-09
5.89049 0.78125 -1.46882e-08
6.67588 0.78125 -1.61798e-08
7.46128 0.78125 -1.07602e-08
8.24668 0.78125 1.03989e-08
9.03208 0.78125 8.20416e-09
9.81748 0.78125 2.99364e-08
10.6029 0.78125 8.01525e-09
11.3883 0.78125 1.08106e-08
12.1737 0.78125 1.6184e-09
12.9591 0.78125 1.70648e-09
13.7445 0.78125 1.04242e-08
14.5299 0.78125 2.76971e-08
15.3153 0.78125 2.11981e-09
16.1007 0.78125 1.69308e-08
16.8861 0.78125 -1.78856e-08
17.6715 0.78125 -1.76398e-08
18.4569 0.78125 -2.69215e-08
19.2423 0.78125 -3.55399e-08
20.0277 0.78125 -2.4528e-08
20.8131 0.78125 -2.33796e-08
21.5984 0.78125 -5.08164e-09
22.3838 0.78125 -1.294e-08
23.1692 0.78125 6.36495e-09
23.9546 0.78125 -1.98414e-08
24.74 0.78125 -1.06777e-08
0.392699 0.84375 -1.50653e-08
1.1781 0.84375 7.01322e-09
1.9635 0.84375 8.25033e-09
2.74889 0.84375 3.26456e-08
3.53429 0.84375 2.76105e-08
4.31969 0.84375 3.30904e-08
5.10509 0.84375 4.56645e-09
5.89049 0.84375 -1.33515e-08
6.67588 0.84375 -1.3871e-08
7.46128 0.84375 -1.05738e-08
8.24668 0.84375 1.08228e-08
9.03208 0.84375 7.37648e-09
9.81748 0.84375 2.9169e-08
10.6029 0.84375 8.11047e-09
11.3883 0.84375 1.08301e-08
12.1737 0.84375 1.80619e-09
12.9591 0.84375 2.51253e-09
13.7445 0.84375 1.03927e-08
14.5299 0.84375 2.67858e-08
15.3153 0.84375 1.70839e-09
16.1007 0.84375 1.60277e-08
16.8861 0.84375 -1.71043e-08
17.6715 0.84375 -1.74539e-08
18.4569 0.84375 -2.71614e-08
19.2423 0.84375 -3.38857e-08
20.0277 0.84375 -2.43277e-08
20.8131 0.84375 -2.35459e-08
21.5984 0.84375 -5.22988e-09
22.3838 0.84375 -1.38622e-08
23.1692 0.84375 5.42246e-09
23.9546 0.84375 -1.89248e-08
24.74 0.84375 -9.96604e-09
0.392699 0.90625 -1.43649e-08
1.1781 0.90625 8.09153e-09
1.9635 0.90625 7.30357e-09
2.74889 0.90625 3.18849e-08
3.53429 0.90625 2.51438e-08
4.31969 0.90625 3.19448e-08
5.10509 0.90625 4.8775e-09
5.89049 0.90625 -1.20288e-08
6.67588 0.90625 -1.18491e-08
7.46128 0.90625 -1.04471e-08
8.24668 0.90625 1.1326e-08
9.03208 0.90625 6.4701e-09
9.81748 0.90625 2.84044e-08
10.6029 0.90625 8.22314e-09
11.3883 0.90625 1.08128e-08
12.1737 0.90625 1.9607e-09
12.9591 0.90625 3.22496e-09
13.7445 0.90625 1.04042e-08
14.5299 0.90625 2.60971e-08
15.3153 0.90625 1.54467e-09
16.1007 0.90625 1.50724e-08
16.8861 0.90625 -1.65779e-08
17.6715 0.90625 -1.7208e-08
18.4569 0.90625 -2.72734e-08
19.2423 0.90625 -3.23362e-08
20.0277 0.90625 -2.42494e-08
20.8131 0.90625 -2.36439e-08
21.5984 0.90625 -5.39524e-09
22.3838 0.90625 -1.47699e-08
23.1692 0.90625 4.54194e-09
23.9546 0.90625 -1.81245e-08
24.74 0.90625 -9.26974e-09
0.392699 0.96875 -1.36495e-08
1.1781 0.96875 9.4149e-09
1.9635 0.96875 6.50683e-09
2.74889 0.96875 3.10799e-08
3.53429 0.96875 2.29104e-08
4.31969 0.96875 3.09497e-08
5.10509 0.96875 5.15644e-09
5.89049 0.96875 -1.08642e-08
6.67588 0.96875 -1.00054e-08
7.46128 0.96875 -1.04801e-08
8.24668 0.96875 1.17378e-08
9.03208 0.96875 5.73914e-09
9.81748 0.96875 2.77227e-08
10.6029 0.96875 8.38397e-09
11.3883 0.96875 1.06798e-08
12.1737 0.96875 1.93566e-09
12.9591 0.96875 3.87125e-09
13.7445 0.96875 1.06334e-08
14.5299 0.96875 2.57473e-08
15.3153 0.96875 1.29299e-09
16.1007 0.96875 1.41051e-08
16.8861 0.96875 -1.61139e-08
17.6715 0.96875 -1.70972e-08
18.4569 0.96875 -2.76739e-08
19.2423 0.96875 -3.07321e-08
20.0277 0.96875 -2.37392e-08
20.8131 0.96875 -2.3949e-08
21.5984 0.96875 -5.74593e-09
22.3838 0.96875 -1.54092e-08
23.1692 0.96875 3.94294e-09
23.9546 0.96875 -1.76312e-08
24.74 0.96875 -8.95008e-09
0.392699 1.03125 -1.29142e-08
1.1781 1.03125 1.04779e-08
1.9635 1.03125 5.74098e-09
2.74889 1.03125 3.06609e-08
3.53429 1.03125 2.09049e-08
4.31969 1.03125 2.99868e-08
5.10509 1.03125 5.38962e-09
5.89049 1.03125 -9.75612e-09
6.67588 1.03125 -8.32729e-09
7.46128 1.03125 -1.06345e-08
8.24668 1.03125 1.21063e-08
9.03208 1.03125 4.97106e-09
9.81748 1.03125 2.71805e-08
10.6029 1.03125 8.60212e-09
11.3883 1.03125 1.04555e-08
12.1737 1.03125 1.93656e-09
12.9591 1.03125 4.56511e-09
13.7445 1.03125 1.08602e-08
14.5299 1.03125 2.54114e-08
15.3153 1.03125 1.09926e-09
16.1007 1.03125 1.30518e-08
16.8861 1.03125 -1.58715e-08
17.6715 1.03125 -1.68793e-08
18.4569 1.03125 -2.80037e-08
19.2423 1.03125 -2.93727e-08
20.0277 1.03125 -2.32182e-08
20.8131 1.03125 -2.39697e-08
21.5984 1.03125 -6.05346e-09
22.3838 1.03125 -1.60953e-08
23.1692 1.03125 3.39633e-09
23.9546 1.03125 -1.72896e-08
24.74 1.03125 -8.66071e-09
0.392699 1.09375 -1.23679e-08
1.1781 1.09375 1.1525e-08
1.9635 1.09375 4.95952e-09
2.74889 1.09375 3.04167e-08
3.53429 1.09375 1.94933e-08
4.31969 1.09375 2.93291e-08
5.10509 1.09375 5.45262e-09
5.89049 1.09375 -8.90653e-09
6.67588 1.09375 -6.69341e-09
7.46128 1.09375 -1.10257e-08
8.24668 1.09375 1.24345e-08
9.03208 1.09375 4.48949e-09
9.81748 1.09375 2.66657e-08
10.6029 1.09375 8.83626e-09
11.3883 1.09375 1.0161e-08
12.1737 1.09375 1.87084e-09
12.9591 1.09375 5.20736e-09
13.7445 1.09375 1.12206e-08
14.5299 1.09375 2.52104e-08
15.3153 1.09375 6.15404e-10
16.1007 1.09375 1.20598e-08
16.8861 1.09375 -1.55397e-08
17.6715 1.09375 -1.68201e-08
18.4569 1.09375 -2.85958e-08
19.2423 1.09375 -2.79606e-08
20.0277 1.09375 -2.24156e-08
20.8131 1.09375 -2.41187e-08
21.5984 1.09375 -6.40987e-09
22.3838 1.09375 -1.66624e-08
23.1692 1.09375 3.12286e-09
23.9546 1.09375 -1.70741e-08
24.74 1.09375 -8.74786e-09
0.392699 1.15625 -1.20208e-08
1.1781 1.15625 1.20663e-08
1.9635 1.15625 4.16536e-09
2.74889 1.15625 3.0729e-08
3.53429 1.15625 1.84528e-08
4.31969 1.15625 2.87627e-08
5.10509 1.15625 5.36188e-09
5.89049 1.15625 -8.16026e-09
6.67588 1.15625 -5.15544e-09
7.46128 1.15625 -1.15193e-08
8.24668 1.15625 1.29148e-08
9.03208 1.15625 4.02045e-09
9.81748 1.15625 2.61783e-08
10.6029 1.15625 9.06827e-09
11.3883 1.15625 9.87904e-09
12.1737 1.15625 1.94893e-09
12.9591 1.15625 5.82018e-09
13.7445 1.15625 1.14651e-08
14.5299 1.15625 2.48313e-08
15.3153 1.15625 9.66379e-11
16.1007 1.15625 1.10814e-08
16.8861 1.15625 -1.52977e-08
17.6715 1.15625 -1.65484e-08
18.4569 1.15625 -2.89939e-08
19.2423 1.15625 -2.69215e-08
20.0277 1.15625 -2.19195e-08
20.8131 1.15625 -2.39754e-08
21.5984 1.15625 -6.5406e-09
22.3838 1.15625 -1.73282e-08
23.1692 1.15625 2.8173e-09
23.9546 1.15625 -1.68012e-08
24.74 1.15625 -8.76243e-09
0.392699 1.21875 -1.21092e-08
1.1781 1.21875 1.26934e-08
1.9635 1.21875 3.34846e-09
2.74889 1.21875 3.11167e-08
3.53429 1.21875 1.79206e-08
4.31969 1.21875 2.85378e-08
5.10509 1.21875 5.10576e-09
5.89049 1.21875 -7.72358e-09
6.67588 1.21875 -3.56252e-09
7.46128 1.21875 -1.22627e-08
8.24668 1.21875 1.35153e-08
9.03208 1.21875 3.93523e-09
9.81748 1.21875 2.55891e-08
10.6029 1.21875 9.22603e-09
11.3883 1.21875 9.56857e-09
12.1737 1.21875 2.06387e-09
12.9591 1.21875 6.27573e-09
13.7445 1.21875 1.17601e-08
14.5299 1.21875 2.44828e-08
15.3153 1.21875 -7.19244e-10
16.1007 1.21875 1.03915e-08
16.8861 1.21875 -1.48402e-08
17.6715 1.21875 -1.65627e-08
18.4569 1.21875 -2.957e-08
19.2423 1.21875 -2.56914e-08
20.0277 1.21875 -2.1506e-08
20.8131 1.21875 -2.40993e-08
21.5984 1.21875 -6.55264e-09
22.3838 1.21875 -1.79547e-08
23.1692 1.21875 2.79975e-09
23.9546 1.21875 -1.62954e-08
24.74 1.21875 -9.18043e-09
0.392699 1.28125 -1.24657e-08
1.1781 1.28125 1.30341e-08
1.9635 1.28125 2.61537e-09
2.74889 1.28125 3.18629e-08
3.53429 1.28125 1.7442e-08
4.31969 1.28125 2.8278e-08
5.10509 1.28125 4.70175e-09
5.89049 1.28125 -7.33838e-09
6.67588 1.28125 -1.97316e-09
7.46128 1.28125 -1.30083e-08
8.24668 1.28125 1.43227e-08
9.03208 1.28125 3.78148e-09
9.81748 1.28125 2.50012e-08
10.6029 1.28125 9.3571e-09
11.3883 1.28125 9.26292e-09
12.1737 1.28125 2.3636e-09
12.9591 1.28125 6.631e-09
13.7445 1.28125 1.19185e-08
14.5299 1.28125 2.39147e-08
15.3153 1.28125 -1.46318e-09
16.1007 1.28125 9.87337e-09
16.8861 1.28125 -1.44799e-08
17.6715 1.28125 -1.64107e-08
18.4569 1.28125 -2.99075e-08
19.2423 1.28125 -2.48254e-08
20.0277 1.28125 -2.15952e-08
20.8131 1.28125 -2.39504e-08
21.5984 1.28125 -6.25129e-09
22.3838 1.28125 -1.86833e-08
23.1692 1.28125 2.73144e-09
23.9546 1.28125 -1.5542e-08
24.74 1.28125 -9.50861e-09
0.392699 1.34375 -1.31598e-08
1.1781 1.34375 1.39569e-08
1.9635 1.34375 1.80827e-09
2.74889 1.34375 3.22384e-08
3.53429 1.34375 1.71523e-08
4.31969 1.34375 2.82889e-08
5.10509 1.34375 4.22798e-09
5.89049 1.34375 -7.18142e-09
6.67588 1.34375 -1.83036e-10
7.46128 1.34375 -1.39893e-08
8.24668 1.34375 1.51071e-08
9.03208 1.34375 3.9559e-09
9.81748 1.34375 2.43465e-08
10.6029 1.34375 9.41122e-09
11.3883 1.34375 8.83333e-09
12.1737 1.34375 2.68018e-09
12.9591 1.34375 6.80177e-09
13.7445 1.34375 1.22201e-08
14.5299 1.34375 2.34756e-08
15.3153 1.34375 -2.43107e-09
16.1007 1.34375 9.80977e-09
16.8861 1.34375 -1.39099e-08
17.6715 1.34375 -1.68547e-08
18.4569 1.34375 -3.05397e-08
19.2423 1.34375 -2.34644e-08
20.0277 1.34375 -2.17104e-08
20.8131 1.34375 -2.41058e-08
21.5984 1.34375 -5.85768e-09
22.3838 1.34375 -1.94251e-08
23.1692 1.34375 3.00691e-09
23.9546 1.34375 -1.44597e-08
24.74 1.34375 -1.03707e-08
0.392699 1.40625 -1.37915e-08
1.1781 1.40625 1.49212e-08
1.9635 1.40625 9.99802e-10
2.74889 1.40625 3.26592e-08
3.53429 1.40625 1.66037e-08
4.31969 1.40625 2.80937e-08
5.10509 1.40625 3.7467e-09
5.89049 1.40625 -6.85754e-09
6.67588 1.40625 1.63259e-09
7.46128 1.40625 -1.49422e-08
8.24668 1.40625 1.59377e-08
9.03208 1.40625 3.85776e-09
9.81748 1.40625 2.37458e-08
10.6029 1.40625 9.49968e-09
11.3883 1.40625 8.37065e-09
12.1737 1.40625 3.14212e-09
12.9591 1.40625 6.88986e-09
13.7445 1.40625 1.25205e-08
14.5299 1.40625 2.29351e-08
15.3153 1.40625 -3.22572e-09
16.1007 1.40625 9.90202e-09
16.8861 1.40625 -1.35531e-08
17.6715 1.40625 -1.72022e-08
18.4569 1.40625 -3.10144e-08
19.2423 1.40625 -2.24324e-08
20.0277 1.40625 -2.21019e-08
20.8131 1.40625 -2.3778e-08
21.5984 1.40625 -5.26407e-09
22.3838 1.40625 -2.03054e-08
23.1692 1.40625 3.15997e-09
23.9546 1.40625 -1.33458e-08
24.74 1.40625 -1.11382e-08
0.392699 1.46875 -1.44053e-08
1.1781 1.46875 1.68285e-08
1.9635 1.46875 -1.36865e-10
2.74889 1.46875 3.23532e-08
3.53429 1.46875 1.61489e-08
4.31969 1.46875 2.81855e-08
5.10509 1.46875 3.43933e-09
5.89049 1.46875 -6.59293e-09
6.67588 1.46875 3.61508e-09
7.46128 1.46875 -1.63017e-08
8.24668 1.46875 1.65249e-08
9.03208 1.46875 4.0585e-09
9.81748 1.46875 2.31222e-08
10.6029 1.46875 9.53401e-09
11.3883 1.46875 7.74691e-09
12.1737 1.46875 3.61326e-09
12.9591 1.46875 6.83058e-09
13.7445 1.46875 1.30943e-08
14.5299 1.46875 2.26993e-08
15.3153 1.46875 -4.24528e-09
16.1007 1.46875 1.04819e-08
16.8861 1.46875 -1.29866e-08
17.6715 1.46875 -1.84636e-08
18.4569 1.46875 -3.19194e-08
19.2423 1.46875 -2.05579e-08
20.0277 1.46875 -2.22436e-08
20.8131 1.46875 -2.37128e-08
21.5984 1.46875 -4.73556e-09
22.3838 1.46875 -2.13038e-08
23.1692 1.46875 3.63415e-09
23.9546 1.46875 -1.21215e-08
24.74 1.46875 -1.25366e-08
0.392699 1.53125 -1.4638e-08
1.1781 1.53125 1.87244e-08
1.9635 1.53125 -1.40986e-09
2.74889 1.53125 3.214e-08
3.53429 1.53125 1.54209e-08
4.31969 1.53125 2.80055e-08
5.10509 1.53125 3.32497e-09
5.89049 1.53125 -5.99432e-09
6.67588 1.53125 5.41448e-09
7.46128 1.53125 -1.77723e-08
8.24668 1.53125 1.71091e-08
9.03208 1.53125 3.89283e-09
9.81748 1.53125 2.25481e-08
10.6029 1.53125 9.65503e-09
11.3883 1.53125 7.18233e-09
12.1737 1.53125 4.27605e-09
12.9591 1.53125 6.73919e-09
13.7445 1.53125 1.3685e-08
14.5299 1.53125 2.2411e-08
15.3153 1.53125 -5.03895e-09
16.1007 1.53125 1.11174e-08
16.8861 1.53125 -1.27186e-08
17.6715 1.53125 -1.95848e-08
18.4569 1.53125 -3.25913e-08
19.2423 1.53125 -1.90633e-08
20.0277 1.53125 -2.2531e-08
20.8131 1.53125 -2.29949e-08
21.5984 1.53125 -4.19523e-09
22.3838 1.53125 -2.25205e-08
23.1692 1.53125 3.89562e-09
23.9546 1.53125 -1.11525e-08
24.74 1.53125 -1.37156e-08
0.392699 1.59375 -1.46964e-08
1.1781 1.59375 2.15219e-08
1.9635 1.59375 -3.21727e-09
2.74889 1.59375 3.12079e-08
3.53429 1.59375 1.50413e-08
4.31969 1.59375 2.8343e-08
5.10509 1.59375 3.50238e-09
5.89049 1.59375 -5.56932e-09
6.67588 1.59375 7.20945e-09
7.46128 1.59375 -1.98698e-08
8.24668 1.59375 1.73621e-08
9.03208 1.59375 4.23579e-09
9.81748 1.59375 2.20425e-08
10.6029 1.59375 9.66477e-09
11.3883 1.59375 6.43759e-09
12.1737 1.59375 5.02166e-09
12.9591 1.59375 6.53565e-09
13.7445 1.59375 1.44652e-08
14.5299 1.59375 2.2509e-08
15.3153 1.59375 -6.10898e-09
16.1007 1.59375 1.23073e-08
16.8861 1.59375 -1.21586e-08
17.6715 1.59375 -2.20259e-08
18.4569 1.59375 -3.36576e-08
19.2423 1.59375 -1.62537e-08
20.0277 1.59375 -2.25506e-08
20.8131 1.59375 -2.2836e-08
21.5984 1.59375 -3.88727e-09
22.3838 1.59375 -2.38916e-08
23.1692 1.59375 4.5709e-09
23.9546 1.59375 -1.01299e-08
24.74 1.59375 -1.554e-08
0.392699 1.65625 -1.43219e-08
1.1781 1.65625 2.38612e-08
1.9635 1.65625 -5.15033e-09
2.74889 1.65625 3.07457e-08
3.53429 1.65625 1.46266e-08
4.31969 1.65625 2.85226e-08
5.10509 1.65625 3.77307e-09
5.89049 1.65625 -5.03511e-09
6.67588 1.65625 8.59661e-09
7.46128 1.65625 -2.20555e-08
8.24668 1.65625 1.77798e-08
9.03208 1.65625 4.34628e-09
9.81748 1.65625 2.16132e-08
10.6029 1.65625 9.69698e-09
11.3883 1.65625 5.79193e-09
12.1737 1.65625 5.99071e-09
12.9591 1.65625 6.35024e-09
13.7445 1.65625 1.51379e-08
14.5299 1.65625 2.24877e-08
15.3153 1.65625 -6.914e-09
16.1007 1.65625 1.3449e-08
16.8861 1.65625 -1.20551e-08
17.6715 1.65625 -2.43162e-08
18.4569 1.65625 -3.41138e-08
19.2423 1.65625 -1.37894e-08
20.0277 1.65625 -2.29058e-08
20.8131 1.65625 -2.21974e-08
21.5984 1.65625 -3.77928e-09
22.3838 1.65625 -2.53461e-08
23.1692 1.65625 5.12863e-09
23.9546 1.65625 -9.46061e-09
24.74 1.65625 -1.69145e-08
0.392699 1.71875 -1.37446e-08
1.1781 1.71875 2.6831e-08
1.9635 1.71875 -7.77916e-09
2.74889 1.71875 2.9639e-08
3.53429 1.71875 1.50688e-08
4.31969 1.71875 2.96815e-08
5.10509 1.71875 4.02292e-09
5.89049 1.71875 -5.2085e-09
6.67588 1.71875 9.91299e-09
7.46128 1.71875 -2.47924e-08
8.24668 1.71875 1.79582e-08
9.03208 1.71875 5.41924e-09
9.81748 1.71875 2.1376e-08
10.6029 1.71875 9.3346e-09
11.3883 1.71875 4.7998e-09
12.1737 1.71875 7.04185e-09
12.9591 1.71875 6.11954e-09
13.7445 1.71875 1.59137e-08
14.5299 1.71875 2.29275e-08
15.3153 1.71875 -8.06806e-09
16.1007 1.71875 1.5206e-08
16.8861 1.71875 -1.17754e-08
17.6715 1.71875 -2.85332e-08
18.4569 1.71875 -3.45239e-08
19.2423 1.71875 -9.21052e-09
20.0277 1.71875 -2.32824e-08
20.8131 1.71875 -2.29046e-08
21.5984 1.71875 -3.98963e-09
22.3838 1.71875 -2.65727e-08
23.1692 1.71875 6.3372e-09
23.9546 1.71875 -8.77414e-09
24.74 1.71875 -1.89346e-08
0.392699 1.78125 -1.27746e-08
1.1781 1.78125 2.86229e-08
1.9635 1.78125 -1.0376e-08
2.74889 1.78125 2.95499e-08
3.53429 1.78125 1.58527e-08
4.31969 1.78125 3.05947e-08
5.10509 1.78125 3.78995e-09
5.89049 1.78125 -5.54803e-09
6.67588 1.78125 1.07035e-08
7.46128 1.78125 -2.72263e-08
8.24668 1.78125 1.87962e-08
9.03208 1.78125 6.38476e-09
9.81748 1.78125 2.09094e-08
10.6029 1.78125 8.76831e-09
11.3883 1.78125 4.06543e-09
12.1737 1.78125 8.20241e-09
12.9591 1.78125 6.07331e-09
13.7445 1.78125 1.66532e-08
14.5299 1.78125 2.30635e-08
15.3153 1.78125 -8.84659e-09
16.1007 1.78125 1.65894e-08
16.8861 1.78125 -1.26657e-08
17.6715 1.78125 -3.20781e-08
18.4569 1.78125 -3.31601e-08
19.2423 1.78125 -5.37728e-09
20.0277 1.78125 -2.46533e-08
20.8131 1.78125 -2.33489e-08
21.5984 1.78125 -4.35858e-09
22.3838 1.78125 -2.72531e-08
23.1692 1.78125 7.43796e-09
23.9546 1.78125 -8.77769e-09
24.74 1.78125 -2.01642e-08
0.392699 1.84375 -1.17165e-08
1.1781 1.84375 3.05274e-08
1.9635 1.84375 -1.34547e-08
2.74889 1.84375 2.91511e-08
3.53429 1.84375 1.79037e-08
4.31969 1.84375 3.21726e-08
5.10509 1.84375 3.01578e-09
5.89049 1.84375 -6.62266e-09
6.67588 1.84375 1.14502e-08
7.46128 1.84375 -2.97313e-08
8.24668 1.84375 1.96032e-08
9.03208 1.84375 8.34812e-09
9.81748 1.84375 2.03369e-08
10.6029 1.84375 7.62922e-09
11.3883 1.84375 3.13413e-09
12.1737 1.84375 9.30382e-09
12.9591 1.84375 6.1602e-09
13.7445 1.84375 1.74373e-08
14.5299 1.84375 2.36438e-08
15.3153 1.84375 -9.83741e-09
16.1007 1.84375 1.82472e-08
16.8861 1.84375 -1.38477e-08
17.6715 1.84375 -3.69059e-08
18.4569 1.84375 -3.09811e-08
19.2423 1.84375 3.3965e-12
20.0277 1.84375 -2.66055e-08
20.8131 1.84375 -2.54214e-08
21.5984 1.84375 -4.39717e-09
22.3838 1.84375 -2.71092e-08
23.1692 1.84375 8.84994e-09
23.9546 1.84375 -9.04934e-09
24.74 1.84375 -2.18352e-08
0.392699 1.90625 -1.11171e-08
1.1781 1.90625 3.06385e-08
1.9635 1.90625 -1.51251e-08
2.74889 1.90625 3.04126e-08
3.53429 1.90625 1.94209e-08
4.31969 1.90625 3.21308e-08
5.10509 1.90625 2.12674e-09
5.89049 1.90625 -7.08133e-09
6.67588 1.90625 1.15643e-08
7.46128 1.90625 -3.11265e-08
8.24668 1.90625 2.10972e-08
9.03208 1.90625 9.22159e-09
9.81748 1.90625 1.90633e-08
10.6029 1.90625 6.99032e-09
11.3883 1.90625 2.95452e-09
12.1737 1.90625 1.00282e-08
12.9591 1.90625 6.63541e-09
13.7445 1.90625 1.79958e-08
14.5299 1.90625 2.36748e-08
15.3153 1.90625 -1.00689e-08
16.1007 1.90625 1.8502e-08
16.8861 1.90625 -1.61799e-08
17.6715 1.90625 -3.819e-08
18.4569 1.90625 -2.75927e-08
19.2423 1.90625 1.43525e-09
20.0277 1.90625 -2.90098e-08
20.8131 1.90625 -2.56534e-08
21.5984 1.90625 -4.07729e-09
22.3838 1.90625 -2.67059e-08
23.1692 1.90625 9.2219e-09
23.9546 1.90625 -9.85782e-09
24.74 1.90625 -2.19679e-08
0.392699 1.96875 -1.15455e-08
1.1781 1.96875 3.23656e-08
1.9635 1.96875 -1.63128e-08
2.74889 1.96875 2.95065e-08
3.53429 1.96875 2.08181e-08
4.31969 1.96875 3.34024e-08
5.10509 1.96875 2.45787e-09
5.89049 1.96875 -8.31964e-09
6.67588 1.96875 1.18194e-08
7.46128 1.96875 -3.2319e-08
8.24668 1.96875 2.0772e-08
9.03208 1.96875 1.06475e-08
9.81748 1.96875 1.91003e-08
10.6029 1.96875 6.60996e-09
11.3883 1.96875 1.63257e-09
12.1737 1.96875 1.03581e-08
12.9591 1.96875 7.18643e-09
13.7445 1.96875 1.78289e-08
14.5299 1.96875 2.50639e-08
15.3153 1.96875 -1.06915e-08
16.1007 1.96875 1.88677e-08
16.8861 1.96875 -1.5839e-08
17.6715 1.96875 -4.11333e-08
18.4569 1.96875 -2.83616e-08
19.2423 1.96875 4.85747e-09
20.0277 1.96875 -2.83634e-08
20.8131 1.96875 -2.76629e-08
21.5984 1.96875 -3.83111e-09
22.3838 1.96875 -2.66118e-08
23.1692 1.96875 9.65752e-09
23.9546 1.96875 -9.50195e-09
24.74 1.96875 -2.3143e-08
