0.392699 0.03125 0.349766
1.1781 0.03125 0.34977
1.9635 0.03125 0.349769
2.74889 0.03125 0.349767
3.53429 0.03125 0.349768
4.31969 0.03125 0.349767
5.10509 0.03125 0.349768
5.89049 0.03125 0.349766
6.67588 0.03125 0.349769
7.46128 0.03125 0.349769
8.24668 0.03125 0.349769
9.03208 0.03125 0.349769
9.81748 0.03125 0.349769
10.6029 0.03125 0.349767
11.3883 0.03125 0.34977
12.1737 0.03125 0.349767
12.9591 0.03125 0.349766
13.7445 0.03125 0.349767
14.5299 0.03125 0.349769
15.3153 0.03125 0.349766
16.1007 0.03125 0.349767
16.8861 0.03125 0.349769
17.6715 0.03125 0.349768
18.4569 0.03125 0.349768
19.2423 0.03125 0.349769
20.0277 0.03125 0.349766
20.8131 0.03125 0.349769
21.5984 0.03125 0.349768
22.3838 0.03125 0.349769
23.1692 0.03125 0.349766
23.9546 0.03125 0.349768
24.74 0.03125 0.349767
0.392699 0.09375 0.711882
1.1781 0.09375 0.711891
1.9635 0.09375 0.711884
2.74889 0.09375 0.711886
3.53429 0.09375 0.711888
4.31969 0.09375 0.711889
5.10509 0.09375 0.711885
5.89049 0.09375 0.711891
6.67588 0.09375 0.711886
7.46128 0.09375 0.711882
8.24668 0.09375 0.711887
9.03208 0.09375 0.711891
9.81748 0.09375 0.711892
10.6029 0.09375 0.711889
11.3883 0.09375 0.711885
12.1737 0.09375 0.711891
12.9591 0.09375 0.711892
13.7445 0.09375 0.711892
14.5299 0.09375 0.711887
15.3153 0.09375 0.711884
16.1007 0.09375 0.711885
16.8861 0.09375 0.711883
17.6715 0.09375 0.71189
18.4569 0.09375 0.711887
19.2423 0.09375 0.711883
20.0277 0.09375 0.711883
20.8131 0.09375 0.711887
21.5984 0.09375 0.71189
22.3838 0.09375 0.71189
23.1692 0.09375 0.711883
23.9546 0.09375 0.711884
24.74 0.09375 0.711891
0.392699 0.15625 0.804929
1.1781 0.15625 0.804926
1.9635 0.15625 0.804932
2.74889 0.15625 0.804933
3.53429 0.15625 0.804926
4.31969 0.15625 0.804932
5.10509 0.15625 0.804928
5.89049 0.15625 0.804931
6.67588 0.15625 0.804932
7.46128 0.15625 0.804926
8.24668 0.15625 0.804933
9.03208 0.15625 0.804934
9.81748 0.15625 0.804939
10.6029 0.15625 0.804929
11.3883 0.15625 0.804934
12.1737 0.15625 0.804926
12.9591 0.15625 0.804934
13.7445 0.15625 0.804927
14.5299 0.15625 0.804928
15.3153 0.15625 0.804925
16.1007 0.15625 0.804936
16.8861 0.15625 0.804931
17.6715 0.15625 0.804935
18.4569 0.15625 0.80493
19.2423 0.15625 0.804929
20.0277 0.15625 0.804933
20.8131 0.15625 0.80493
21.5984 0.15625 0.804937
22.3838 0.15625 0.804937
23.1692 0.15625 0.804933
23.9546 0.15625 0.804931
24.74 0.15625 0.804937
0.392699 0.21875 0.853894
1.1781 0.21875 0.853898
1.9635 0.21875 0.853894
2.74889 0.21875 0.853895
3.53429 0.21875 0.853892
4.31969 0.21875 0.853892
5.10509 0.21875 0.853899
5.89049 0.21875 0.8539
6.67588 0.21875 0.853904
7.46128 0.21875 0.853897
8.24668 0.21875 0.853899
9.03208 0.21875 0.853896
9.81748 0.21875 0.853903
10.6029 0.21875 0.853903
11.3883 0.21875 0.853892
12.1737 0.21875 0.853897
12.9591 0.21875 0.853892
13.7445 0.21875 0.853893
14.5299 0.21875 0.853893
15.3153 0.21875 0.853901
16.1007 0.21875 0.853894
16.8861 0.21875 0.853898
17.6715 0.21875 0.853892
18.4569 0.21875 0.853895
19.2423 0.21875 0.853901
20.0277 0.21875 0.853892
20.8131 0.21875 0.853903
21.5984 0.21875 0.853899
22.3838 0.21875 0.853903
23.1692 0.21875 0.853903
23.9546 0.21875 0.853898
24.74 0.21875 0.853897
0.392699 0.28125 0.889459
1.1781 0.28125 0.889468
1.9635 0.28125 0.88947
2.74889 0.28125 0.889463
3.53429 0.28125 0.889468
4.31969 0.28125 0.889462
5.10509 0.28125 0.889464
5.89049 0.28125 0.889472
6.67588 0.28125 0.889469
7.46128 0.28125 0.889472
8.24668 0.28125 0.889469
9.03208 0.28125 0.889472
9.81748 0.28125 0.889464
10.6029 0.28125 0.889471
11.3883 0.28125 0.889464
12.1737 0.28125 0.889468
12.9591 0.28125 0.889466
13.7445 0.28125 0.889471
14.5299 0.28125 0.889468
15.3153 0.28125 0.889471
16.1007 0.28125 0.889461
16.8861 0.28125 0.889466
17.6715 0.28125 0.889471
18.4569 0.28125 0.889461
19.2423 0.28125 0.889466
20.0277 0.28125 0.889465
20.8131 0.28125 0.88947
21.5984 0.28125 0.889465
22.3838 0.28125 0.889467
23.1692 0.28125 0.889474
23.9546 0.28125 0.889464
24.74 0.28125 0.889465
0.392699 0.34375 0.917703
1.1781 0.34375 0.917704
1.9635 0.34375 0.917704
2.74889 0.34375 0.917702
3.53429 0.34375 0.917703
4.31969 0.34375 0.917702
5.10509 0.34375 0.917705
5.89049 0.34375 0.917708
6.67588 0.34375 0.917703
7.46128 0.34375 0.917709
8.24668 0.34375 0.917714
9.03208 0.34375 0.917712
9.81748 0.34375 0.917709
10.6029 0.34375 0.917711
11.3883 0.34375 0.91771
12.1737 0.34375 0.917705
12.9591 0.34375 0.917708
13.7445 0.34375 0.917703
14.5299 0.34375 0.917703
15.3153 0.34375 0.917708
16.1007 0.34375 0.917712
16.8861 0.34375 0.917709
17.6715 0.34375 0.917712
18.4569 0.34375 0.917702
19.2423 0.34375 0.917709
20.0277 0.34375 0.917713
20.8131 0.34375 0.917712
21.5984 0.34375 0.917712
22.3838 0.34375 0.917708
23.1692 0.34375 0.917714
23.9546 0.34375 0.917707
24.74 0.34375 0.917713
0.392699 0.40625 0.94116
1.1781 0.40625 0.941152
1.9635 0.40625 0.941164
2.74889 0.40625 0.941158
3.53429 0.40625 0.941154
4.31969 0.40625 0.941157
5.10509 0.40625 0.941154
5.89049 0.40625 0.941152
6.67588 0.40625 0.941157
7.46128 0.40625 0.941155
8.24668 0.40625 0.941161
9.03208 0.40625 0.941157
9.81748 0.40625 0.941162
10.6029 0.40625 0.941154
11.3883 0.40625 0.941161
12.1737 0.40625 0.941158
12.9591 0.40625 0.94116
13.7445 0.40625 0.941155
14.5299 0.40625 0.941151
15.3153 0.40625 0.941162
16.1007 0.40625 0.941162
16.8861 0.40625 0.941158
17.6715 0.40625 0.94116
18.4569 0.40625 0.941156
19.2423 0.40625 0.941158
20.0277 0.40625 0.941165
20.8131 0.40625 0.941154
21.5984 0.40625 0.941157
22.3838 0.40625 0.941161
23.1692 0.40625 0.941165
23.9546 0.40625 0.941165
24.74 0.40625 0.941157
0.392699 0.46875 0.961223
1.1781 0.46875 0.961211
1.9635 0.46875 0.961217
2.74889 0.46875 0.961219
3.53429 0.46875 0.961222
4.31969 0.46875 0.961211
5.10509 0.46875 0.961213
5.89049 0.46875 0.961216
6.67588 0.46875 0.961224
7.46128 0.46875 0.961221
8.24668 0.46875 0.961213
9.03208 0.46875 0.961219
9.81748 0.46875 0.961225
10.6029 0.46875 0.961216
11.3883 0.46875 0.961223
12.1737 0.46875 0.96122
12.9591 0.46875 0.961223
13.7445 0.46875 0.961222
14.5299 0.46875 0.96122
15.3153 0.46875 0.961215
16.1007 0.46875 0.96122
16.8861 0.46875 0.961217
17.6715 0.46875 0.961211
18.4569 0.46875 0.961219
19.2423 0.46875 0.961212
20.0277 0.46875 0.96122
20.8131 0.46875 0.961221
21.5984 0.46875 0.961215
22.3838 0.46875 0.961223
23.1692 0.46875 0.961224
23.9546 0.46875 0.961221
24.74 0.46875 0.961216
0.392699 0.53125 0.978745
1.1781 0.53125 0.978748
1.9635 0.53125 0.978738
2.74889 0.53125 0.978751
3.53429 0.53125 0.978744
4.31969 0.53125 0.978744
5.10509 0.53125 0.978748
5.89049 0.53125 0.978751
6.67588 0.53125 0.978752
7.46128 0.53125 0.978752
8.24668 0.53125 0.97875
9.03208 0.53125 0.978751
9.81748 0.53125 0.978748
10.6029 0.53125 0.978747
11.3883 0.53125 0.978738
12.1737 0.53125 0.978751
12.9591 0.53125 0.978753
13.7445 0.53125 0.97874
14.5299 0.53125 0.97875
15.3153 0.53125 0.978741
16.1007 0.53125 0.978742
16.8861 0.53125 0.978742
17.6715 0.53125 0.978744
18.4569 0.53125 0.978744
19.2423 0.53125 0.978746
20.0277 0.53125 0.978742
20.8131 0.53125 0.978739
21.5984 0.53125 0.978744
22.3838 0.53125 0.978749
23.1692 0.53125 0.978752
23.9546 0.53125 0.978739
24.74 0.53125 0.978745
0.392699 0.59375 0.994306
1.1781 0.59375 0.994306
1.9635 0.59375 0.994313
2.74889 0.59375 0.994316
3.53429 0.59375 0.994313
4.31969 0.59375 0.994314
5.10509 0.59375 0.994314
5.89049 0.59375 0.994315
6.67588 0.59375 0.994319
7.46128 0.59375 0.99432
8.24668 0.59375 0.994312
9.03208 0.59375 0.994313
9.81748 0.59375 0.994308
10.6029 0.59375 0.994306
11.3883 0.59375 0.994307
12.1737 0.59375 0.994314
12.9591 0.59375 0.994319
13.7445 0.59375 0.994305
14.5299 0.59375 0.99432
15.3153 0.59375 0.994317
16.1007 0.59375 0.994315
16.8861 0.59375 0.994317
17.6715 0.59375 0.994316
18.4569 0.59375 0.994313
19.2423 0.59375 0.994319
20.0277 0.59375 0.99432
20.8131 0.59375 0.994309
21.5984 0.59375 0.994318
22.3838 0.59375 0.994309
23.1692 0.59375 0.994308
23.9546 0.59375 0.994316
24.74 0.59375 0.994317
0.392699 0.65625 1.00831
1.1781 0.65625 1.00831
1.9635 0.65625 1.00831
2.74889 0.65625 1.00832
3.53429 0.65625 1.00832
4.31969 0.65625 1.00831
5.10509 0.65625 1.00831
5.89049 0.65625 1.00832
6.67588 0.65625 1.00831
7.46128 0.65625 1.00832
8.24668 0.65625 1.00832
9.03208 0.65625 1.00832
9.81748 0.65625 1.00831
10.6029 0.65625 1.00831
11.3883 0.65625 1.00831
12.1737 0.65625 1.00831
12.9591 0.65625 1.00832
13.7445 0.65625 1.00832
14.5299 0.65625 1.00832
15.3153 0.65625 1.00831
16.1007 0.65625 1.00831
16.8861 0.65625 1.00832
17.6715 0.65625 1.00832
18.4569 0.65625 1.00831
19.2423 0.65625 1.00831
20.0277 0.65625 1.00832
20.8131 0.65625 1.00831
21.5984 0.65625 1.00832
22.3838 0.65625 1.00831
23.1692 0.65625 1.00831
23.9546 0.65625 1.00831
24.74 0.65625 1.00831
0.392699 0.71875 1.02104
1.1781 0.71875 1.02103
1.9635 0.71875 1.02103
2.74889 0.71875 1.02104
3.53429 0.71875 1.02103
4.31969 0.71875 1.02104
5.10509 0.71875 1.02104
5.89049 0.71875 1.02104
6.67588 0.71875 1.02103
7.46128 0.71875 1.02104
8.24668 0.71875 1.02103
9.03208 0.71875 1.02103
9.81748 0.71875 1.02103
10.6029 0.71875 1.02103
11.3883 0.71875 1.02104
12.1737 0.71875 1.02103
12.9591 0.71875 1.02104
13.7445 0.71875 1.02103
14.5299 0.71875 1.02104
15.3153 0.71875 1.02104
16.1007 0.71875 1.02104
16.8861 0.71875 1.02104
17.6715 0.71875 1.02104
18.4569 0.71875 1.02104
19.2423 0.71875 1.02104
20.0277 0.71875 1.02103
20.8131 0.71875 1.02104
21.5984 0.71875 1.02104
22.3838 0.71875 1.02104
23.1692 0.71875 1.02103
23.9546 0.71875 1.02104
24.74 0.71875 1.02104
0.392699 0.78125 1.0327
1.1781 0.78125 1.03269
1.9635 0.78125 1.0327
2.74889 0.78125 1.03269
3.53429 0.78125 1.03269
4.31969 0.78125 1.0327
5.10509 0.78125 1.0327
5.89049 0.78125 1.0327
6.67588 0.78125 1.03269
7.46128 0.78125 1.0327
8.24668 0.78125 1.03269
9.03208 0.78125 1.03269
9.81748 0.78125 1.0327
10.6029 0.78125 1.0327
11.3883 0.78125 1.0327
12.1737 0.78125 1.03269
12.9591 0.78125 1.03269
13.7445 0.78125 1.03269
14.5299 0.78125 1.0327
15.3153 0.78125 1.0327
16.1007 0.78125 1.03269
16.8861 0.78125 1.0327
17.6715 0.78125 1.03269
18.4569 0.78125 1.03269
19.2423 0.78125 1.03269
20.0277 0.78125 1.03269
20.8131 0.78125 1.03269
21.5984 0.78125 1.0327
22.3838 0.78125 1.03269
23.1692 0.78125 1.0327
23.9546 0.78125 1.0327
24.74 0.78125 1.0327
0.392699 0.84375 1.04344
1.1781 0.84375 1.04346
1.9635 0.84375 1.04346
2.74889 0.84375 1.04345
3.53429 0.84375 1.04344
4.31969 0.84375 1.04345
5.10509 0.84375 1.04346
5.89049 0.84375 1.04346
6.67588 0.84375 1.04345
7.46128 0.84375 1.04345
8.24668 0.84375 1.04345
9.03208 0.84375 1.04345
9.81748 0.84375 1.04345
10.6029 0.84375 1.04346
11.3883 0.84375 1.04345
12.1737 0.84375 1.04346
12.9591 0.84375 1.04346
13.7445 0.84375 1.04345
14.5299 0.84375 1.04345
15.3153 0.84375 1.04345
16.1007 0.84375 1.04345
16.8861 0.84375 1.04345
17.6715 0.84375 1.04346
18.4569 0.84375 1.04345
19.2423 0.84375 1.04345
20.0277 0.84375 1.04345
20.8131 0.84375 1.04345
21.5984 0.84375 1.04345
22.3838 0.84375 1.04345
23.1692 0.84375 1.04345
23.9546 0.84375 1.04345
24.74 0.84375 1.04345
0.392699 0.90625 1.05341
1.1781 0.90625 1.05341
1.9635 0.90625 1.05341
2.74889 0.90625 1.05341
3.53429 0.90625 1.05341
4.31969 0.90625 1.05341
5.10509 0.90625 1.05341
5.89049 0.90625 1.05341
6.67588 0.90625 1.05341
7.46128 0.90625 1.05341
8.24668 0.90625 1.05341
9.03208 0.90625 1.05341
9.81748 0.90625 1.05342
10.6029 0.90625 1.05341
11.3883 0.90625 1.05341
12.1737 0.90625 1.05341
12.9591 0.90625 1.05341
13.7445 0.90625 1.05341
14.5299 0.90625 1.0534
15.3153 0.90625 1.05341
16.1007 0.90625 1.05341
16.8861 0.90625 1.0534
17.6715 0.90625 1.05341
18.4569 0.90625 1.05341
19.2423 0.90625 1.05341
20.0277 0.90625 1.0534
20.8131 0.90625 1.0534
21.5984 0.90625 1.0534
22.3838 0.90625 1.0534
23.1692 0.90625 1.0534
23.9546 0.90625 1.05341
24.74 0.90625 1.05341
0.392699 0.96875 1.06201
1.1781 0.96875 1.06201
1.9635 0.96875 1.06201
2.74889 0.96875 1.06201
3.53429 0.96875 1.06202
4.31969 0.96875 1.06201
5.10509 0.96875 1.06201
5.89049 0.96875 1.06201
6.67588 0.96875 1.06201
7.46128 0.96875 1.06202
8.24668 0.96875 1.06201
9.03208 0.96875 1.06201
9.81748 0.96875 1.06202
10.6029 0.96875 1.06202
11.3883 0.96875 1.06201
12.1737 0.96875 1.06202
12.9591 0.96875 1.06201
13.7445 0.96875 1.06201
14.5299 0.96875 1.06201
15.3153 0.96875 1.06202
16.1007 0.96875 1.06202
16.8861 0.96875 1.06202
17.6715 0.96875 1.06201
18.4569 0.96875 1.06201
19.2423 0.96875 1.06202
20.0277 0.96875 1.06202
20.8131 0.96875 1.06201
21.5984 0.96875 1.06201
22.3838 0.96875 1.06201
23.1692 0.96875 1.06201
23.9546 0.96875 1.06201
24.74 0.96875 1.06202
0.392699 1.03125 1.06201
1.1781 1.03125 1.06201
1.9635 1.03125 1.06201
2.74889 1.03125 1.06202
3.53429 1.03125 1.06202
4.31969 1.03125 1.06201
5.10509 1.03125 1.06201
5.89049 1.03125 1.06201
6.67588 1.03125 1.06201
7.46128 1.03125 1.06201
8.24668 1.03125 1.06201
9.03208 1.03125 1.06201
9.81748 1.03125 1.06202
10.6029 1.03125 1.06201
11.3883 1.03125 1.06202
12.1737 1.03125 1.06201
12.9591 1.03125 1.06202
13.7445 1.03125 1.06201
14.5299 1.03125 1.06202
15.3153 1.03125 1.06201
16.1007 1.03125 1.06201
16.8861 1.03125 1.06201
17.6715 1.03125 1.06202
18.4569 1.03125 1.06201
19.2423 1.03125 1.06201
20.0277 1.03125 1.06202
20.8131 1.03125 1.06202
21.5984 1.03125 1.06202
22.3838 1.03125 1.06201
23.1692 1.03125 1.06201
23.9546 1.03125 1.06201
24.74 1.03125 1.06201
0.392699 1.09375 1.05342
1.1781 1.09375 1.0534
1.9635 1.09375 1.0534
2.74889 1.09375 1.05341
3.53429 1.09375 1.0534
4.31969 1.09375 1.05341
5.10509 1.09375 1.05341
5.89049 1.09375 1.05341
6.67588 1.09375 1.05341
7.46128 1.09375 1.05341
8.24668 1.09375 1.05341
9.03208 1.09375 1.05342
9.81748 1.09375 1.0534
10.6029 1.09375 1.0534
11.3883 1.09375 1.0534
12.1737 1.09375 1.05341
12.9591 1.09375 1.05341
13.7445 1.09375 1.0534
14.5299 1.09375 1.0534
15.3153 1.09375 1.05341
16.1007 1.09375 1.0534
16.8861 1.09375 1.0534
17.6715 1.09375 1.05341
18.4569 1.09375 1.05341
19.2423 1.09375 1.05341
20.0277 1.09375 1.05341
20.8131 1.09375 1.05341
21.5984 1.09375 1.05341
22.3838 1.09375 1.0534
23.1692 1.09375 1.0534
23.9546 1.09375 1.0534
24.74 1.09375 1.05341
0.392699 1.15625 1.04345
1.1781 1.15625 1.04345
1.9635 1.15625 1.04345
2.74889 1.15625 1.04344
3.53429 1.15625 1.04345
4.31969 1.15625 1.04345
5.10509 1.15625 1.04346
5.89049 1.15625 1.04345
6.67588 1.15625 1.04345
7.46128 1.15625 1.04345
8.24668 1.15625 1.04345
9.03208 1.15625 1.04345
9.81748 1.15625 1.04345
10.6029 1.15625 1.04344
11.3883 1.15625 1.04345
12.1737 1.15625 1.04345
12.9591 1.15625 1.04345
13.7445 1.15625 1.04345
14.5299 1.15625 1.04346
15.3153 1.15625 1.04345
16.1007 1.15625 1.04344
16.8861 1.15625 1.04345
17.6715 1.15625 1.04344
18.4569 1.15625 1.04346
19.2423 1.15625 1.04346
20.0277 1.15625 1.04345
20.8131 1.15625 1.04345
21.5984 1.15625 1.04345
22.3838 1.15625 1.04345
23.1692 1.15625 1.04344
23.9546 1.15625 1.04346
24.74 1.15625 1.04345
0.392699 1.21875 1.03269
1.1781 1.21875 1.03269
1.9635 1.21875 1.0327
2.74889 1.21875 1.03269
3.53429 1.21875 1.03269
4.31969 1.21875 1.0327
5.10509 1.21875 1.03269
5.89049 1.21875 1.03269
6.67588 1.21875 1.03269
7.46128 1.21875 1.0327
8.24668 1.21875 1.03269
9.03208 1.21875 1.03269
9.81748 1.21875 1.03269
10.6029 1.21875 1.03269
11.3883 1.21875 1.03269
12.1737 1.21875 1.0327
12.9591 1.21875 1.0327
13.7445 1.21875 1.03269
14.5299 1.21875 1.03269
15.3153 1.21875 1.03269
16.1007 1.21875 1.03269
16.8861 1.21875 1.03269
17.6715 1.21875 1.03269
18.4569 1.21875 1.0327
19.2423 1.21875 1.03269
20.0277 1.21875 1.03269
20.8131 1.21875 1.03269
21.5984 1.21875 1.03269
22.3838 1.21875 1.03269
23.1692 1.21875 1.03269
23.9546 1.21875 1.0327
24.74 1.21875 1.0327
0.392699 1.28125 1.02104
1.1781 1.28125 1.02104
1.9635 1.28125 1.02103
2.74889 1.28125 1.02103
3.53429 1.28125 1.02104
4.31969 1.28125 1.02104
5.10509 1.28125 1.02103
5.89049 1.28125 1.02103
6.67588 1.28125 1.02104
7.46128 1.28125 1.02104
8.24668 1.28125 1.02103
9.03208 1.28125 1.02104
9.81748 1.28125 1.02104
10.6029 1.28125 1.02103
11.3883 1.28125 1.02103
12.1737 1.28125 1.02103
12.9591 1.28125 1.02104
13.7445 1.28125 1.02104
14.5299 1.28125 1.02104
15.3153 1.28125 1.02104
16.1007 1.28125 1.02103
16.8861 1.28125 1.02104
17.6715 1.28125 1.02103
18.4569 1.28125 1.02103
19.2423 1.28125 1.02103
20.0277 1.28125 1.02103
20.8131 1.28125 1.02104
21.5984 1.28125 1.02103
22.3838 1.28125 1.02103
23.1692 1.28125 1.02104
23.9546 1.28125 1.02103
24.74 1.28125 1.02103
0.392699 1.34375 1.00831
1.1781 1.34375 1.00831
1.9635 1.34375 1.00831
2.74889 1.34375 1.00831
3.53429 1.34375 1.00831
4.31969 1.34375 1.00832
5.10509 1.34375 1.00831
5.89049 1.34375 1.00832
6.67588 1.34375 1.00832
7.46128 1.34375 1.00832
8.24668 1.34375 1.00831
9.03208 1.34375 1.00831
9.81748 1.34375 1.00832
10.6029 1.34375 1.00832
11.3883 1.34375 1.00831
12.1737 1.34375 1.00832
12.9591 1.34375 1.00831
13.7445 1.34375 1.00832
14.5299 1.34375 1.00831
15.3153 1.34375 1.00831
16.1007 1.34375 1.00831
16.8861 1.34375 1.00831
17.6715 1.34375 1.00831
18.4569 1.34375 1.00831
19.2423 1.34375 1.00832
20.0277 1.34375 1.00831
20.8131 1.34375 1.00831
21.5984 1.34375 1.00831
22.3838 1.34375 1.00832
23.1692 1.34375 1.00831
23.9546 1.34375 1.00832
24.74 1.34375 1.00831
0.392699 1.40625 0.994314
1.1781 1.40625 0.994317
1.9635 1.40625 0.994319
2.74889 1.40625 0.994309
3.53429 1.40625 0.994313
4.31969 1.40625 0.994316
5.10509 1.40625 0.994316
5.89049 1.40625 0.994314
6.67588 1.40625 0.994308
7.46128 1.40625 0.99432
8.24668 1.40625 0.994315
9.03208 1.40625 0.994308
9.81748 1.40625 0.994312
10.6029 1.40625 0.994308
11.3883 1.40625 0.994317
12.1737 1.40625 0.994318
12.9591 1.40625 0.994312
13.7445 1.40625 0.994315
14.5299 1.40625 0.994307
15.3153 1.40625 0.994305
16.1007 1.40625 0.994313
16.8861 1.40625 0.994312
17.6715 1.40625 0.994316
18.4569 1.40625 0.994309
19.2423 1.40625 0.994305
20.0277 1.40625 0.994316
20.8131 1.40625 0.994314
21.5984 1.40625 0.994306
22.3838 1.40625 0.994316
23.1692 1.40625 0.994316
23.9546 1.40625 0.994318
24.74 1.40625 0.994305
0.392699 1.46875 0.978747
1.1781 1.46875 0.978738
1.9635 1.46875 0.978754
2.74889 1.46875 0.978747
3.53429 1.46875 0.978745
4.31969 1.46875 0.978752
5.10509 1.46875 0.978746
5.89049 1.46875 0.978754
6.67588 1.46875 0.978744
7.46128 1.46875 0.978749
8.24668 1.46875 0.978742
9.03208 1.46875 0.97875
9.81748 1.46875 0.978748
10.6029 1.46875 0.978749
11.3883 1.46875 0.978748
12.1737 1.46875 0.978738
12.9591 1.46875 0.978741
13.7445 1.46875 0.978741
14.5299 1.46875 0.978739
15.3153 1.46875 0.978739
16.1007 1.46875 0.978738
16.8861 1.46875 0.978749
17.6715 1.46875 0.978742
18.4569 1.46875 0.978746
19.2423 1.46875 0.978743
20.0277 1.46875 0.97874
20.8131 1.46875 0.978745
21.5984 1.46875 0.978744
22.3838 1.46875 0.97875
23.1692 1.46875 0.978746
23.9546 1.46875 0.978743
24.74 1.46875 0.978737
0.392699 1.53125 0.961223
1.1781 1.53125 0.961213
1.9635 1.53125 0.961225
2.74889 1.53125 0.961222
3.53429 1.53125 0.961222
4.31969 1.53125 0.96122
5.10509 1.53125 0.96122
5.89049 1.53125 0.961224
6.67588 1.53125 0.961222
7.46128 1.53125 0.961212
8.24668 1.53125 0.961223
9.03208 1.53125 0.961211
9.81748 1.53125 0.961214
10.6029 1.53125 0.96121
11.3883 1.53125 0.961217
12.1737 1.53125 0.961209
12.9591 1.53125 0.961219
13.7445 1.53125 0.961217
14.5299 1.53125 0.961215
15.3153 1.53125 0.961218
16.1007 1.53125 0.961214
16.8861 1.53125 0.961212
17.6715 1.53125 0.961223
18.4569 1.53125 0.961214
19.2423 1.53125 0.961216
20.0277 1.53125 0.961215
20.8131 1.53125 0.961222
21.5984 1.53125 0.961211
22.3838 1.53125 0.961219
23.1692 1.53125 0.961222
23.9546 1.53125 0.961217
24.74 1.53125 0.96121
0.392699 1.59375 0.941161
1.1781 1.59375 0.941156
1.9635 1.59375 0.941162
2.74889 1.59375 0.941158
3.53429 1.59375 0.941162
4.31969 1.59375 0.941151
5.10509 1.59375 0.941156
5.89049 1.59375 0.941155
6.67588 1.59375 0.941154
7.46128 1.59375 0.941151
8.24668 1.59375 0.941162
9.03208 1.59375 0.941161
9.81748 1.59375 0.941155
10.6029 1.59375 0.941152
11.3883 1.59375 0.941154
12.1737 1.59375 0.941155
12.9591 1.59375 0.941163
13.7445 1.59375 0.941163
14.5299 1.59375 0.941164
15.3153 1.59375 0.941161
16.1007 1.59375 0.941153
16.8861 1.59375 0.941164
17.6715 1.59375 0.941159
18.4569 1.59375 0.941154
19.2423 1.59375 0.941155
20.0277 1.59375 0.941163
20.8131 1.59375 0.941157
21.5984 1.59375 0.941153
22.3838 1.59375 0.941153
23.1692 1.59375 0.941164
23.9546 1.59375 0.941153
24.74 1.59375 0.941158
0.392699 1.65625 0.917701
1.1781 1.65625 0.917707
1.9635 1.65625 0.917708
2.74889 1.65625 0.917706
3.53429 1.65625 0.917704
4.31969 1.65625 0.917702
5.10509 1.65625 0.917707
5.89049 1.65625 0.91771
6.67588 1.65625 0.917708
7.46128 1.65625 0.917707
8.24668 1.65625 0.917707
9.03208 1.65625 0.917711
9.81748 1.65625 0.917714
10.6029 1.65625 0.91771
11.3883 1.65625 0.917705
12.1737 1.65625 0.917711
12.9591 1.65625 0.917704
13.7445 1.65625 0.917708
14.5299 1.65625 0.917704
15.3153 1.65625 0.917712
16.1007 1.65625 0.917709
16.8861 1.65625 0.91771
17.6715 1.65625 0.917705
18.4569 1.65625 0.917712
19.2423 1.65625 0.917705
20.0277 1.65625 0.917714
20.8131 1.65625 0.917707
21.5984 1.65625 0.917706
22.3838 1.65625 0.917704
23.1692 1.65625 0.917708
23.9546 1.65625 0.917701
24.74 1.65625 0.917711
0.392699 1.71875 0.889466
1.1781 1.71875 0.889461
1.9635 1.71875 0.889463
2.74889 1.71875 0.889461
3.53429 1.71875 0.889468
4.31969 1.71875 0.889468
5.10509 1.71875 0.889468
5.89049 1.71875 0.889473
6.67588 1.71875 0.889467
7.46128 1.71875 0.889468
8.24668 1.71875 0.889471
9.03208 1.71875 0.889461
9.81748 1.71875 0.889463
10.6029 1.71875 0.889472
11.3883 1.71875 0.889461
12.1737 1.71875 0.88947
12.9591 1.71875 0.889462
13.7445 1.71875 0.889469
14.5299 1.71875 0.889467
15.3153 1.71875 0.889474
16.1007 1.71875 0.889473
16.8861 1.71875 0.889468
17.6715 1.71875 0.889464
18.4569 1.71875 0.889462
19.2423 1.71875 0.889465
20.0277 1.71875 0.889461
20.8131 1.71875 0.889468
21.5984 1.71875 0.889471
22.3838 1.71875 0.889462
23.1692 1.71875 0.889462
23.9546 1.71875 0.889472
24.74 1.71875 0.889462
0.392699 1.78125 0.8539
1.1781 1.78125 0.853901
1.9635 1.78125 0.8539
2.74889 1.78125 0.853895
3.53429 1.78125 0.853898
4.31969 1.78125 0.853904
5.10509 1.78125 0.853892
5.89049 1.78125 0.853893
6.67588 1.78125 0.853893
7.46128 1.78125 0.853899
8.24668 1.78125 0.853898
9.03208 1.78125 0.8539
9.81748 1.78125 0.8539
10.6029 1.78125 0.853894
11.3883 1.78125 0.853893
12.1737 1.78125 0.853893
12.9591 1.78125 0.853898
13.7445 1.78125 0.853895
14.5299 1.78125 0.8539
15.3153 1.78125 0.853904
16.1007 1.78125 0.853894
16.8861 1.78125 0.853894
17.6715 1.78125 0.853903
18.4569 1.78125 0.853894
19.2423 1.78125 0.8539
20.0277 1.78125 0.853892
20.8131 1.78125 0.853902
21.5984 1.78125 0.853901
22.3838 1.78125 0.853894
23.1692 1.78125 0.853898
23.9546 1.78125 0.8539
24.74 1.78125 0.853902
0.392699 1.84375 0.804934
1.1781 1.84375 0.80493
1.9635 1.84375 0.804929
2.74889 1.84375 0.804937
3.53429 1.84375 0.804933
4.31969 1.84375 0.804938
5.10509 1.84375 0.804935
5.89049 1.84375 0.804936
6.67588 1.84375 0.804927
7.46128 1.84375 0.804927
8.24668 1.84375 0.804929
9.03208 1.84375 0.804933
9.81748 1.84375 0.804938
10.6029 1.84375 0.804927
11.3883 1.84375 0.804934
12.1737 1.84375 0.804927
12.9591 1.84375 0.804927
13.7445 1.84375 0.804929
14.5299 1.84375 0.804935
15.3153 1.84375 0.804933
16.1007 1.84375 0.804929
16.8861 1.84375 0.804927
17.6715 1.84375 0.804927
18.4569 1.84375 0.804934
19.2423 1.84375 0.804937
20.0277 1.84375 0.804926
20.8131 1.84375 0.804929
21.5984 1.84375 0.804932
22.3838 1.84375 0.80493
23.1692 1.84375 0.80493
23.9546 1.84375 0.804931
24.74 1.84375 0.804936
0.392699 1.90625 0.711892
1.1781 1.90625 0.711887
1.9635 1.90625 0.711883
2.74889 1.90625 0.711883
3.53429 1.90625 0.71189
4.31969 1.90625 0.711886
5.10509 1.90625 0.711887
5.89049 1.90625 0.711889
6.67588 1.90625 0.711882
7.46128 1.90625 0.71189
8.24668 1.90625 0.711886
9.03208 1.90625 0.711892
9.81748 1.90625 0.71189
10.6029 1.90625 0.711888
11.3883 1.90625 0.711889
12.1737 1.90625 0.711883
12.9591 1.90625 0.711887
13.7445 1.90625 0.711893
14.5299 1.90625 0.711885
15.3153 1.90625 0.711889
16.1007 1.90625 0.711885
16.8861 1.90625 0.711887
17.6715 1.90625 0.711883
18.4569 1.90625 0.711889
19.2423 1.90625 0.71189
20.0277 1.90625 0.711891
20.8131 1.90625 0.711884
21.5984 1.90625 0.711885
22.3838 1.90625 0.711885
23.1692 1.90625 0.711888
23.9546 1.90625 0.71189
24.74 1.90625 0.711886
0.392699 1.96875 0.349768
1.1781 1.96875 0.349766
1.9635 1.96875 0.349768
2.74889 1.96875 0.349767
3.53429 1.96875 0.349769
4.31969 1.96875 0.349767
5.10509 1.96875 0.349767
5.89049 1.96875 0.349767
6.67588 1.96875 0.349767
7.46128 1.96875 0.349768
8.24668 1.96875 0.349768
9.03208 1.96875 0.349767
9.81748 1.96875 0.349767
10.6029 1.96875 0.349766
11.3883 1.96875 0.349769
12.1737 1.96875 0.349766
12.9591 1.96875 0.349768
13.7445 1.96875 0.349767
14.5299 1.96875 0.349768
15.3153 1.96875 0.349767
16.1007 1.96875 0.349766
16.8861 1.96875 0.349766
17.6715 1.96875 0.349767
18.4569 1.96875 0.349768
19.2423 1.96875 0.349766
20.0277 1.96875 0.34977
20.8131 1.96875 0.349768
21.5984 1.96875 0.349767
22.3838 1.96875 0.349768
23.1692 1.96875 0.349767
23.9546 1.96875 0.349767
24.74 1.96875 0.349765
