0.392699 0.03125 0.58078
1.1781 0.03125 0.58078
1.9635 0.03125 0.58078
2.74889 0.03125 0.58078
3.53429 0.03125 0.58078
4.31969 0.03125 0.580781
5.10509 0.03125 0.58078
5.89049 0.03125 0.580781
6.67588 0.03125 0.580781
7.46128 0.03125 0.58078
8.24668 0.03125 0.58078
9.03208 0.03125 0.580781
9.81748 0.03125 0.580781
10.6029 0.03125 0.580781
11.3883 0.03125 0.580781
12.1737 0.03125 0.580781
12.9591 0.03125 0.580781
13.7445 0.03125 0.580781
14.5299 0.03125 0.580781
15.3153 0.03125 0.58078
16.1007 0.03125 0.58078
16.8861 0.03125 0.58078
17.6715 0.03125 0.580781
18.4569 0.03125 0.580781
19.2423 0.03125 0.58078
20.0277 0.03125 0.58078
20.8131 0.03125 0.58078
21.5984 0.03125 0.580781
22.3838 0.03125 0.580782
23.1692 0.03125 0.580781
23.9546 0.03125 0.58078
24.74 0.03125 0.580781
0.392699 0.09375 1.18297
1.1781 0.09375 1.18297
1.9635 0.09375 1.18297
2.74889 0.09375 1.18297
3.53429 0.09375 1.18297
4.31969 0.09375 1.18297
5.10509 0.09375 1.18297
5.89049 0.09375 1.18297
6.67588 0.09375 1.18297
7.46128 0.09375 1.18297
8.24668 0.09375 1.18297
9.03208 0.09375 1.18297
9.81748 0.09375 1.18297
10.6029 0.09375 1.18297
11.3883 0.09375 1.18297
12.1737 0.09375 1.18297
12.9591 0.09375 1.18297
13.7445 0.09375 1.18297
14.5299 0.09375 1.18297
15.3153 0.09375 1.18297
16.1007 0.09375 1.18297
16.8861 0.09375 1.18297
17.6715 0.09375 1.18297
18.4569 0.09375 1.18297
19.2423 0.09375 1.18297
20.0277 0.09375 1.18297
20.8131 0.09375 1.18297
21.5984 0.09375 1.18297
22.3838 0.09375 1.18297
23.1692 0.09375 1.18297
23.9546 0.09375 1.18297
24.74 0.09375 1.18297
0.392699 0.15625 1.46588
1.1781 0.15625 1.46588
1.9635 0.15625 1.46588
2.74889 0.15625 1.46588
3.53429 0.15625 1.46588
4.31969 0.15625 1.46588
5.10509 0.15625 1.46588
5.89049 0.15625 1.46588
6.67588 0.15625 1.46588
7.46128 0.15625 1.46588
8.24668 0.15625 1.46588
9.03208 0.15625 1.46588
9.81748 0.15625 1.46588
10.6029 0.15625 1.46588
11.3883 0.15625 1.46588
12.1737 0.15625 1.46588
12.9591 0.15625 1.46588
13.7445 0.15625 1.46588
14.5299 0.15625 1.46588
15.3153 0.15625 1.46588
16.1007 0.15625 1.46588
16.8861 0.15625 1.46588
17.6715 0.15625 1.46588
18.4569 0.15625 1.46588
19.2423 0.15625 1.46588
20.0277 0.15625 1.46588
20.8131 0.15625 1.46588
21.5984 0.15625 1.46588
22.3838 0.15625 1.46588
23.1692 0.15625 1.46588
23.9546 0.15625 1.46588
24.74 0.15625 1.46588
0.392699 0.21875 1.59308
1.1781 0.21875 1.59308
1.9635 0.21875 1.59308
2.74889 0.21875 1.59308
3.53429 0.21875 1.59308
4.31969 0.21875 1.59308
5.10509 0.21875 1.59308
5.89049 0.21875 1.59308
6.67588 0.21875 1.59308
7.46128 0.21875 1.59308
8.24668 0.21875 1.59308
9.03208 0.21875 1.59308
9.81748 0.21875 1.59308
10.6029 0.21875 1.59308
11.3883 0.21875 1.59308
12.1737 0.21875 1.59308
12.9591 0.21875 1.59308
13.7445 0.21875 1.59308
14.5299 0.21875 1.59308
15.3153 0.21875 1.59308
16.1007 0.21875 1.59308
16.8861 0.21875 1.59308
17.6715 0.21875 1.59308
18.4569 0.21875 1.59308
19.2423 0.21875 1.59308
20.0277 0.21875 1.59308
20.8131 0.21875 1.59308
21.5984 0.21875 1.59308
22.3838 0.21875 1.59308
23.1692 0.21875 1.59308
23.9546 0.21875 1.59308
24.74 0.21875 1.59308
0.392699 0.28125 1.65493
1.1781 0.28125 1.65493
1.9635 0.28125 1.65493
2.74889 0.28125 1.65493
3.53429 0.28125 1.65493
4.31969 0.28125 1.65493
5.10509 0.28125 1.65493
5.89049 0.28125 1.65493
6.67588 0.28125 1.65493
7.46128 0.28125 1.65493
8.24668 0.28125 1.65493
9.03208 0.28125 1.65493
9.81748 0.28125 1.65493
10.6029 0.28125 1.65493
11.3883 0.28125 1.65493
12.1737 0.28125 1.65493
12.9591 0.28125 1.65493
13.7445 0.28125 1.65493
14.5299 0.28125 1.65493
15.3153 0.28125 1.65493
16.1007 0.28125 1.65493
16.8861 0.28125 1.65493
17.6715 0.28125 1.65493
18.4569 0.28125 1.65493
19.2423 0.28125 1.65493
20.0277 0.28125 1.65493
20.8131 0.28125 1.65493
21.5984 0.28125 1.65493
22.3838 0.28125 1.65493
23.1692 0.28125 1.65493
23.9546 0.28125 1.65493
24.74 0.28125 1.65493
0.392699 0.34375 1.69158
1.1781 0.34375 1.69157
1.9635 0.34375 1.69157
2.74889 0.34375 1.69157
3.53429 0.34375 1.69157
4.31969 0.34375 1.69157
5.10509 0.34375 1.69157
5.89049 0.34375 1.69157
6.67588 0.34375 1.69158
7.46128 0.34375 1.69158
8.24668 0.34375 1.69158
9.03208 0.34375 1.69158
9.81748 0.34375 1.69158
10.6029 0.34375 1.69158
11.3883 0.34375 1.69158
12.1737 0.34375 1.69158
12.9591 0.34375 1.69158
13.7445 0.34375 1.69158
14.5299 0.34375 1.69157
15.3153 0.34375 1.69157
16.1007 0.34375 1.69158
16.8861 0.34375 1.69158
17.6715 0.34375 1.69158
18.4569 0.34375 1.69158
19.2423 0.34375 1.69157
20.0277 0.34375 1.69158
20.8131 0.34375 1.69158
21.5984 0.34375 1.69158
22.3838 0.34375 1.69158
23.1692 0.34375 1.69158
23.9546 0.34375 1.69158
24.74 0.34375 1.69158
0.392699 0.40625 1.71801
1.1781 0.40625 1.71801
1.9635 0.40625 1.71801
2.74889 0.40625 1.71801
3.53429 0.40625 1.71801
4.31969 0.40625 1.71801
5.10509 0.40625 1.71801
5.89049 0.40625 1.71801
6.67588 0.40625 1.71801
7.46128 0.40625 1.71801
8.24668 0.40625 1.71801
9.03208 0.40625 1.71801
9.81748 0.40625 1.71801
10.6029 0.40625 1.71801
11.3883 0.40625 1.71801
12.1737 0.40625 1.71801
12.9591 0.40625 1.71801
13.7445 0.40625 1.71801
14.5299 0.40625 1.71801
15.3153 0.40625 1.71801
16.1007 0.40625 1.71801
16.8861 0.40625 1.71801
17.6715 0.40625 1.71801
18.4569 0.40625 1.71801
19.2423 0.40625 1.71801
20.0277 0.40625 1.71801
20.8131 0.40625 1.71801
21.5984 0.40625 1.71801
22.3838 0.40625 1.71801
23.1692 0.40625 1.71801
23.9546 0.40625 1.71801
24.74 0.40625 1.71801
0.392699 0.46875 1.73941
1.1781 0.46875 1.7394
1.9635 0.46875 1.7394
2.74889 0.46875 1.7394
3.53429 0.46875 1.73941
4.31969 0.46875 1.7394
5.10509 0.46875 1.7394
5.89049 0.46875 1.7394
6.67588 0.46875 1.7394
7.46128 0.46875 1.73941
8.24668 0.46875 1.73941
9.03208 0.46875 1.73941
9.81748 0.46875 1.73941
10.6029 0.46875 1.73941
11.3883 0.46875 1.73941
12.1737 0.46875 1.7394
12.9591 0.46875 1.73941
13.7445 0.46875 1.73941
14.5299 0.46875 1.73941
15.3153 0.46875 1.7394
16.1007 0.46875 1.73941
16.8861 0.46875 1.73941
17.6715 0.46875 1.7394
18.4569 0.46875 1.73941
19.2423 0.46875 1.7394
20.0277 0.46875 1.73941
20.8131 0.46875 1.73941
21.5984 0.46875 1.7394
22.3838 0.46875 1.7394
23.1692 0.46875 1.73941
23.9546 0.46875 1.73941
24.74 0.46875 1.73941
0.392699 0.53125 1.75769
1.1781 0.53125 1.75769
1.9635 0.53125 1.75769
2.74889 0.53125 1.75769
3.53429 0.53125 1.75769
4.31969 0.53125 1.75769
5.10509 0.53125 1.75769
5.89049 0.53125 1.75769
6.67588 0.53125 1.75769
7.46128 0.53125 1.75769
8.24668 0.53125 1.75769
9.03208 0.53125 1.75769
9.81748 0.53125 1.75769
10.6029 0.53125 1.75769
11.3883 0.53125 1.75769
12.1737 0.53125 1.75768
12.9591 0.53125 1.75769
13.7445 0.53125 1.75769
14.5299 0.53125 1.75769
15.3153 0.53125 1.75769
16.1007 0.53125 1.75769
16.8861 0.53125 1.75769
17.6715 0.53125 1.75769
18.4569 0.53125 1.75769
19.2423 0.53125 1.75769
20.0277 0.53125 1.75769
20.8131 0.53125 1.75769
21.5984 0.53125 1.75769
22.3838 0.53125 1.75769
23.1692 0.53125 1.75769
23.9546 0.53125 1.75769
24.74 0.53125 1.75769
0.392699 0.59375 1.77375
1.1781 0.59375 1.77375
1.9635 0.59375 1.77374
2.74889 0.59375 1.77375
3.53429 0.59375 1.77375
4.31969 0.59375 1.77375
5.10509 0.59375 1.77375
5.89049 0.59375 1.77375
6.67588 0.59375 1.77375
7.46128 0.59375 1.77375
8.24668 0.59375 1.77375
9.03208 0.59375 1.77375
9.81748 0.59375 1.77375
10.6029 0.59375 1.77375
11.3883 0.59375 1.77375
12.1737 0.59375 1.77374
12.9591 0.59375 1.77375
13.7445 0.59375 1.77375
14.5299 0.59375 1.77375
15.3153 0.59375 1.77375
16.1007 0.59375 1.77375
16.8861 0.59375 1.77375
17.6715 0.59375 1.77375
18.4569 0.59375 1.77375
19.2423 0.59375 1.77375
20.0277 0.59375 1.77375
20.8131 0.59375 1.77375
21.5984 0.59375 1.77375
22.3838 0.59375 1.77375
23.1692 0.59375 1.77375
23.9546 0.59375 1.77375
24.74 0.59375 1.77375
0.392699 0.65625 1.78809
1.1781 0.65625 1.78809
1.9635 0.65625 1.78808
2.74889 0.65625 1.78809
3.53429 0.65625 1.78809
4.31969 0.65625 1.78809
5.10509 0.65625 1.78809
5.89049 0.65625 1.78809
6.67588 0.65625 1.78809
7.46128 0.65625 1.78809
8.24668 0.65625 1.78809
9.03208 0.65625 1.78809
9.81748 0.65625 1.78809
10.6029 0.65625 1.78809
11.3883 0.65625 1.78809
12.1737 0.65625 1.78808
12.9591 0.65625 1.78809
13.7445 0.65625 1.78809
14.5299 0.65625 1.78809
15.3153 0.65625 1.78809
16.1007 0.65625 1.78809
16.8861 0.65625 1.78809
17.6715 0.65625 1.78809
18.4569 0.65625 1.78809
19.2423 0.65625 1.78809
20.0277 0.65625 1.78809
20.8131 0.65625 1.78809
21.5984 0.65625 1.78809
22.3838 0.65625 1.78809
23.1692 0.65625 1.78809
23.9546 0.65625 1.78809
24.74 0.65625 1.78809
0.392699 0.71875 1.80104
1.1781 0.71875 1.80103
1.9635 0.71875 1.80103
2.74889 0.71875 1.80103
3.53429 0.71875 1.80103
4.31969 0.71875 1.80103
5.10509 0.71875 1.80103
5.89049 0.71875 1.80104
6.67588 0.71875 1.80103
7.46128 0.71875 1.80104
8.24668 0.71875 1.80103
9.03208 0.71875 1.80103
9.81748 0.71875 1.80103
10.6029 0.71875 1.80103
11.3883 0.71875 1.80104
12.1737 0.71875 1.80103
12.9591 0.71875 1.80103
13.7445 0.71875 1.80103
14.5299 0.71875 1.80103
15.3153 0.71875 1.80104
16.1007 0.71875 1.80103
16.8861 0.71875 1.80103
17.6715 0.71875 1.80103
18.4569 0.71875 1.80103
19.2423 0.71875 1.80103
20.0277 0.71875 1.80103
20.8131 0.71875 1.80103
21.5984 0.71875 1.80103
22.3838 0.71875 1.80104
23.1692 0.71875 1.80103
23.9546 0.71875 1.80103
24.74 0.71875 1.80103
0.392699 0.78125 1.81274
1.1781 0.78125 1.81274
1.9635 0.78125 1.81274
2.74889 0.78125 1.81274
3.53429 0.78125 1.81274
4.31969 0.78125 1.81274
5.10509 0.78125 1.81274
5.89049 0.78125 1.81275
6.67588 0.78125 1.81274
7.46128 0.78125 1.81274
8.24668 0.78125 1.81274
9.03208 0.78125 1.81274
9.81748 0.78125 1.81274
10.6029 0.78125 1.81274
11.3883 0.78125 1.81274
12.1737 0.78125 1.81274
12.9591 0.78125 1.81274
13.7445 0.78125 1.81274
14.5299 0.78125 1.81274
15.3153 0.78125 1.81274
16.1007 0.78125 1.81274
16.8861 0.78125 1.81274
17.6715 0.78125 1.81274
18.4569 0.78125 1.81274
19.2423 0.78125 1.81274
20.0277 0.78125 1.81274
20.8131 0.78125 1.81274
21.5984 0.78125 1.81274
22.3838 0.78125 1.81274
23.1692 0.78125 1.81274
23.9546 0.78125 1.81274
24.74 0.78125 1.81274
0.392699 0.84375 1.82309
1.1781 0.84375 1.82309
1.9635 0.84375 1.82309
2.74889 0.84375 1.8231
3.53429 0.84375 1.82309
4.31969 0.84375 1.82309
5.10509 0.84375 1.82309
5.89049 0.84375 1.8231
6.67588 0.84375 1.82309
7.46128 0.84375 1.82309
8.24668 0.84375 1.82309
9.03208 0.84375 1.82309
9.81748 0.84375 1.82309
10.6029 0.84375 1.82309
11.3883 0.84375 1.82309
12.1737 0.84375 1.82309
12.9591 0.84375 1.82309
13.7445 0.84375 1.82309
14.5299 0.84375 1.82309
15.3153 0.84375 1.82309
16.1007 0.84375 1.82309
16.8861 0.84375 1.82309
17.6715 0.84375 1.82309
18.4569 0.84375 1.82309
19.2423 0.84375 1.82309
20.0277 0.84375 1.82309
20.8131 0.84375 1.82309
21.5984 0.84375 1.82309
22.3838 0.84375 1.82309
23.1692 0.84375 1.82309
23.9546 0.84375 1.82309
24.74 0.84375 1.82309
0.392699 0.90625 1.83141
1.1781 0.90625 1.83141
1.9635 0.90625 1.83141
2.74889 0.90625 1.83141
3.53429 0.90625 1.83141
4.31969 0.90625 1.83141
5.10509 0.90625 1.83141
5.89049 0.90625 1.83142
6.67588 0.90625 1.83141
7.46128 0.90625 1.83141
8.24668 0.90625 1.83141
9.03208 0.90625 1.83141
9.81748 0.90625 1.83141
10.6029 0.90625 1.83142
11.3883 0.90625 1.83141
12.1737 0.90625 1.83141
12.9591 0.90625 1.83142
13.7445 0.90625 1.83142
14.5299 0.90625 1.83141
15.3153 0.90625 1.83141
16.1007 0.90625 1.83141
16.8861 0.90625 1.83141
17.6715 0.90625 1.83141
18.4569 0.90625 1.83141
19.2423 0.90625 1.83142
20.0277 0.90625 1.83142
20.8131 0.90625 1.83141
21.5984 0.90625 1.83141
22.3838 0.90625 1.83141
23.1692 0.90625 1.83141
23.9546 0.90625 1.83141
24.74 0.90625 1.83141
0.392699 0.96875 1.83631
1.1781 0.96875 1.83631
1.9635 0.96875 1.83631
2.74889 0.96875 1.83631
3.53429 0.96875 1.83631
4.31969 0.96875 1.83631
5.10509 0.96875 1.83631
5.89049 0.96875 1.83631
6.67588 0.96875 1.83631
7.46128 0.96875 1.83631
8.24668 0.96875 1.83631
9.03208 0.96875 1.8363
9.81748 0.96875 1.83631
10.6029 0.96875 1.83631
11.3883 0.96875 1.83631
12.1737 0.96875 1.83631
12.9591 0.96875 1.83631
13.7445 0.96875 1.83631
14.5299 0.96875 1.83631
15.3153 0.96875 1.83631
16.1007 0.96875 1.83631
16.8861 0.96875 1.83631
17.6715 0.96875 1.83631
18.4569 0.96875 1.83631
19.2423 0.96875 1.83631
20.0277 0.96875 1.83631
20.8131 0.96875 1.83631
21.5984 0.96875 1.83631
22.3838 0.96875 1.8363
23.1692 0.96875 1.8363
23.9546 0.96875 1.8363
24.74 0.96875 1.83631
0.392699 1.03125 1.83631
1.1781 1.03125 1.83631
1.9635 1.03125 1.83631
2.74889 1.03125 1.8363
3.53429 1.03125 1.83631
4.31969 1.03125 1.83631
5.10509 1.03125 1.83631
5.89049 1.03125 1.83631
6.67588 1.03125 1.83631
7.46128 1.03125 1.83631
8.24668 1.03125 1.83631
9.03208 1.03125 1.8363
9.81748 1.03125 1.83631
10.6029 1.03125 1.83631
11.3883 1.03125 1.83631
12.1737 1.03125 1.83631
12.9591 1.03125 1.83631
13.7445 1.03125 1.83631
14.5299 1.03125 1.83631
15.3153 1.03125 1.83631
16.1007 1.03125 1.83631
16.8861 1.03125 1.8363
17.6715 1.03125 1.83631
18.4569 1.03125 1.83631
19.2423 1.03125 1.83631
20.0277 1.03125 1.83631
20.8131 1.03125 1.83631
21.5984 1.03125 1.83631
22.3838 1.03125 1.8363
23.1692 1.03125 1.8363
23.9546 1.03125 1.8363
24.74 1.03125 1.8363
0.392699 1.09375 1.83141
1.1781 1.09375 1.83142
1.9635 1.09375 1.83141
2.74889 1.09375 1.83141
3.53429 1.09375 1.83141
4.31969 1.09375 1.83141
5.10509 1.09375 1.83141
5.89049 1.09375 1.83141
6.67588 1.09375 1.83141
7.46128 1.09375 1.83142
8.24668 1.09375 1.83141
9.03208 1.09375 1.83141
9.81748 1.09375 1.83141
10.6029 1.09375 1.83141
11.3883 1.09375 1.83141
12.1737 1.09375 1.83141
12.9591 1.09375 1.83141
13.7445 1.09375 1.83141
14.5299 1.09375 1.83141
15.3153 1.09375 1.83141
16.1007 1.09375 1.83141
16.8861 1.09375 1.83141
17.6715 1.09375 1.83141
18.4569 1.09375 1.83141
19.2423 1.09375 1.83142
20.0277 1.09375 1.83142
20.8131 1.09375 1.83142
21.5984 1.09375 1.83142
22.3838 1.09375 1.83141
23.1692 1.09375 1.83141
23.9546 1.09375 1.83141
24.74 1.09375 1.83141
0.392699 1.15625 1.82309
1.1781 1.15625 1.82309
1.9635 1.15625 1.82309
2.74889 1.15625 1.82309
3.53429 1.15625 1.82309
4.31969 1.15625 1.82309
5.10509 1.15625 1.82309
5.89049 1.15625 1.82309
6.67588 1.15625 1.82309
7.46128 1.15625 1.82309
8.24668 1.15625 1.82309
9.03208 1.15625 1.82309
9.81748 1.15625 1.82309
10.6029 1.15625 1.82309
11.3883 1.15625 1.82309
12.1737 1.15625 1.82309
12.9591 1.15625 1.82309
13.7445 1.15625 1.82309
14.5299 1.15625 1.82309
15.3153 1.15625 1.82309
16.1007 1.15625 1.82309
16.8861 1.15625 1.82309
17.6715 1.15625 1.82309
18.4569 1.15625 1.82309
19.2423 1.15625 1.82309
20.0277 1.15625 1.82309
20.8131 1.15625 1.82309
21.5984 1.15625 1.82309
22.3838 1.15625 1.82309
23.1692 1.15625 1.82309
23.9546 1.15625 1.82309
24.74 1.15625 1.82309
0.392699 1.21875 1.81274
1.1781 1.21875 1.81274
1.9635 1.21875 1.81274
2.74889 1.21875 1.81274
3.53429 1.21875 1.81274
4.31969 1.21875 1.81274
5.10509 1.21875 1.81274
5.89049 1.21875 1.81274
6.67588 1.21875 1.81274
7.46128 1.21875 1.81274
8.24668 1.21875 1.81274
9.03208 1.21875 1.81274
9.81748 1.21875 1.81274
10.6029 1.21875 1.81274
11.3883 1.21875 1.81274
12.1737 1.21875 1.81274
12.9591 1.21875 1.81274
13.7445 1.21875 1.81274
14.5299 1.21875 1.81274
15.3153 1.21875 1.81274
16.1007 1.21875 1.81274
16.8861 1.21875 1.81274
17.6715 1.21875 1.81274
18.4569 1.21875 1.81274
19.2423 1.21875 1.81274
20.0277 1.21875 1.81274
20.8131 1.21875 1.81274
21.5984 1.21875 1.81274
22.3838 1.21875 1.81274
23.1692 1.21875 1.81274
23.9546 1.21875 1.81274
24.74 1.21875 1.81274
0.392699 1.28125 1.80103
1.1781 1.28125 1.80103
1.9635 1.28125 1.80103
2.74889 1.28125 1.80103
3.53429 1.28125 1.80103
4.31969 1.28125 1.80103
5.10509 1.28125 1.80103
5.89049 1.28125 1.80103
6.67588 1.28125 1.80103
7.46128 1.28125 1.80104
8.24668 1.28125 1.80103
9.03208 1.28125 1.80103
9.81748 1.28125 1.80103
10.6029 1.28125 1.80103
11.3883 1.28125 1.80103
12.1737 1.28125 1.80103
12.9591 1.28125 1.80103
13.7445 1.28125 1.80103
14.5299 1.28125 1.80103
15.3153 1.28125 1.80103
16.1007 1.28125 1.80103
16.8861 1.28125 1.80103
17.6715 1.28125 1.80103
18.4569 1.28125 1.80103
19.2423 1.28125 1.80103
20.0277 1.28125 1.80103
20.8131 1.28125 1.80104
21.5984 1.28125 1.80103
22.3838 1.28125 1.80103
23.1692 1.28125 1.80103
23.9546 1.28125 1.80103
24.74 1.28125 1.80103
0.392699 1.34375 1.78809
1.1781 1.34375 1.78809
1.9635 1.34375 1.78809
2.74889 1.34375 1.78809
3.53429 1.34375 1.78808
4.31969 1.34375 1.78809
5.10509 1.34375 1.78809
5.89049 1.34375 1.78809
6.67588 1.34375 1.78808
7.46128 1.34375 1.78809
8.24668 1.34375 1.78809
9.03208 1.34375 1.78809
9.81748 1.34375 1.78809
10.6029 1.34375 1.78809
11.3883 1.34375 1.78809
12.1737 1.34375 1.78809
12.9591 1.34375 1.78809
13.7445 1.34375 1.78809
14.5299 1.34375 1.78809
15.3153 1.34375 1.78809
16.1007 1.34375 1.78808
16.8861 1.34375 1.78808
17.6715 1.34375 1.78809
18.4569 1.34375 1.78809
19.2423 1.34375 1.78809
20.0277 1.34375 1.78808
20.8131 1.34375 1.78809
21.5984 1.34375 1.78808
22.3838 1.34375 1.78809
23.1692 1.34375 1.78809
23.9546 1.34375 1.78809
24.74 1.34375 1.78809
0.392699 1.40625 1.77375
1.1781 1.40625 1.77374
1.9635 1.40625 1.77375
2.74889 1.40625 1.77375
3.53429 1.40625 1.77374
4.31969 1.40625 1.77375
5.10509 1.40625 1.77375
5.89049 1.40625 1.77375
6.67588 1.40625 1.77375
7.46128 1.40625 1.77375
8.24668 1.40625 1.77375
9.03208 1.40625 1.77375
9.81748 1.40625 1.77375
10.6029 1.40625 1.77375
11.3883 1.40625 1.77375
12.1737 1.40625 1.77375
12.9591 1.40625 1.77375
13.7445 1.40625 1.77375
14.5299 1.40625 1.77375
15.3153 1.40625 1.77374
16.1007 1.40625 1.77374
16.8861 1.40625 1.77374
17.6715 1.40625 1.77375
18.4569 1.40625 1.77375
19.2423 1.40625 1.77374
20.0277 1.40625 1.77374
20.8131 1.40625 1.77375
21.5984 1.40625 1.77374
22.3838 1.40625 1.77374
23.1692 1.40625 1.77374
23.9546 1.40625 1.77375
24.74 1.40625 1.77374
0.392699 1.46875 1.75769
1.1781 1.46875 1.75768
1.9635 1.46875 1.75769
2.74889 1.46875 1.75769
3.53429 1.46875 1.75769
4.31969 1.46875 1.75769
5.10509 1.46875 1.75769
5.89049 1.46875 1.75769
6.67588 1.46875 1.75769
7.46128 1.46875 1.75769
8.24668 1.46875 1.75769
9.03208 1.46875 1.75769
9.81748 1.46875 1.75769
10.6029 1.46875 1.75769
11.3883 1.46875 1.75769
12.1737 1.46875 1.75769
12.9591 1.46875 1.75769
13.7445 1.46875 1.75769
14.5299 1.46875 1.75769
15.3153 1.46875 1.75769
16.1007 1.46875 1.75768
16.8861 1.46875 1.75769
17.6715 1.46875 1.75769
18.4569 1.46875 1.75769
19.2423 1.46875 1.75769
20.0277 1.46875 1.75768
20.8131 1.46875 1.75769
21.5984 1.46875 1.75769
22.3838 1.46875 1.75769
23.1692 1.46875 1.75769
23.9546 1.46875 1.75769
24.74 1.46875 1.75769
0.392699 1.53125 1.73941
1.1781 1.53125 1.7394
1.9635 1.53125 1.73941
2.74889 1.53125 1.73941
3.53429 1.53125 1.73941
4.31969 1.53125 1.73941
5.10509 1.53125 1.7394
5.89049 1.53125 1.73941
6.67588 1.53125 1.73941
7.46128 1.53125 1.7394
8.24668 1.53125 1.7394
9.03208 1.53125 1.7394
9.81748 1.53125 1.73941
10.6029 1.53125 1.7394
11.3883 1.53125 1.7394
12.1737 1.53125 1.7394
12.9591 1.53125 1.7394
13.7445 1.53125 1.7394
14.5299 1.53125 1.7394
15.3153 1.53125 1.7394
16.1007 1.53125 1.7394
16.8861 1.53125 1.7394
17.6715 1.53125 1.7394
18.4569 1.53125 1.73941
19.2423 1.53125 1.7394
20.0277 1.53125 1.7394
20.8131 1.53125 1.73941
21.5984 1.53125 1.7394
22.3838 1.53125 1.7394
23.1692 1.53125 1.7394
23.9546 1.53125 1.73941
24.74 1.53125 1.7394
0.392699 1.59375 1.71801
1.1781 1.59375 1.71801
1.9635 1.59375 1.71801
2.74889 1.59375 1.71801
3.53429 1.59375 1.71801
4.31969 1.59375 1.71801
5.10509 1.59375 1.71801
5.89049 1.59375 1.71801
6.67588 1.59375 1.71801
7.46128 1.59375 1.71801
8.24668 1.59375 1.71801
9.03208 1.59375 1.71801
9.81748 1.59375 1.71801
10.6029 1.59375 1.71801
11.3883 1.59375 1.71801
12.1737 1.59375 1.71801
12.9591 1.59375 1.71801
13.7445 1.59375 1.71801
14.5299 1.59375 1.71801
15.3153 1.59375 1.71801
16.1007 1.59375 1.71801
16.8861 1.59375 1.71801
17.6715 1.59375 1.71801
18.4569 1.59375 1.71801
19.2423 1.59375 1.71801
20.0277 1.59375 1.71801
20.8131 1.59375 1.71801
21.5984 1.59375 1.71801
22.3838 1.59375 1.71801
23.1692 1.59375 1.71801
23.9546 1.59375 1.71801
24.74 1.59375 1.71801
0.392699 1.65625 1.69158
1.1781 1.65625 1.69157
1.9635 1.65625 1.69158
2.74889 1.65625 1.69157
3.53429 1.65625 1.69158
4.31969 1.65625 1.69158
5.10509 1.65625 1.69157
5.89049 1.65625 1.69158
6.67588 1.65625 1.69158
7.46128 1.65625 1.69157
8.24668 1.65625 1.69158
9.03208 1.65625 1.69158
9.81748 1.65625 1.69158
10.6029 1.65625 1.69158
11.3883 1.65625 1.69157
12.1737 1.65625 1.69158
12.9591 1.65625 1.69157
13.7445 1.65625 1.69158
14.5299 1.65625 1.69157
15.3153 1.65625 1.69158
16.1007 1.65625 1.69158
16.8861 1.65625 1.69158
17.6715 1.65625 1.69158
18.4569 1.65625 1.69158
19.2423 1.65625 1.69157
20.0277 1.65625 1.69157
20.8131 1.65625 1.69158
21.5984 1.65625 1.69158
22.3838 1.65625 1.69157
23.1692 1.65625 1.69158
23.9546 1.65625 1.69158
24.74 1.65625 1.69157
0.392699 1.71875 1.65493
1.1781 1.71875 1.65493
1.9635 1.71875 1.65493
2.74889 1.71875 1.65493
3.53429 1.71875 1.65493
4.31969 1.71875 1.65493
5.10509 1.71875 1.65493
5.89049 1.71875 1.65493
6.67588 1.71875 1.65493
7.46128 1.71875 1.65493
8.24668 1.71875 1.65493
9.03208 1.71875 1.65493
9.81748 1.71875 1.65493
10.6029 1.71875 1.65493
11.3883 1.71875 1.65493
12.1737 1.71875 1.65493
12.9591 1.71875 1.65493
13.7445 1.71875 1.65493
14.5299 1.71875 1.65493
15.3153 1.71875 1.65493
16.1007 1.71875 1.65493
16.8861 1.71875 1.65493
17.6715 1.71875 1.65493
18.4569 1.71875 1.65493
19.2423 1.71875 1.65493
20.0277 1.71875 1.65493
20.8131 1.71875 1.65493
21.5984 1.71875 1.65493
22.3838 1.71875 1.65493
23.1692 1.71875 1.65493
23.9546 1.71875 1.65493
24.74 1.71875 1.65493
0.392699 1.78125 1.59308
1.1781 1.78125 1.59308
1.9635 1.78125 1.59308
2.74889 1.78125 1.59308
3.53429 1.78125 1.59308
4.31969 1.78125 1.59308
5.10509 1.78125 1.59308
5.89049 1.78125 1.59308
6.67588 1.78125 1.59308
7.46128 1.78125 1.59308
8.24668 1.78125 1.59308
9.03208 1.78125 1.59308
9.81748 1.78125 1.59308
10.6029 1.78125 1.59308
11.3883 1.78125 1.59308
12.1737 1.78125 1.59308
12.9591 1.78125 1.59308
13.7445 1.78125 1.59308
14.5299 1.78125 1.59308
15.3153 1.78125 1.59308
16.1007 1.78125 1.59308
16.8861 1.78125 1.59308
17.6715 1.78125 1.59308
18.4569 1.78125 1.59308
19.2423 1.78125 1.59308
20.0277 1.78125 1.59308
20.8131 1.78125 1.59308
21.5984 1.78125 1.59308
22.3838 1.78125 1.59308
23.1692 1.78125 1.59308
23.9546 1.78125 1.59308
24.74 1.78125 1.59308
0.392699 1.84375 1.46588
1.1781 1.84375 1.46588
1.9635 1.84375 1.46588
2.74889 1.84375 1.46588
3.53429 1.84375 1.46588
4.31969 1.84375 1.46588
5.10509 1.84375 1.46588
5.89049 1.84375 1.46588
6.67588 1.84375 1.46588
7.46128 1.84375 1.46588
8.24668 1.84375 1.46588
9.03208 1.84375 1.46588
9.81748 1.84375 1.46588
10.6029 1.84375 1.46588
11.3883 1.84375 1.46588
12.1737 1.84375 1.46588
12.9591 1.84375 1.46588
13.7445 1.84375 1.46588
14.5299 1.84375 1.46588
15.3153 1.84375 1.46588
16.1007 1.84375 1.46588
16.8861 1.84375 1.46588
17.6715 1.84375 1.46588
18.4569 1.84375 1.46587
19.2423 1.84375 1.46588
20.0277 1.84375 1.46588
20.8131 1.84375 1.46588
21.5984 1.84375 1.46588
22.3838 1.84375 1.46588
23.1692 1.84375 1.46588
23.9546 1.84375 1.46588
24.74 1.84375 1.46588
0.392699 1.90625 1.18297
1.1781 1.90625 1.18297
1.9635 1.90625 1.18297
2.74889 1.90625 1.18297
3.53429 1.90625 1.18297
4.31969 1.90625 1.18297
5.10509 1.90625 1.18297
5.89049 1.90625 1.18297
6.67588 1.90625 1.18297
7.46128 1.90625 1.18297
8.24668 1.90625 1.18297
9.03208 1.90625 1.18297
9.81748 1.90625 1.18297
10.6029 1.90625 1.18297
11.3883 1.90625 1.18297
12.1737 1.90625 1.18297
12.9591 1.90625 1.18297
13.7445 1.90625 1.18297
14.5299 1.90625 1.18297
15.3153 1.90625 1.18297
16.1007 1.90625 1.18297
16.8861 1.90625 1.18297
17.6715 1.90625 1.18297
18.4569 1.90625 1.18297
19.2423 1.90625 1.18297
20.0277 1.90625 1.18297
20.8131 1.90625 1.18297
21.5984 1.90625 1.18297
22.3838 1.90625 1.18297
23.1692 1.90625 1.18297
23.9546 1.90625 1.18297
24.74 1.90625 1.18297
0.392699 1.96875 0.580781
1.1781 1.96875 0.580781
1.9635 1.96875 0.580781
2.74889 1.96875 0.58078
3.53429 1.96875 0.580781
4.31969 1.96875 0.580781
5.10509 1.96875 0.58078
5.89049 1.96875 0.580781
6.67588 1.96875 0.58078
7.46128 1.96875 0.58078
8.24668 1.96875 0.58078
9.03208 1.96875 0.58078
9.81748 1.96875 0.580781
10.6029 1.96875 0.58078
11.3883 1.96875 0.580781
12.1737 1.96875 0.58078
12.9591 1.96875 0.58078
13.7445 1.96875 0.580781
14.5299 1.96875 0.580781
15.3153 1.96875 0.580781
16.1007 1.96875 0.58078
16.8861 1.96875 0.58078
17.6715 1.96875 0.58078
18.4569 1.96875 0.58078
19.2423 1.96875 0.580781
20.0277 1.96875 0.580781
20.8131 1.96875 0.580781
21.5984 1.96875 0.58078
22.3838 1.96875 0.58078
23.1692 1.96875 0.58078
23.9546 1.96875 0.580781
24.74 1.96875 0.58078
