0.392699 0.03125 0.379877
1.1781 0.03125 0.379881
1.9635 0.03125 0.379879
2.74889 0.03125 0.379878
3.53429 0.03125 0.379878
4.31969 0.03125 0.379878
5.10509 0.03125 0.379878
5.89049 0.03125 0.379878
6.67588 0.03125 0.379879
7.46128 0.03125 0.379879
8.24668 0.03125 0.379879
9.03208 0.03125 0.379879
9.81748 0.03125 0.379879
10.6029 0.03125 0.379878
11.3883 0.03125 0.37988
12.1737 0.03125 0.379878
12.9591 0.03125 0.379877
13.7445 0.03125 0.379878
14.5299 0.03125 0.379879
15.3153 0.03125 0.379877
16.1007 0.03125 0.379877
16.8861 0.03125 0.379879
17.6715 0.03125 0.379879
18.4569 0.03125 0.379879
19.2423 0.03125 0.379879
20.0277 0.03125 0.379877
20.8131 0.03125 0.37988
21.5984 0.03125 0.379879
22.3838 0.03125 0.37988
23.1692 0.03125 0.379876
23.9546 0.03125 0.379878
24.74 0.03125 0.379878
0.392699 0.09375 0.75096
1.1781 0.09375 0.750968
1.9635 0.09375 0.750962
2.74889 0.09375 0.750964
3.53429 0.09375 0.750965
4.31969 0.09375 0.750967
5.10509 0.09375 0.750963
5.89049 0.09375 0.750968
6.67588 0.09375 0.750964
7.46128 0.09375 0.75096
8.24668 0.09375 0.750964
9.03208 0.09375 0.750968
9.81748 0.09375 0.750969
10.6029 0.09375 0.750967
11.3883 0.09375 0.750963
12.1737 0.09375 0.750967
12.9591 0.09375 0.750969
13.7445 0.09375 0.750968
14.5299 0.09375 0.750964
15.3153 0.09375 0.750961
16.1007 0.09375 0.750963
16.8861 0.09375 0.750961
17.6715 0.09375 0.750967
18.4569 0.09375 0.750964
19.2423 0.09375 0.750961
20.0277 0.09375 0.750961
20.8131 0.09375 0.750964
21.5984 0.09375 0.750967
22.3838 0.09375 0.750968
23.1692 0.09375 0.750961
23.9546 0.09375 0.750962
24.74 0.09375 0.750968
0.392699 0.15625 0.862795
1.1781 0.15625 0.862793
1.9635 0.15625 0.862798
2.74889 0.15625 0.862799
3.53429 0.15625 0.862793
4.31969 0.15625 0.862798
5.10509 0.15625 0.862795
5.89049 0.15625 0.862798
6.67588 0.15625 0.862798
7.46128 0.15625 0.862793
8.24668 0.15625 0.862799
9.03208 0.15625 0.8628
9.81748 0.15625 0.862805
10.6029 0.15625 0.862797
11.3883 0.15625 0.8628
12.1737 0.15625 0.862794
12.9591 0.15625 0.8628
13.7445 0.15625 0.862794
14.5299 0.15625 0.862794
15.3153 0.15625 0.862793
16.1007 0.15625 0.862801
16.8861 0.15625 0.862797
17.6715 0.15625 0.862801
18.4569 0.15625 0.862796
19.2423 0.15625 0.862796
20.0277 0.15625 0.862799
20.8131 0.15625 0.862797
21.5984 0.15625 0.862803
22.3838 0.15625 0.862803
23.1692 0.15625 0.8628
23.9546 0.15625 0.862797
24.74 0.15625 0.862803
0.392699 0.21875 0.91509
1.1781 0.21875 0.915093
1.9635 0.21875 0.915091
2.74889 0.21875 0.915091
3.53429 0.21875 0.915088
4.31969 0.21875 0.915088
5.10509 0.21875 0.915094
5.89049 0.21875 0.915096
6.67588 0.21875 0.915099
7.46128 0.21875 0.915093
8.24668 0.21875 0.915094
9.03208 0.21875 0.915093
9.81748 0.21875 0.915098
10.6029 0.21875 0.915098
11.3883 0.21875 0.915089
12.1737 0.21875 0.915093
12.9591 0.21875 0.915089
13.7445 0.21875 0.915089
14.5299 0.21875 0.915089
15.3153 0.21875 0.915096
16.1007 0.21875 0.91509
16.8861 0.21875 0.915094
17.6715 0.21875 0.915089
18.4569 0.21875 0.91509
19.2423 0.21875 0.915096
20.0277 0.21875 0.915088
20.8131 0.21875 0.915098
21.5984 0.21875 0.915094
22.3838 0.21875 0.915098
23.1692 0.21875 0.915099
23.9546 0.21875 0.915094
24.74 0.21875 0.915093
0.392699 0.28125 0.951292
1.1781 0.28125 0.9513
1.9635 0.28125 0.951301
2.74889 0.28125 0.951296
3.53429 0.28125 0.951299
4.31969 0.28125 0.951294
5.10509 0.28125 0.951296
5.89049 0.28125 0.951303
6.67588 0.28125 0.951301
7.46128 0.28125 0.951303
8.24668 0.28125 0.951301
9.03208 0.28125 0.951304
9.81748 0.28125 0.951297
10.6029 0.28125 0.951303
11.3883 0.28125 0.951296
12.1737 0.28125 0.951299
12.9591 0.28125 0.951297
13.7445 0.28125 0.951302
14.5299 0.28125 0.9513
15.3153 0.28125 0.951303
16.1007 0.28125 0.951294
16.8861 0.28125 0.951298
17.6715 0.28125 0.951302
18.4569 0.28125 0.951294
19.2423 0.28125 0.951298
20.0277 0.28125 0.951297
20.8131 0.28125 0.951303
21.5984 0.28125 0.951298
22.3838 0.28125 0.951299
23.1692 0.28125 0.951306
23.9546 0.28125 0.951297
24.74 0.28125 0.951298
0.392699 0.34375 0.979773
1.1781 0.34375 0.979774
1.9635 0.34375 0.979775
2.74889 0.34375 0.979773
3.53429 0.34375 0.979773
4.31969 0.34375 0.979772
5.10509 0.34375 0.979774
5.89049 0.34375 0.979777
6.67588 0.34375 0.979774
7.46128 0.34375 0.979778
8.24668 0.34375 0.979782
9.03208 0.34375 0.979781
9.81748 0.34375 0.979778
10.6029 0.34375 0.979779
11.3883 0.34375 0.979779
12.1737 0.34375 0.979775
12.9591 0.34375 0.979778
13.7445 0.34375 0.979773
14.5299 0.34375 0.979772
15.3153 0.34375 0.979778
16.1007 0.34375 0.97978
16.8861 0.34375 0.979778
17.6715 0.34375 0.979782
18.4569 0.34375 0.979772
19.2423 0.34375 0.979778
20.0277 0.34375 0.979782
20.8131 0.34375 0.97978
21.5984 0.34375 0.97978
22.3838 0.34375 0.979778
23.1692 0.34375 0.979783
23.9546 0.34375 0.979777
24.74 0.34375 0.979782
0.392699 0.40625 1.00336
1.1781 0.40625 1.00335
1.9635 0.40625 1.00336
2.74889 0.40625 1.00335
3.53429 0.40625 1.00335
4.31969 0.40625 1.00335
5.10509 0.40625 1.00335
5.89049 0.40625 1.00335
6.67588 0.40625 1.00335
7.46128 0.40625 1.00335
8.24668 0.40625 1.00336
9.03208 0.40625 1.00335
9.81748 0.40625 1.00336
10.6029 0.40625 1.00335
11.3883 0.40625 1.00336
12.1737 0.40625 1.00335
12.9591 0.40625 1.00336
13.7445 0.40625 1.00335
14.5299 0.40625 1.00335
15.3153 0.40625 1.00336
16.1007 0.40625 1.00336
16.8861 0.40625 1.00335
17.6715 0.40625 1.00336
18.4569 0.40625 1.00335
19.2423 0.40625 1.00335
20.0277 0.40625 1.00336
20.8131 0.40625 1.00335
21.5984 0.40625 1.00335
22.3838 0.40625 1.00336
23.1692 0.40625 1.00336
23.9546 0.40625 1.00336
24.74 0.40625 1.00335
0.392699 0.46875 1.0235
1.1781 0.46875 1.02349
1.9635 0.46875 1.02349
2.74889 0.46875 1.02349
3.53429 0.46875 1.02349
4.31969 0.46875 1.02349
5.10509 0.46875 1.02349
5.89049 0.46875 1.02349
6.67588 0.46875 1.0235
7.46128 0.46875 1.02349
8.24668 0.46875 1.02349
9.03208 0.46875 1.02349
9.81748 0.46875 1.0235
10.6029 0.46875 1.02349
11.3883 0.46875 1.0235
12.1737 0.46875 1.02349
12.9591 0.46875 1.0235
13.7445 0.46875 1.02349
14.5299 0.46875 1.02349
15.3153 0.46875 1.02349
16.1007 0.46875 1.02349
16.8861 0.46875 1.02349
17.6715 0.46875 1.02349
18.4569 0.46875 1.02349
19.2423 0.46875 1.02349
20.0277 0.46875 1.02349
20.8131 0.46875 1.02349
21.5984 0.46875 1.02349
22.3838 0.46875 1.0235
23.1692 0.46875 1.0235
23.9546 0.46875 1.02349
24.74 0.46875 1.02349
0.392699 0.53125 1.04107
1.1781 0.53125 1.04107
1.9635 0.53125 1.04106
2.74889 0.53125 1.04107
3.53429 0.53125 1.04107
4.31969 0.53125 1.04107
5.10509 0.53125 1.04107
5.89049 0.53125 1.04108
6.67588 0.53125 1.04108
7.46128 0.53125 1.04108
8.24668 0.53125 1.04107
9.03208 0.53125 1.04108
9.81748 0.53125 1.04107
10.6029 0.53125 1.04107
11.3883 0.53125 1.04106
12.1737 0.53125 1.04107
12.9591 0.53125 1.04108
13.7445 0.53125 1.04107
14.5299 0.53125 1.04108
15.3153 0.53125 1.04107
16.1007 0.53125 1.04107
16.8861 0.53125 1.04107
17.6715 0.53125 1.04107
18.4569 0.53125 1.04107
19.2423 0.53125 1.04107
20.0277 0.53125 1.04107
20.8131 0.53125 1.04106
21.5984 0.53125 1.04107
22.3838 0.53125 1.04107
23.1692 0.53125 1.04108
23.9546 0.53125 1.04107
24.74 0.53125 1.04107
0.392699 0.59375 1.05667
1.1781 0.59375 1.05667
1.9635 0.59375 1.05667
2.74889 0.59375 1.05668
3.53429 0.59375 1.05667
4.31969 0.59375 1.05667
5.10509 0.59375 1.05667
5.89049 0.59375 1.05668
6.67588 0.59375 1.05668
7.46128 0.59375 1.05668
8.24668 0.59375 1.05667
9.03208 0.59375 1.05667
9.81748 0.59375 1.05667
10.6029 0.59375 1.05667
11.3883 0.59375 1.05667
12.1737 0.59375 1.05667
12.9591 0.59375 1.05668
13.7445 0.59375 1.05667
14.5299 0.59375 1.05668
15.3153 0.59375 1.05668
16.1007 0.59375 1.05667
16.8861 0.59375 1.05668
17.6715 0.59375 1.05668
18.4569 0.59375 1.05667
19.2423 0.59375 1.05668
20.0277 0.59375 1.05668
20.8131 0.59375 1.05667
21.5984 0.59375 1.05668
22.3838 0.59375 1.05667
23.1692 0.59375 1.05667
23.9546 0.59375 1.05667
24.74 0.59375 1.05668
0.392699 0.65625 1.0707
1.1781 0.65625 1.0707
1.9635 0.65625 1.0707
2.74889 0.65625 1.0707
3.53429 0.65625 1.0707
4.31969 0.65625 1.0707
5.10509 0.65625 1.0707
5.89049 0.65625 1.0707
6.67588 0.65625 1.0707
7.46128 0.65625 1.07071
8.24668 0.65625 1.0707
9.03208 0.65625 1.07071
9.81748 0.65625 1.07069
10.6029 0.65625 1.0707
11.3883 0.65625 1.0707
12.1737 0.65625 1.07069
12.9591 0.65625 1.0707
13.7445 0.65625 1.0707
14.5299 0.65625 1.0707
15.3153 0.65625 1.0707
16.1007 0.65625 1.07069
16.8861 0.65625 1.0707
17.6715 0.65625 1.0707
18.4569 0.65625 1.0707
19.2423 0.65625 1.0707
20.0277 0.65625 1.0707
20.8131 0.65625 1.0707
21.5984 0.65625 1.0707
22.3838 0.65625 1.0707
23.1692 0.65625 1.0707
23.9546 0.65625 1.0707
24.74 0.65625 1.0707
0.392699 0.71875 1.08344
1.1781 0.71875 1.08343
1.9635 0.71875 1.08344
2.74889 0.71875 1.08344
3.53429 0.71875 1.08344
4.31969 0.71875 1.08344
5.10509 0.71875 1.08344
5.89049 0.71875 1.08345
6.67588 0.71875 1.08343
7.46128 0.71875 1.08344
8.24668 0.71875 1.08344
9.03208 0.71875 1.08344
9.81748 0.71875 1.08344
10.6029 0.71875 1.08344
11.3883 0.71875 1.08345
12.1737 0.71875 1.08343
12.9591 0.71875 1.08344
13.7445 0.71875 1.08344
14.5299 0.71875 1.08344
15.3153 0.71875 1.08345
16.1007 0.71875 1.08344
16.8861 0.71875 1.08345
17.6715 0.71875 1.08344
18.4569 0.71875 1.08344
19.2423 0.71875 1.08344
20.0277 0.71875 1.08344
20.8131 0.71875 1.08344
21.5984 0.71875 1.08344
22.3838 0.71875 1.08345
23.1692 0.71875 1.08344
23.9546 0.71875 1.08344
24.74 0.71875 1.08344
0.392699 0.78125 1.09512
1.1781 0.78125 1.09511
1.9635 0.78125 1.09512
2.74889 0.78125 1.09511
3.53429 0.78125 1.09511
4.31969 0.78125 1.09512
5.10509 0.78125 1.09512
5.89049 0.78125 1.09512
6.67588 0.78125 1.09511
7.46128 0.78125 1.09512
8.24668 0.78125 1.09511
9.03208 0.78125 1.09511
9.81748 0.78125 1.09511
10.6029 0.78125 1.09512
11.3883 0.78125 1.09512
12.1737 0.78125 1.09511
12.9591 0.78125 1.09511
13.7445 0.78125 1.09511
14.5299 0.78125 1.09512
15.3153 0.78125 1.09512
16.1007 0.78125 1.09511
16.8861 0.78125 1.09511
17.6715 0.78125 1.09511
18.4569 0.78125 1.09511
19.2423 0.78125 1.09511
20.0277 0.78125 1.09511
20.8131 0.78125 1.09511
21.5984 0.78125 1.09512
22.3838 0.78125 1.09511
23.1692 0.78125 1.09512
23.9546 0.78125 1.09512
24.74 0.78125 1.09512
0.392699 0.84375 1.10587
1.1781 0.84375 1.10588
1.9635 0.84375 1.10588
2.74889 0.84375 1.10588
3.53429 0.84375 1.10587
4.31969 0.84375 1.10588
5.10509 0.84375 1.10588
5.89049 0.84375 1.10588
6.67588 0.84375 1.10588
7.46128 0.84375 1.10587
8.24668 0.84375 1.10588
9.03208 0.84375 1.10588
9.81748 0.84375 1.10587
10.6029 0.84375 1.10588
11.3883 0.84375 1.10587
12.1737 0.84375 1.10588
12.9591 0.84375 1.10588
13.7445 0.84375 1.10588
14.5299 0.84375 1.10588
15.3153 0.84375 1.10588
16.1007 0.84375 1.10587
16.8861 0.84375 1.10588
17.6715 0.84375 1.10588
18.4569 0.84375 1.10588
19.2423 0.84375 1.10588
20.0277 0.84375 1.10588
20.8131 0.84375 1.10587
21.5984 0.84375 1.10587
22.3838 0.84375 1.10588
23.1692 0.84375 1.10588
23.9546 0.84375 1.10588
24.74 0.84375 1.10588
0.392699 0.90625 1.11577
1.1781 0.90625 1.11577
1.9635 0.90625 1.11577
2.74889 0.90625 1.11577
3.53429 0.90625 1.11576
4.31969 0.90625 1.11576
5.10509 0.90625 1.11577
5.89049 0.90625 1.11577
6.67588 0.90625 1.11576
7.46128 0.90625 1.11576
8.24668 0.90625 1.11576
9.03208 0.90625 1.11576
9.81748 0.90625 1.11577
10.6029 0.90625 1.11576
11.3883 0.90625 1.11576
12.1737 0.90625 1.11577
12.9591 0.90625 1.11577
13.7445 0.90625 1.11576
14.5299 0.90625 1.11576
15.3153 0.90625 1.11577
16.1007 0.90625 1.11577
16.8861 0.90625 1.11576
17.6715 0.90625 1.11577
18.4569 0.90625 1.11577
19.2423 0.90625 1.11577
20.0277 0.90625 1.11576
20.8131 0.90625 1.11576
21.5984 0.90625 1.11576
22.3838 0.90625 1.11576
23.1692 0.90625 1.11576
23.9546 0.90625 1.11576
24.74 0.90625 1.11576
0.392699 0.96875 1.12377
1.1781 0.96875 1.12377
1.9635 0.96875 1.12377
2.74889 0.96875 1.12377
3.53429 0.96875 1.12378
4.31969 0.96875 1.12377
5.10509 0.96875 1.12378
5.89049 0.96875 1.12377
6.67588 0.96875 1.12377
7.46128 0.96875 1.12378
8.24668 0.96875 1.12377
9.03208 0.96875 1.12377
9.81748 0.96875 1.12378
10.6029 0.96875 1.12378
11.3883 0.96875 1.12377
12.1737 0.96875 1.12378
12.9591 0.96875 1.12377
13.7445 0.96875 1.12377
14.5299 0.96875 1.12377
15.3153 0.96875 1.12378
16.1007 0.96875 1.12378
16.8861 0.96875 1.12378
17.6715 0.96875 1.12377
18.4569 0.96875 1.12377
19.2423 0.96875 1.12378
20.0277 0.96875 1.12378
20.8131 0.96875 1.12378
21.5984 0.96875 1.12377
22.3838 0.96875 1.12377
23.1692 0.96875 1.12377
23.9546 0.96875 1.12377
24.74 0.96875 1.12378
0.392699 1.03125 1.12378
1.1781 1.03125 1.12378
1.9635 1.03125 1.12377
2.74889 1.03125 1.12378
3.53429 1.03125 1.12378
4.31969 1.03125 1.12378
5.10509 1.03125 1.12377
5.89049 1.03125 1.12378
6.67588 1.03125 1.12378
7.46128 1.03125 1.12377
8.24668 1.03125 1.12377
9.03208 1.03125 1.12377
9.81748 1.03125 1.12378
10.6029 1.03125 1.12377
11.3883 1.03125 1.12378
12.1737 1.03125 1.12378
12.9591 1.03125 1.12378
13.7445 1.03125 1.12378
14.5299 1.03125 1.12378
15.3153 1.03125 1.12377
16.1007 1.03125 1.12378
16.8861 1.03125 1.12377
17.6715 1.03125 1.12378
18.4569 1.03125 1.12377
19.2423 1.03125 1.12378
20.0277 1.03125 1.12378
20.8131 1.03125 1.12378
21.5984 1.03125 1.12378
22.3838 1.03125 1.12377
23.1692 1.03125 1.12378
23.9546 1.03125 1.12377
24.74 1.03125 1.12377
0.392699 1.09375 1.11577
1.1781 1.09375 1.11576
1.9635 1.09375 1.11576
2.74889 1.09375 1.11576
3.53429 1.09375 1.11576
4.31969 1.09375 1.11576
5.10509 1.09375 1.11577
5.89049 1.09375 1.11577
6.67588 1.09375 1.11576
7.46128 1.09375 1.11576
8.24668 1.09375 1.11576
9.03208 1.09375 1.11577
9.81748 1.09375 1.11576
10.6029 1.09375 1.11576
11.3883 1.09375 1.11576
12.1737 1.09375 1.11576
12.9591 1.09375 1.11576
13.7445 1.09375 1.11576
14.5299 1.09375 1.11576
15.3153 1.09375 1.11576
16.1007 1.09375 1.11576
16.8861 1.09375 1.11576
17.6715 1.09375 1.11577
18.4569 1.09375 1.11577
19.2423 1.09375 1.11577
20.0277 1.09375 1.11577
20.8131 1.09375 1.11577
21.5984 1.09375 1.11576
22.3838 1.09375 1.11576
23.1692 1.09375 1.11576
23.9546 1.09375 1.11576
24.74 1.09375 1.11577
0.392699 1.15625 1.10588
1.1781 1.15625 1.10588
1.9635 1.15625 1.10588
2.74889 1.15625 1.10587
3.53429 1.15625 1.10587
4.31969 1.15625 1.10587
5.10509 1.15625 1.10588
5.89049 1.15625 1.10588
6.67588 1.15625 1.10588
7.46128 1.15625 1.10588
8.24668 1.15625 1.10587
9.03208 1.15625 1.10588
9.81748 1.15625 1.10587
10.6029 1.15625 1.10587
11.3883 1.15625 1.10588
12.1737 1.15625 1.10587
12.9591 1.15625 1.10588
13.7445 1.15625 1.10587
14.5299 1.15625 1.10588
15.3153 1.15625 1.10588
16.1007 1.15625 1.10587
16.8861 1.15625 1.10588
17.6715 1.15625 1.10587
18.4569 1.15625 1.10588
19.2423 1.15625 1.10588
20.0277 1.15625 1.10588
20.8131 1.15625 1.10588
21.5984 1.15625 1.10588
22.3838 1.15625 1.10588
23.1692 1.15625 1.10587
23.9546 1.15625 1.10588
24.74 1.15625 1.10588
0.392699 1.21875 1.09511
1.1781 1.21875 1.09511
1.9635 1.21875 1.09512
2.74889 1.21875 1.09511
3.53429 1.21875 1.09511
4.31969 1.21875 1.09512
5.10509 1.21875 1.09511
5.89049 1.21875 1.09511
6.67588 1.21875 1.09511
7.46128 1.21875 1.09512
8.24668 1.21875 1.09511
9.03208 1.21875 1.09511
9.81748 1.21875 1.09511
10.6029 1.21875 1.09511
11.3883 1.21875 1.09511
12.1737 1.21875 1.09512
12.9591 1.21875 1.09512
13.7445 1.21875 1.09511
14.5299 1.21875 1.09511
15.3153 1.21875 1.09511
16.1007 1.21875 1.09511
16.8861 1.21875 1.09511
17.6715 1.21875 1.09511
18.4569 1.21875 1.09512
19.2423 1.21875 1.09511
20.0277 1.21875 1.09511
20.8131 1.21875 1.09511
21.5984 1.21875 1.09511
22.3838 1.21875 1.09511
23.1692 1.21875 1.09511
23.9546 1.21875 1.09512
24.74 1.21875 1.09512
0.392699 1.28125 1.08344
1.1781 1.28125 1.08344
1.9635 1.28125 1.08344
2.74889 1.28125 1.08344
3.53429 1.28125 1.08344
4.31969 1.28125 1.08344
5.10509 1.28125 1.08343
5.89049 1.28125 1.08344
6.67588 1.28125 1.08344
7.46128 1.28125 1.08345
8.24668 1.28125 1.08343
9.03208 1.28125 1.08344
9.81748 1.28125 1.08344
10.6029 1.28125 1.08344
11.3883 1.28125 1.08344
12.1737 1.28125 1.08344
12.9591 1.28125 1.08345
13.7445 1.28125 1.08344
14.5299 1.28125 1.08344
15.3153 1.28125 1.08344
16.1007 1.28125 1.08344
16.8861 1.28125 1.08344
17.6715 1.28125 1.08344
18.4569 1.28125 1.08344
19.2423 1.28125 1.08344
20.0277 1.28125 1.08344
20.8131 1.28125 1.08344
21.5984 1.28125 1.08343
22.3838 1.28125 1.08344
23.1692 1.28125 1.08344
23.9546 1.28125 1.08344
24.74 1.28125 1.08344
0.392699 1.34375 1.0707
1.1781 1.34375 1.0707
1.9635 1.34375 1.0707
2.74889 1.34375 1.0707
3.53429 1.34375 1.0707
4.31969 1.34375 1.0707
5.10509 1.34375 1.07069
5.89049 1.34375 1.0707
6.67588 1.34375 1.0707
7.46128 1.34375 1.07071
8.24668 1.34375 1.07069
9.03208 1.34375 1.0707
9.81748 1.34375 1.0707
10.6029 1.34375 1.0707
11.3883 1.34375 1.0707
12.1737 1.34375 1.07071
12.9591 1.34375 1.0707
13.7445 1.34375 1.0707
14.5299 1.34375 1.07069
15.3153 1.34375 1.07069
16.1007 1.34375 1.0707
16.8861 1.34375 1.0707
17.6715 1.34375 1.0707
18.4569 1.34375 1.07069
19.2423 1.34375 1.0707
20.0277 1.34375 1.0707
20.8131 1.34375 1.0707
21.5984 1.34375 1.07069
22.3838 1.34375 1.0707
23.1692 1.34375 1.0707
23.9546 1.34375 1.07071
24.74 1.34375 1.0707
0.392699 1.40625 1.05667
1.1781 1.40625 1.05668
1.9635 1.40625 1.05668
2.74889 1.40625 1.05667
3.53429 1.40625 1.05667
4.31969 1.40625 1.05668
5.10509 1.40625 1.05668
5.89049 1.40625 1.05667
6.67588 1.40625 1.05667
7.46128 1.40625 1.05668
8.24668 1.40625 1.05667
9.03208 1.40625 1.05667
9.81748 1.40625 1.05667
10.6029 1.40625 1.05667
11.3883 1.40625 1.05668
12.1737 1.40625 1.05668
12.9591 1.40625 1.05667
13.7445 1.40625 1.05668
14.5299 1.40625 1.05667
15.3153 1.40625 1.05667
16.1007 1.40625 1.05667
16.8861 1.40625 1.05667
17.6715 1.40625 1.05668
18.4569 1.40625 1.05667
19.2423 1.40625 1.05667
20.0277 1.40625 1.05668
20.8131 1.40625 1.05667
21.5984 1.40625 1.05667
22.3838 1.40625 1.05668
23.1692 1.40625 1.05668
23.9546 1.40625 1.05668
24.74 1.40625 1.05667
0.392699 1.46875 1.04107
1.1781 1.46875 1.04106
1.9635 1.46875 1.04108
2.74889 1.46875 1.04107
3.53429 1.46875 1.04107
4.31969 1.46875 1.04108
5.10509 1.46875 1.04107
5.89049 1.46875 1.04108
6.67588 1.46875 1.04107
7.46128 1.46875 1.04107
8.24668 1.46875 1.04107
9.03208 1.46875 1.04107
9.81748 1.46875 1.04107
10.6029 1.46875 1.04107
11.3883 1.46875 1.04107
12.1737 1.46875 1.04106
12.9591 1.46875 1.04107
13.7445 1.46875 1.04107
14.5299 1.46875 1.04106
15.3153 1.46875 1.04106
16.1007 1.46875 1.04106
16.8861 1.46875 1.04107
17.6715 1.46875 1.04107
18.4569 1.46875 1.04107
19.2423 1.46875 1.04107
20.0277 1.46875 1.04107
20.8131 1.46875 1.04107
21.5984 1.46875 1.04107
22.3838 1.46875 1.04107
23.1692 1.46875 1.04107
23.9546 1.46875 1.04107
24.74 1.46875 1.04106
0.392699 1.53125 1.0235
1.1781 1.53125 1.02349
1.9635 1.53125 1.0235
2.74889 1.53125 1.0235
3.53429 1.53125 1.0235
4.31969 1.53125 1.02349
5.10509 1.53125 1.02349
5.89049 1.53125 1.0235
6.67588 1.53125 1.0235
7.46128 1.53125 1.02349
8.24668 1.53125 1.0235
9.03208 1.53125 1.02349
9.81748 1.53125 1.02349
10.6029 1.53125 1.02348
11.3883 1.53125 1.02349
12.1737 1.53125 1.02348
12.9591 1.53125 1.02349
13.7445 1.53125 1.02349
14.5299 1.53125 1.02349
15.3153 1.53125 1.02349
16.1007 1.53125 1.02349
16.8861 1.53125 1.02349
17.6715 1.53125 1.0235
18.4569 1.53125 1.02349
19.2423 1.53125 1.02349
20.0277 1.53125 1.02349
20.8131 1.53125 1.0235
21.5984 1.53125 1.02349
22.3838 1.53125 1.02349
23.1692 1.53125 1.0235
23.9546 1.53125 1.02349
24.74 1.53125 1.02348
0.392699 1.59375 1.00336
1.1781 1.59375 1.00335
1.9635 1.59375 1.00336
2.74889 1.59375 1.00335
3.53429 1.59375 1.00336
4.31969 1.59375 1.00335
5.10509 1.59375 1.00335
5.89049 1.59375 1.00335
6.67588 1.59375 1.00335
7.46128 1.59375 1.00335
8.24668 1.59375 1.00336
9.03208 1.59375 1.00336
9.81748 1.59375 1.00335
10.6029 1.59375 1.00335
11.3883 1.59375 1.00335
12.1737 1.59375 1.00335
12.9591 1.59375 1.00336
13.7445 1.59375 1.00336
14.5299 1.59375 1.00336
15.3153 1.59375 1.00336
16.1007 1.59375 1.00335
16.8861 1.59375 1.00336
17.6715 1.59375 1.00336
18.4569 1.59375 1.00335
19.2423 1.59375 1.00335
20.0277 1.59375 1.00336
20.8131 1.59375 1.00335
21.5984 1.59375 1.00335
22.3838 1.59375 1.00335
23.1692 1.59375 1.00336
23.9546 1.59375 1.00335
24.74 1.59375 1.00335
0.392699 1.65625 0.979772
1.1781 1.65625 0.979776
1.9635 1.65625 0.979777
2.74889 1.65625 0.979776
3.53429 1.65625 0.979774
4.31969 1.65625 0.979772
5.10509 1.65625 0.979776
5.89049 1.65625 0.97978
6.67588 1.65625 0.979777
7.46128 1.65625 0.979776
8.24668 1.65625 0.979777
9.03208 1.65625 0.979779
9.81748 1.65625 0.979781
10.6029 1.65625 0.97978
11.3883 1.65625 0.979774
12.1737 1.65625 0.97978
12.9591 1.65625 0.979774
13.7445 1.65625 0.979778
14.5299 1.65625 0.979775
15.3153 1.65625 0.979782
16.1007 1.65625 0.979778
16.8861 1.65625 0.979779
17.6715 1.65625 0.979775
18.4569 1.65625 0.97978
19.2423 1.65625 0.979774
20.0277 1.65625 0.979782
20.8131 1.65625 0.979777
21.5984 1.65625 0.979776
22.3838 1.65625 0.979774
23.1692 1.65625 0.979777
23.9546 1.65625 0.979771
24.74 1.65625 0.979779
0.392699 1.71875 0.951298
1.1781 1.71875 0.951295
1.9635 1.71875 0.951296
2.74889 1.71875 0.951293
3.53429 1.71875 0.9513
4.31969 1.71875 0.9513
5.10509 1.71875 0.951299
5.89049 1.71875 0.951304
6.67588 1.71875 0.951299
7.46128 1.71875 0.9513
8.24668 1.71875 0.951302
9.03208 1.71875 0.951295
9.81748 1.71875 0.951296
10.6029 1.71875 0.951303
11.3883 1.71875 0.951294
12.1737 1.71875 0.951302
12.9591 1.71875 0.951295
13.7445 1.71875 0.9513
14.5299 1.71875 0.951299
15.3153 1.71875 0.951305
16.1007 1.71875 0.951304
16.8861 1.71875 0.9513
17.6715 1.71875 0.951297
18.4569 1.71875 0.951295
19.2423 1.71875 0.951297
20.0277 1.71875 0.951294
20.8131 1.71875 0.951299
21.5984 1.71875 0.951303
22.3838 1.71875 0.951295
23.1692 1.71875 0.951295
23.9546 1.71875 0.951303
24.74 1.71875 0.951296
0.392699 1.78125 0.915095
1.1781 1.78125 0.915096
1.9635 1.78125 0.915095
2.74889 1.78125 0.915091
3.53429 1.78125 0.915093
4.31969 1.78125 0.915099
5.10509 1.78125 0.915089
5.89049 1.78125 0.915091
6.67588 1.78125 0.915089
7.46128 1.78125 0.915094
8.24668 1.78125 0.915093
9.03208 1.78125 0.915095
9.81748 1.78125 0.915096
10.6029 1.78125 0.915091
11.3883 1.78125 0.91509
12.1737 1.78125 0.915089
12.9591 1.78125 0.915093
13.7445 1.78125 0.915091
14.5299 1.78125 0.915095
15.3153 1.78125 0.915099
16.1007 1.78125 0.915091
16.8861 1.78125 0.91509
17.6715 1.78125 0.915097
18.4569 1.78125 0.91509
19.2423 1.78125 0.915095
20.0277 1.78125 0.915088
20.8131 1.78125 0.915096
21.5984 1.78125 0.915097
22.3838 1.78125 0.91509
23.1692 1.78125 0.915093
23.9546 1.78125 0.915096
24.74 1.78125 0.915097
0.392699 1.84375 0.862801
1.1781 1.84375 0.862797
1.9635 1.84375 0.862796
2.74889 1.84375 0.862802
3.53429 1.84375 0.8628
4.31969 1.84375 0.862804
5.10509 1.84375 0.8628
5.89049 1.84375 0.862802
6.67588 1.84375 0.862794
7.46128 1.84375 0.862794
8.24668 1.84375 0.862795
9.03208 1.84375 0.862799
9.81748 1.84375 0.862804
10.6029 1.84375 0.862794
11.3883 1.84375 0.8628
12.1737 1.84375 0.862794
12.9591 1.84375 0.862794
13.7445 1.84375 0.862795
14.5299 1.84375 0.862801
15.3153 1.84375 0.8628
16.1007 1.84375 0.862796
16.8861 1.84375 0.862794
17.6715 1.84375 0.862794
18.4569 1.84375 0.862799
19.2423 1.84375 0.862803
20.0277 1.84375 0.862793
20.8131 1.84375 0.862796
21.5984 1.84375 0.862799
22.3838 1.84375 0.862797
23.1692 1.84375 0.862797
23.9546 1.84375 0.862798
24.74 1.84375 0.862801
0.392699 1.90625 0.750969
1.1781 1.90625 0.750965
1.9635 1.90625 0.750962
2.74889 1.90625 0.750962
3.53429 1.90625 0.750967
4.31969 1.90625 0.750964
5.10509 1.90625 0.750965
5.89049 1.90625 0.750967
6.67588 1.90625 0.75096
7.46128 1.90625 0.750966
8.24668 1.90625 0.750963
9.03208 1.90625 0.750968
9.81748 1.90625 0.750968
10.6029 1.90625 0.750965
11.3883 1.90625 0.750967
12.1737 1.90625 0.750961
12.9591 1.90625 0.750964
13.7445 1.90625 0.750969
14.5299 1.90625 0.750963
15.3153 1.90625 0.750966
16.1007 1.90625 0.750963
16.8861 1.90625 0.750964
17.6715 1.90625 0.750961
18.4569 1.90625 0.750966
19.2423 1.90625 0.750967
20.0277 1.90625 0.750968
20.8131 1.90625 0.750962
21.5984 1.90625 0.750963
22.3838 1.90625 0.750963
23.1692 1.90625 0.750965
23.9546 1.90625 0.750967
24.74 1.90625 0.750964
0.392699 1.96875 0.379879
1.1781 1.96875 0.379877
1.9635 1.96875 0.379878
2.74889 1.96875 0.379878
3.53429 1.96875 0.37988
4.31969 1.96875 0.379878
5.10509 1.96875 0.379878
5.89049 1.96875 0.379878
6.67588 1.96875 0.379877
7.46128 1.96875 0.379879
8.24668 1.96875 0.379879
9.03208 1.96875 0.379878
9.81748 1.96875 0.379878
10.6029 1.96875 0.379877
11.3883 1.96875 0.37988
12.1737 1.96875 0.379877
12.9591 1.96875 0.379878
13.7445 1.96875 0.379878
14.5299 1.96875 0.379878
15.3153 1.96875 0.379878
16.1007 1.96875 0.379877
16.8861 1.96875 0.379877
17.6715 1.96875 0.379878
18.4569 1.96875 0.379879
19.2423 1.96875 0.379877
20.0277 1.96875 0.37988
20.8131 1.96875 0.379879
21.5984 1.96875 0.379878
22.3838 1.96875 0.379878
23.1692 1.96875 0.379878
23.9546 1.96875 0.379878
24.74 1.96875 0.379877
