0.392699 0.03125 -5.78272e-08
0.392699 0.09375 -1.93143e-07
0.392699 0.15625 -1.10308e-07
0.392699 0.21875 1.90362e-07
0.392699 0.28125 -2.01042e-07
0.392699 0.34375 1.22315e-07
0.392699 0.40625 1.17368e-07
0.392699 0.46875 3.78158e-07
0.392699 0.53125 -4.70855e-08
0.392699 0.59375 1.06148e-07
0.392699 0.65625 2.68144e-07
0.392699 0.71875 3.07715e-07
0.392699 0.78125 5.31502e-07
0.392699 0.84375 7.49476e-07
0.392699 0.90625 2.95228e-07
0.392699 0.96875 5.51512e-07
0.392699 1.03125 3.27951e-07
0.392699 1.09375 2.95399e-07
0.392699 1.15625 3.26099e-07
0.392699 1.21875 5.54206e-07
0.392699 1.28125 8.44939e-07
0.392699 1.34375 4.89173e-07
0.392699 1.40625 5.61361e-07
0.392699 1.46875 4.27221e-08
0.392699 1.53125 2.60079e-07
0.392699 1.59375 -1.36244e-07
0.392699 1.65625 2.4839e-07
0.392699 1.71875 1.42807e-07
0.392699 1.78125 2.17957e-07
0.392699 1.84375 1.80379e-07
0.392699 1.90625 2.07742e-07
0.392699 1.96875 -4.28874e-08
1.1781 0.03125 -8.91239e-08
1.1781 0.09375 -1.01644e-08
1.1781 0.15625 -2.51091e-07
1.1781 0.21875 -8.50256e-08
1.1781 0.28125 -4.95462e-07
1.1781 0.34375 -7.04537e-07
1.1781 0.40625 -7.71581e-07
1.1781 0.46875 -6.36903e-07
1.1781 0.53125 -2.51725e-07
1.1781 0.59375 -2.00581e-07
1.1781 0.65625 -2.31799e-07
1.1781 0.71875 -7.80742e-08
1.1781 0.78125 2.38746e-07
1.1781 0.84375 -2.15743e-07
1.1781 0.90625 -5.74836e-07
1.1781 0.96875 -3.91366e-07
1.1781 1.03125 -3.70207e-07
1.1781 1.09375 3.17935e-07
1.1781 1.15625 4.96119e-07
1.1781 1.21875 1.78957e-07
1.1781 1.28125 4.28862e-08
1.1781 1.34375 2.9275e-07
1.1781 1.40625 2.38232e-07
1.1781 1.46875 -5.2316e-08
1.1781 1.53125 -6.67635e-08
1.1781 1.59375 -9.03822e-08
1.1781 1.65625 -2.49694e-07
1.1781 1.71875 -4.20655e-07
1.1781 1.78125 -2.84393e-07
1.1781 1.84375 -3.9516e-07
1.1781 1.90625 5.76628e-08
1.1781 1.96875 -5.43802e-08
1.9635 0.03125 -5.44124e-09
1.9635 0.09375 2.63479e-07
1.9635 0.15625 2.79884e-07
1.9635 0.21875 4.56011e-08
1.9635 0.28125 4.02696e-07
1.9635 0.34375 4.19401e-07
1.9635 0.40625 5.16132e-07
1.9635 0.46875 9.41553e-08
1.9635 0.53125 2.92642e-07
1.9635 0.59375 1.01647e-07
1.9635 0.65625 -1.01886e-07
1.9635 0.71875 -3.61724e-07
1.9635 0.78125 -7.15929e-07
1.9635 0.84375 -7.01914e-07
1.9635 0.90625 -7.5453e-07
1.9635 0.96875 -6.1028e-07
1.9635 1.03125 -3.13982e-07
1.9635 1.09375 -4.26183e-07
1.9635 1.15625 -1.03016e-07
1.9635 1.21875 -1.08277e-07
1.9635 1.28125 -9.6878e-08
1.9635 1.34375 4.05498e-08
1.9635 1.40625 -1.0619e-07
1.9635 1.46875 5.1127e-09
1.9635 1.53125 -6.01979e-07
1.9635 1.59375 -5.60315e-07
1.9635 1.65625 -6.42799e-07
1.9635 1.71875 -4.73165e-07
1.9635 1.78125 -2.69537e-07
1.9635 1.84375 -1.65993e-07
1.9635 1.90625 -2.10026e-07
1.9635 1.96875 1.20065e-07
2.74889 0.03125 1.31722e-07
2.74889 0.09375 -2.20002e-07
2.74889 0.15625 -4.20847e-08
2.74889 0.21875 -7.31938e-08
2.74889 0.28125 6.21889e-08
2.74889 0.34375 -5.20871e-08
2.74889 0.40625 2.46498e-07
2.74889 0.46875 2.53138e-07
2.74889 0.53125 -1.47802e-07
2.74889 0.59375 -3.75261e-07
2.74889 0.65625 -5.28986e-07
2.74889 0.71875 -7.96455e-07
2.74889 0.78125 -3.57273e-07
2.74889 0.84375 1.98733e-07
2.74889 0.90625 6.3817e-07
2.74889 0.96875 4.27293e-07
2.74889 1.03125 -8.24808e-08
2.74889 1.09375 -4.74716e-07
2.74889 1.15625 -4.85814e-07
2.74889 1.21875 -1.39307e-07
2.74889 1.28125 1.20742e-08
2.74889 1.34375 -2.98649e-08
2.74889 1.40625 1.04427e-07
2.74889 1.46875 4.62783e-07
2.74889 1.53125 5.74557e-07
2.74889 1.59375 5.13525e-07
2.74889 1.65625 3.54583e-07
2.74889 1.71875 4.00218e-07
2.74889 1.78125 2.04964e-07
2.74889 1.84375 4.45722e-07
2.74889 1.90625 -1.63286e-08
2.74889 1.96875 1.12002e-07
3.53429 0.03125 -9.09476e-08
3.53429 0.09375 -7.23097e-08
3.53429 0.15625 -3.928e-07
3.53429 0.21875 -8.72053e-08
3.53429 0.28125 -1.78813e-07
3.53429 0.34375 -1.05475e-07
3.53429 0.40625 -2.04722e-07
3.53429 0.46875 -1.23585e-07
3.53429 0.53125 4.74378e-08
3.53429 0.59375 1.40215e-07
3.53429 0.65625 2.79837e-07
3.53429 0.71875 3.79916e-07
3.53429 0.78125 2.99595e-07
3.53429 0.84375 2.03793e-07
3.53429 0.90625 5.53202e-07
3.53429 0.96875 4.60037e-07
3.53429 1.03125 5.37807e-07
3.53429 1.09375 5.55153e-07
3.53429 1.15625 6.87587e-07
3.53429 1.21875 5.11984e-07
3.53429 1.28125 3.51908e-07
3.53429 1.34375 6.09664e-08
3.53429 1.40625 1.91746e-08
3.53429 1.46875 -1.77855e-07
3.53429 1.53125 -1.11518e-07
3.53429 1.59375 4.35646e-08
3.53429 1.65625 3.9269e-07
3.53429 1.71875 4.72901e-07
3.53429 1.78125 8.85454e-08
3.53429 1.84375 2.53024e-08
3.53429 1.90625 -5.07823e-08
3.53429 1.96875 -5.36602e-08
4.31969 0.03125 5.25197e-09
4.31969 0.09375 2.90322e-08
4.31969 0.15625 1.05369e-07
4.31969 0.21875 -1.37335e-07
4.31969 0.28125 -7.96996e-08
4.31969 0.34375 1.36632e-07
4.31969 0.40625 -3.86385e-08
4.31969 0.46875 2.08902e-07
4.31969 0.53125 4.34026e-07
4.31969 0.59375 3.78875e-07
4.31969 0.65625 5.17841e-07
4.31969 0.71875 6.62522e-07
4.31969 0.78125 2.3929e-07
4.31969 0.84375 -7.19742e-08
4.31969 0.90625 -6.02353e-07
4.31969 0.96875 -5.263e-07
4.31969 1.03125 -1.43376e-07
4.31969 1.09375 -5.78134e-08
4.31969 1.15625 -3.42658e-07
4.31969 1.21875 -6.58014e-07
4.31969 1.28125 -7.35615e-07
4.31969 1.34375 -5.08076e-07
4.31969 1.40625 -5.71538e-07
4.31969 1.46875 -6.64106e-07
4.31969 1.53125 -5.62374e-07
4.31969 1.59375 -4.04304e-07
4.31969 1.65625 -1.22479e-07
4.31969 1.71875 -2.51567e-07
4.31969 1.78125 -1.98631e-08
4.31969 1.84375 -1.66594e-07
4.31969 1.90625 -7.07354e-08
4.31969 1.96875 -1.99218e-09
5.10509 0.03125 1.3951e-07
5.10509 0.09375 8.26627e-08
5.10509 0.15625 3.56373e-07
5.10509 0.21875 2.81462e-07
5.10509 0.28125 8.64297e-08
5.10509 0.34375 -1.30243e-07
5.10509 0.40625 -5.71888e-08
5.10509 0.46875 2.47193e-07
5.10509 0.53125 6.85884e-08
5.10509 0.59375 1.26916e-07
5.10509 0.65625 4.98195e-08
5.10509 0.71875 -9.25017e-08
5.10509 0.78125 -1.33346e-07
5.10509 0.84375 -4.15119e-07
5.10509 0.90625 -4.03095e-07
5.10509 0.96875 -5.78887e-07
5.10509 1.03125 -5.0188e-07
5.10509 1.09375 -5.88229e-07
5.10509 1.15625 -8.99794e-07
5.10509 1.21875 -6.45705e-07
5.10509 1.28125 -1.1832e-07
5.10509 1.34375 2.75074e-07
5.10509 1.40625 3.40318e-07
5.10509 1.46875 3.6794e-07
5.10509 1.53125 2.97597e-07
5.10509 1.59375 2.60066e-07
5.10509 1.65625 -1.88749e-08
5.10509 1.71875 -3.13736e-07
5.10509 1.78125 -1.7168e-07
5.10509 1.84375 1.30925e-07
5.10509 1.90625 1.20334e-08
5.10509 1.96875 6.20992e-09
5.89049 0.03125 3.6342e-08
5.89049 0.09375 3.41507e-08
5.89049 0.15625 -5.97786e-08
5.89049 0.21875 -2.06983e-07
5.89049 0.28125 -3.67018e-07
5.89049 0.34375 -4.17329e-07
5.89049 0.40625 -2.7178e-07
5.89049 0.46875 -5.41382e-07
5.89049 0.53125 -7.14055e-07
5.89049 0.59375 -8.95974e-07
5.89049 0.65625 -8.69663e-07
5.89049 0.71875 -7.50992e-07
5.89049 0.78125 -4.12937e-07
5.89049 0.84375 -2.28663e-07
5.89049 0.90625 -2.25928e-07
5.89049 0.96875 9.33376e-08
5.89049 1.03125 -3.34077e-08
5.89049 1.09375 -1.23484e-07
5.89049 1.15625 -3.27746e-08
5.89049 1.21875 1.40336e-07
5.89049 1.28125 1.77308e-07
5.89049 1.34375 -2.03668e-07
5.89049 1.40625 -1.47255e-07
5.89049 1.46875 1.72031e-07
5.89049 1.53125 -7.18582e-08
5.89049 1.59375 -1.05976e-07
5.89049 1.65625 -1.83859e-07
5.89049 1.71875 -2.65634e-07
5.89049 1.78125 -2.77078e-07
5.89049 1.84375 -1.85505e-07
5.89049 1.90625 1.24035e-09
5.89049 1.96875 9.42673e-09
6.67588 0.03125 -1.31194e-07
6.67588 0.09375 7.24856e-08
6.67588 0.15625 2.74437e-07
6.67588 0.21875 4.24957e-07
6.67588 0.28125 4.26117e-07
6.67588 0.34375 4.76708e-07
6.67588 0.40625 4.55929e-07
6.67588 0.46875 2.4922e-07
6.67588 0.53125 -3.42871e-08
6.67588 0.59375 -9.84313e-08
6.67588 0.65625 -4.48956e-07
6.67588 0.71875 -2.31472e-07
6.67588 0.78125 -2.2818e-07
6.67588 0.84375 1.99756e-08
6.67588 0.90625 3.53731e-07
6.67588 0.96875 3.34566e-07
6.67588 1.03125 2.10844e-07
6.67588 1.09375 3.33812e-07
6.67588 1.15625 4.12612e-07
6.67588 1.21875 2.23251e-07
6.67588 1.28125 -2.47742e-07
6.67588 1.34375 -7.7467e-07
6.67588 1.40625 -9.71072e-07
6.67588 1.46875 -1.02087e-06
6.67588 1.53125 -7.09198e-07
6.67588 1.59375 -3.81574e-07
6.67588 1.65625 -2.49305e-07
6.67588 1.71875 -8.89528e-08
6.67588 1.78125 -5.76272e-08
6.67588 1.84375 -1.51983e-07
6.67588 1.90625 2.27793e-07
6.67588 1.96875 -1.17923e-07
7.46128 0.03125 -5.79679e-08
7.46128 0.09375 5.93145e-08
7.46128 0.15625 3.59116e-08
7.46128 0.21875 1.91758e-07
7.46128 0.28125 2.43695e-07
7.46128 0.34375 1.14017e-07
7.46128 0.40625 -2.67517e-07
7.46128 0.46875 -5.79327e-08
7.46128 0.53125 1.15798e-07
7.46128 0.59375 2.1901e-07
7.46128 0.65625 3.09744e-07
7.46128 0.71875 -1.53543e-07
7.46128 0.78125 -2.62475e-07
7.46128 0.84375 -3.47373e-07
7.46128 0.90625 -1.15397e-07
7.46128 0.96875 -2.36334e-07
7.46128 1.03125 6.58912e-10
7.46128 1.09375 4.01524e-08
7.46128 1.15625 2.76352e-07
7.46128 1.21875 4.51622e-07
7.46128 1.28125 4.86833e-07
7.46128 1.34375 9.43865e-07
7.46128 1.40625 7.08774e-07
7.46128 1.46875 5.21886e-07
7.46128 1.53125 6.51309e-07
7.46128 1.59375 5.09206e-07
7.46128 1.65625 4.79195e-07
7.46128 1.71875 4.49625e-07
7.46128 1.78125 1.60036e-07
7.46128 1.84375 1.6384e-07
7.46128 1.90625 5.38691e-08
7.46128 1.96875 5.66602e-09
8.24668 0.03125 4.80593e-08
8.24668 0.09375 -7.57077e-08
8.24668 0.15625 -3.60013e-07
8.24668 0.21875 -4.76083e-07
8.24668 0.28125 -4.61227e-07
8.24668 0.34375 -6.47466e-07
8.24668 0.40625 -7.92605e-07
8.24668 0.46875 -6.77183e-07
8.24668 0.53125 -5.48472e-07
8.24668 0.59375 -4.50388e-07
8.24668 0.65625 -3.08643e-07
8.24668 0.71875 -4.70157e-07
8.24668 0.78125 4.86032e-08
8.24668 0.84375 4.95758e-08
8.24668 0.90625 -1.40459e-07
8.24668 0.96875 -1.58355e-08
8.24668 1.03125 2.30408e-07
8.24668 1.09375 1.96089e-07
8.24668 1.15625 -3.01018e-07
8.24668 1.21875 -1.39516e-07
8.24668 1.28125 3.6764e-08
8.24668 1.34375 2.98919e-07
8.24668 1.40625 8.34825e-07
8.24668 1.46875 8.38547e-07
8.24668 1.53125 7.93362e-07
8.24668 1.59375 4.15844e-07
8.24668 1.65625 5.60674e-09
8.24668 1.71875 1.15253e-07
8.24668 1.78125 1.15009e-07
8.24668 1.84375 1.04626e-07
8.24668 1.90625 -6.90462e-08
8.24668 1.96875 3.04602e-08
9.03208 0.03125 9.31883e-08
9.03208 0.09375 -2.61272e-08
9.03208 0.15625 -1.06941e-07
9.03208 0.21875 -3.23306e-07
9.03208 0.28125 -9.37371e-08
9.03208 0.34375 5.52758e-08
9.03208 0.40625 2.29715e-07
9.03208 0.46875 -6.10707e-08
9.03208 0.53125 -2.35356e-07
9.03208 0.59375 2.14499e-08
9.03208 0.65625 1.06159e-07
9.03208 0.71875 6.5848e-07
9.03208 0.78125 4.81722e-07
9.03208 0.84375 7.52498e-07
9.03208 0.90625 7.94887e-07
9.03208 0.96875 3.73621e-07
9.03208 1.03125 -4.16906e-08
9.03208 1.09375 -1.95428e-07
9.03208 1.15625 -1.34786e-07
9.03208 1.21875 -2.55522e-07
9.03208 1.28125 -5.04718e-07
9.03208 1.34375 -8.79902e-07
9.03208 1.40625 -6.43431e-07
9.03208 1.46875 -6.31956e-07
9.03208 1.53125 -5.17307e-07
9.03208 1.59375 3.64918e-10
9.03208 1.65625 -1.01866e-07
9.03208 1.71875 1.63664e-07
9.03208 1.78125 4.55633e-07
9.03208 1.84375 1.1339e-07
9.03208 1.90625 -3.29686e-08
9.03208 1.96875 -9.64241e-08
9.81748 0.03125 1.82607e-07
9.81748 0.09375 -1.44004e-07
9.81748 0.15625 1.91095e-07
9.81748 0.21875 -1.74421e-07
9.81748 0.28125 -2.33826e-07
9.81748 0.34375 -2.50369e-07
9.81748 0.40625 -7.93088e-08
9.81748 0.46875 -1.17411e-07
9.81748 0.53125 -3.80603e-09
9.81748 0.59375 -3.85381e-08
9.81748 0.65625 3.66664e-07
9.81748 0.71875 4.38383e-07
9.81748 0.78125 4.21205e-07
9.81748 0.84375 7.72879e-08
9.81748 0.90625 -3.67134e-08
9.81748 0.96875 -3.073e-07
9.81748 1.03125 -7.45002e-07
9.81748 1.09375 -6.221e-07
9.81748 1.15625 -8.56762e-08
9.81748 1.21875 -1.47681e-08
9.81748 1.28125 6.86329e-08
9.81748 1.34375 6.82196e-08
9.81748 1.40625 -4.53809e-07
9.81748 1.46875 -8.88387e-08
9.81748 1.53125 -2.8336e-07
9.81748 1.59375 1.47965e-07
9.81748 1.65625 1.48036e-07
9.81748 1.71875 -8.65168e-08
9.81748 1.78125 -3.91787e-07
9.81748 1.84375 -5.6879e-08
9.81748 1.90625 -1.20722e-07
9.81748 1.96875 1.15539e-07
10.6029 0.03125 -1.49807e-07
10.6029 0.09375 2.06891e-08
10.6029 0.15625 7.01694e-08
10.6029 0.21875 2.76023e-07
10.6029 0.28125 4.04878e-07
10.6029 0.34375 1.90345e-07
10.6029 0.40625 1.72108e-07
10.6029 0.46875 2.19167e-07
10.6029 0.53125 4.09601e-07
10.6029 0.59375 7.00527e-07
10.6029 0.65625 5.15841e-07
10.6029 0.71875 7.89085e-08
10.6029 0.78125 -3.41743e-07
10.6029 0.84375 -4.33127e-07
10.6029 0.90625 -4.95e-07
10.6029 0.96875 5.42388e-08
10.6029 1.03125 2.26187e-07
10.6029 1.09375 3.56322e-07
10.6029 1.15625 1.82238e-07
10.6029 1.21875 6.95218e-08
10.6029 1.28125 4.28782e-07
10.6029 1.34375 5.15554e-07
10.6029 1.40625 5.36433e-07
10.6029 1.46875 1.8819e-07
10.6029 1.53125 6.32997e-09
10.6029 1.59375 -3.18217e-07
10.6029 1.65625 -8.59125e-08
10.6029 1.71875 -4.56162e-08
10.6029 1.78125 5.61417e-08
10.6029 1.84375 2.15789e-07
10.6029 1.90625 1.68087e-07
10.6029 1.96875 6.82698e-08
11.3883 0.03125 -1.04302e-07
11.3883 0.09375 -2.66497e-08
11.3883 0.15625 -1.58362e-07
11.3883 0.21875 1.33859e-07
11.3883 0.28125 1.38123e-07
11.3883 0.34375 3.67912e-07
11.3883 0.40625 2.61885e-07
11.3883 0.46875 3.25794e-08
11.3883 0.53125 -4.84392e-08
11.3883 0.59375 -2.95611e-08
11.3883 0.65625 5.74024e-09
11.3883 0.71875 4.15826e-07
11.3883 0.78125 3.65176e-07
11.3883 0.84375 4.75105e-07
11.3883 0.90625 4.93114e-07
11.3883 0.96875 4.32346e-07
11.3883 1.03125 4.25055e-07
11.3883 1.09375 2.36016e-07
11.3883 1.15625 2.21209e-07
11.3883 1.21875 7.05707e-08
11.3883 1.28125 -5.80892e-08
11.3883 1.34375 1.48447e-07
11.3883 1.40625 -1.42039e-07
11.3883 1.46875 -2.75155e-07
11.3883 1.53125 7.04069e-08
11.3883 1.59375 -1.4217e-07
11.3883 1.65625 -7.03666e-09
11.3883 1.71875 -2.10555e-07
11.3883 1.78125 1.0912e-08
11.3883 1.84375 -1.40872e-07
11.3883 1.90625 -2.93082e-08
11.3883 1.96875 9.69966e-09
12.1737 0.03125 9.62798e-08
12.1737 0.09375 1.401e-07
12.1737 0.15625 -3.68608e-10
12.1737 0.21875 2.44842e-07
12.1737 0.28125 1.35722e-07
12.1737 0.34375 3.92264e-07
12.1737 0.40625 4.24195e-07
12.1737 0.46875 5.83266e-07
12.1737 0.53125 4.19927e-07
12.1737 0.59375 -3.81e-07
12.1737 0.65625 -3.99683e-07
12.1737 0.71875 -3.57575e-07
12.1737 0.78125 7.59591e-08
12.1737 0.84375 -1.71897e-08
12.1737 0.90625 -2.64037e-07
12.1737 0.96875 -3.89022e-07
12.1737 1.03125 -3.25047e-07
12.1737 1.09375 -3.05641e-07
12.1737 1.15625 -2.1701e-07
12.1737 1.21875 -4.06494e-07
12.1737 1.28125 -8.20691e-07
12.1737 1.34375 -9.16158e-07
12.1737 1.40625 -8.84271e-07
12.1737 1.46875 -5.07456e-07
12.1737 1.53125 -2.19085e-07
12.1737 1.59375 -2.25559e-07
12.1737 1.65625 -3.482e-07
12.1737 1.71875 -2.91429e-07
12.1737 1.78125 -4.37616e-07
12.1737 1.84375 -3.942e-07
12.1737 1.90625 -7.60171e-08
12.1737 1.96875 -3.72875e-08
12.9591 0.03125 -5.57654e-08
12.9591 0.09375 1.86227e-08
12.9591 0.15625 -2.04921e-07
12.9591 0.21875 -8.43001e-08
12.9591 0.28125 -7.57449e-08
12.9591 0.34375 -1.30047e-07
12.9591 0.40625 -1.16418e-07
12.9591 0.46875 -1.53038e-07
12.9591 0.53125 -1.64271e-07
12.9591 0.59375 3.18054e-07
12.9591 0.65625 1.42295e-08
12.9591 0.71875 -3.44409e-07
12.9591 0.78125 -4.3469e-07
12.9591 0.84375 -1.49311e-07
12.9591 0.90625 -2.97401e-07
12.9591 0.96875 -6.0059e-08
12.9591 1.03125 1.98338e-07
12.9591 1.09375 2.56381e-07
12.9591 1.15625 3.02777e-07
12.9591 1.21875 3.21224e-07
12.9591 1.28125 3.57719e-07
12.9591 1.34375 9.62569e-08
12.9591 1.40625 3.63066e-07
12.9591 1.46875 3.18929e-07
12.9591 1.53125 2.64887e-07
12.9591 1.59375 -9.9578e-08
12.9591 1.65625 -6.56978e-08
12.9591 1.71875 1.626e-07
12.9591 1.78125 2.76903e-07
12.9591 1.84375 2.64039e-07
12.9591 1.90625 2.58788e-07
12.9591 1.96875 -1.66686e-07
13.7445 0.03125 -1.3024e-07
13.7445 0.09375 -1.25702e-07
13.7445 0.15625 -1.36673e-07
13.7445 0.21875 -1.03105e-08
13.7445 0.28125 -2.04415e-07
13.7445 0.34375 -2.3519e-07
13.7445 0.40625 3.65103e-08
13.7445 0.46875 1.66084e-07
13.7445 0.53125 -2.69316e-08
13.7445 0.59375 1.61509e-07
13.7445 0.65625 -7.59691e-08
13.7445 0.71875 -8.10985e-08
13.7445 0.78125 -1.50381e-07
13.7445 0.84375 -2.14932e-07
13.7445 0.90625 1.63153e-07
13.7445 0.96875 4.19493e-07
13.7445 1.03125 2.64404e-07
13.7445 1.09375 2.05647e-07
13.7445 1.15625 8.39287e-08
13.7445 1.21875 1.19833e-07
13.7445 1.28125 3.83038e-07
13.7445 1.34375 2.12236e-07
13.7445 1.40625 3.57093e-07
13.7445 1.46875 1.51001e-07
13.7445 1.53125 3.55742e-07
13.7445 1.59375 2.12307e-07
13.7445 1.65625 2.78519e-07
13.7445 1.71875 1.38124e-07
13.7445 1.78125 9.52231e-08
13.7445 1.84375 3.54346e-08
13.7445 1.90625 -1.36202e-07
13.7445 1.96875 5.85989e-08
14.5299 0.03125 2.7889e-08
14.5299 0.09375 1.59665e-07
14.5299 0.15625 5.51694e-07
14.5299 0.21875 4.35669e-07
14.5299 0.28125 2.88331e-07
14.5299 0.34375 2.80982e-07
14.5299 0.40625 1.80655e-07
14.5299 0.46875 3.27309e-07
14.5299 0.53125 5.84691e-07
14.5299 0.59375 2.4329e-07
14.5299 0.65625 9.56832e-08
14.5299 0.71875 1.23792e-07
14.5299 0.78125 -3.93679e-07
14.5299 0.84375 -4.83583e-07
14.5299 0.90625 -3.83685e-07
14.5299 0.96875 -3.8405e-07
14.5299 1.03125 -3.66406e-07
14.5299 1.09375 -3.97049e-08
14.5299 1.15625 -3.43086e-07
14.5299 1.21875 -3.39218e-07
14.5299 1.28125 -4.02358e-07
14.5299 1.34375 -3.14703e-07
14.5299 1.40625 3.0968e-07
14.5299 1.46875 4.73691e-07
14.5299 1.53125 5.00675e-07
14.5299 1.59375 4.13463e-07
14.5299 1.65625 3.67886e-07
14.5299 1.71875 2.57715e-07
14.5299 1.78125 8.24212e-08
14.5299 1.84375 -2.57459e-07
14.5299 1.90625 -1.85756e-07
14.5299 1.96875 1.05032e-09
15.3153 0.03125 1.41021e-07
15.3153 0.09375 -3.06741e-08
15.3153 0.15625 1.24231e-07
15.3153 0.21875 -3.62805e-07
15.3153 0.28125 -6.26386e-09
15.3153 0.34375 -2.84177e-07
15.3153 0.40625 -5.70776e-07
15.3153 0.46875 -1.00155e-06
15.3153 0.53125 -5.44458e-07
15.3153 0.59375 -5.13974e-07
15.3153 0.65625 -3.28868e-08
15.3153 0.71875 3.6067e-08
15.3153 0.78125 6.90636e-08
15.3153 0.84375 3.28085e-07
15.3153 0.90625 1.71085e-07
15.3153 0.96875 -4.26044e-07
15.3153 1.03125 -4.75276e-07
15.3153 1.09375 -4.17133e-07
15.3153 1.15625 -2.22718e-07
15.3153 1.21875 8.41783e-08
15.3153 1.28125 -9.37554e-08
15.3153 1.34375 4.00684e-07
15.3153 1.40625 -1.22301e-07
15.3153 1.46875 2.42781e-07
15.3153 1.53125 -6.30952e-08
15.3153 1.59375 3.32905e-07
15.3153 1.65625 3.36451e-07
15.3153 1.71875 8.63122e-08
15.3153 1.78125 -1.15873e-07
15.3153 1.84375 8.21664e-08
15.3153 1.90625 2.23244e-08
15.3153 1.96875 2.47728e-08
16.1007 0.03125 -7.53744e-09
16.1007 0.09375 -7.98285e-08
16.1007 0.15625 -2.99817e-08
16.1007 0.21875 -3.13206e-07
16.1007 0.28125 1.13762e-07
16.1007 0.34375 7.50169e-08
16.1007 0.40625 2.49129e-07
16.1007 0.46875 7.21801e-08
16.1007 0.53125 -7.33878e-09
16.1007 0.59375 -1.45452e-07
16.1007 0.65625 -1.31236e-07
16.1007 0.71875 -2.41197e-07
16.1007 0.78125 -1.06938e-07
16.1007 0.84375 -1.32823e-08
16.1007 0.90625 1.42372e-07
16.1007 0.96875 2.79953e-07
16.1007 1.03125 -6.85242e-08
16.1007 1.09375 5.07273e-08
16.1007 1.15625 1.1415e-07
16.1007 1.21875 -5.32529e-08
16.1007 1.28125 6.50999e-09
16.1007 1.34375 6.35854e-08
16.1007 1.40625 -1.41005e-07
16.1007 1.46875 -5.10546e-07
16.1007 1.53125 -6.16774e-07
16.1007 1.59375 -3.69635e-07
16.1007 1.65625 -5.72107e-07
16.1007 1.71875 -4.25103e-07
16.1007 1.78125 -3.29092e-07
16.1007 1.84375 1.53039e-07
16.1007 1.90625 -1.71335e-08
16.1007 1.96875 1.25162e-07
16.8861 0.03125 -6.69938e-08
16.8861 0.09375 1.07976e-07
16.8861 0.15625 -9.43158e-08
16.8861 0.21875 2.39807e-07
16.8861 0.28125 -8.7607e-08
16.8861 0.34375 -1.6055e-07
16.8861 0.40625 -2.73138e-07
16.8861 0.46875 1.17878e-07
16.8861 0.53125 2.70109e-07
16.8861 0.59375 3.07016e-07
16.8861 0.65625 1.22987e-07
16.8861 0.71875 -4.36811e-08
16.8861 0.78125 2.74877e-07
16.8861 0.84375 1.5918e-08
16.8861 0.90625 -9.8655e-08
16.8861 0.96875 2.60163e-07
16.8861 1.03125 2.12481e-07
16.8861 1.09375 -4.79245e-08
16.8861 1.15625 -2.33038e-07
16.8861 1.21875 2.32002e-07
16.8861 1.28125 3.99755e-07
16.8861 1.34375 1.79851e-07
16.8861 1.40625 1.90427e-07
16.8861 1.46875 -4.17654e-08
16.8861 1.53125 -1.09882e-07
16.8861 1.59375 -5.01834e-07
16.8861 1.65625 -5.13678e-07
16.8861 1.71875 -2.534e-07
16.8861 1.78125 -1.46873e-07
16.8861 1.84375 -3.91092e-07
16.8861 1.90625 4.6033e-08
16.8861 1.96875 -1.43392e-07
17.6715 0.03125 -2.09522e-08
17.6715 0.09375 -5.27245e-08
17.6715 0.15625 -3.36622e-07
17.6715 0.21875 -1.08538e-07
17.6715 0.28125 -6.6154e-08
17.6715 0.34375 1.54506e-07
17.6715 0.40625 1.7701e-07
17.6715 0.46875 1.89755e-07
17.6715 0.53125 -4.79185e-08
17.6715 0.59375 8.73332e-08
17.6715 0.65625 1.0923e-07
17.6715 0.71875 1.55934e-07
17.6715 0.78125 2.01708e-07
17.6715 0.84375 2.21858e-07
17.6715 0.90625 3.59946e-09
17.6715 0.96875 -5.85837e-08
17.6715 1.03125 3.90844e-07
17.6715 1.09375 -9.96707e-08
17.6715 1.15625 -1.45538e-07
17.6715 1.21875 -3.15487e-07
17.6715 1.28125 -3.3653e-07
17.6715 1.34375 1.79636e-08
17.6715 1.40625 -1.07628e-07
17.6715 1.46875 1.12783e-07
17.6715 1.53125 -3.32356e-08
17.6715 1.59375 1.90699e-08
17.6715 1.65625 1.65044e-07
17.6715 1.71875 1.09762e-07
17.6715 1.78125 3.77815e-07
17.6715 1.84375 6.82265e-08
17.6715 1.90625 1.50239e-07
17.6715 1.96875 -2.89044e-08
18.4569 0.03125 6.1404e-08
18.4569 0.09375 -1.65021e-07
18.4569 0.15625 2.58126e-07
18.4569 0.21875 -6.66357e-08
18.4569 0.28125 -1.59529e-07
18.4569 0.34375 7.62239e-08
18.4569 0.40625 3.15928e-07
18.4569 0.46875 3.30191e-07
18.4569 0.53125 2.52071e-07
18.4569 0.59375 8.86799e-08
18.4569 0.65625 2.20064e-07
18.4569 0.71875 3.21464e-07
18.4569 0.78125 1.59146e-07
18.4569 0.84375 3.84254e-07
18.4569 0.90625 2.47585e-07
18.4569 0.96875 -1.05613e-08
18.4569 1.03125 2.59682e-07
18.4569 1.09375 4.80108e-07
18.4569 1.15625 3.36493e-07
18.4569 1.21875 -3.31034e-07
18.4569 1.28125 -2.21303e-07
18.4569 1.34375 -4.10546e-07
18.4569 1.40625 -7.29667e-08
18.4569 1.46875 1.96268e-07
18.4569 1.53125 1.11696e-07
18.4569 1.59375 5.47248e-07
18.4569 1.65625 5.59931e-07
18.4569 1.71875 6.66257e-07
18.4569 1.78125 5.52389e-07
18.4569 1.84375 5.71808e-07
18.4569 1.90625 -1.27766e-07
18.4569 1.96875 1.24139e-07
19.2423 0.03125 -7.55115e-08
19.2423 0.09375 2.91442e-07
19.2423 0.15625 2.12424e-07
19.2423 0.21875 3.33245e-07
19.2423 0.28125 3.94539e-07
19.2423 0.34375 2.5148e-07
19.2423 0.40625 -9.67463e-08
19.2423 0.46875 -1.74872e-07
19.2423 0.53125 6.60992e-08
19.2423 0.59375 -1.34241e-07
19.2423 0.65625 -3.05447e-07
19.2423 0.71875 -2.1701e-07
19.2423 0.78125 1.49709e-07
19.2423 0.84375 -1.60341e-07
19.2423 0.90625 1.0132e-07
19.2423 0.96875 -1.80944e-08
19.2423 1.03125 -4.43686e-07
19.2423 1.09375 -6.08403e-07
19.2423 1.15625 -5.75567e-07
19.2423 1.21875 -2.75885e-07
19.2423 1.28125 -2.25519e-07
19.2423 1.34375 -4.07621e-07
19.2423 1.40625 -6.05456e-07
19.2423 1.46875 -5.08581e-07
19.2423 1.53125 -2.21694e-07
19.2423 1.59375 -2.89463e-07
19.2423 1.65625 -4.17825e-07
19.2423 1.71875 -2.81611e-07
19.2423 1.78125 -2.2097e-07
19.2423 1.84375 2.86898e-08
19.2423 1.90625 7.27402e-08
19.2423 1.96875 -4.33202e-08
20.0277 0.03125 1.16841e-07
20.0277 0.09375 -1.09515e-07
20.0277 0.15625 7.93064e-08
20.0277 0.21875 -3.50584e-08
20.0277 0.28125 4.76087e-08
20.0277 0.34375 -3.44358e-07
20.0277 0.40625 -2.68374e-07
20.0277 0.46875 -5.6323e-07
20.0277 0.53125 -7.05573e-07
20.0277 0.59375 -2.81635e-07
20.0277 0.65625 -2.48731e-07
20.0277 0.71875 -1.80408e-07
20.0277 0.78125 -1.83842e-07
20.0277 0.84375 -7.8788e-08
20.0277 0.90625 2.70899e-07
20.0277 0.96875 4.23936e-07
20.0277 1.03125 1.94505e-07
20.0277 1.09375 1.82856e-07
20.0277 1.15625 1.42682e-07
20.0277 1.21875 4.6559e-07
20.0277 1.28125 1.78298e-08
20.0277 1.34375 2.66974e-07
20.0277 1.40625 -8.18031e-08
20.0277 1.46875 -1.93511e-07
20.0277 1.53125 -2.91128e-07
20.0277 1.59375 -5.03486e-07
20.0277 1.65625 -6.14296e-07
20.0277 1.71875 -6.95686e-07
20.0277 1.78125 -5.39061e-07
20.0277 1.84375 -3.95372e-07
20.0277 1.90625 8.98582e-08
20.0277 1.96875 -3.6304e-08
20.8131 0.03125 9.68706e-08
20.8131 0.09375 -2.12647e-07
20.8131 0.15625 -2.12533e-07
20.8131 0.21875 -5.10965e-07
20.8131 0.28125 -6.25551e-07
20.8131 0.34375 -7.38458e-07
20.8131 0.40625 -5.35445e-07
20.8131 0.46875 -2.24339e-07
20.8131 0.53125 -1.53743e-07
20.8131 0.59375 -1.67603e-08
20.8131 0.65625 1.13339e-08
20.8131 0.71875 -5.28474e-08
20.8131 0.78125 -4.29041e-07
20.8131 0.84375 -1.37569e-07
20.8131 0.90625 -1.06814e-07
20.8131 0.96875 1.09965e-07
20.8131 1.03125 2.6424e-07
20.8131 1.09375 2.77126e-07
20.8131 1.15625 3.20637e-07
20.8131 1.21875 1.88979e-07
20.8131 1.28125 3.43006e-07
20.8131 1.34375 3.0493e-07
20.8131 1.40625 7.31008e-07
20.8131 1.46875 6.74624e-07
20.8131 1.53125 5.48841e-07
20.8131 1.59375 6.82921e-07
20.8131 1.65625 8.89011e-07
20.8131 1.71875 7.97951e-07
20.8131 1.78125 1.51473e-07
20.8131 1.84375 -1.20541e-07
20.8131 1.90625 -2.66919e-07
20.8131 1.96875 1.02784e-07
21.5984 0.03125 -7.77253e-08
21.5984 0.09375 1.74519e-08
21.5984 0.15625 -4.84368e-07
21.5984 0.21875 -4.65312e-07
21.5984 0.28125 -4.41773e-07
21.5984 0.34375 -1.48075e-08
21.5984 0.40625 -1.41583e-07
21.5984 0.46875 -9.58538e-08
21.5984 0.53125 -2.45486e-07
21.5984 0.59375 -4.70381e-07
21.5984 0.65625 -5.47947e-07
21.5984 0.71875 -8.15849e-07
21.5984 0.78125 -1.0211e-06
21.5984 0.84375 -1.38741e-06
21.5984 0.90625 -1.33578e-06
21.5984 0.96875 -1.0313e-06
21.5984 1.03125 -6.88894e-07
21.5984 1.09375 -2.92334e-07
21.5984 1.15625 3.78746e-09
21.5984 1.21875 -2.46008e-07
21.5984 1.28125 2.14104e-07
21.5984 1.34375 5.1989e-08
21.5984 1.40625 4.08845e-08
21.5984 1.46875 -2.08688e-07
21.5984 1.53125 -1.96045e-07
21.5984 1.59375 2.92426e-08
21.5984 1.65625 1.8624e-07
21.5984 1.71875 1.87176e-07
21.5984 1.78125 2.2822e-07
21.5984 1.84375 2.94716e-07
21.5984 1.90625 6.69395e-08
21.5984 1.96875 6.67598e-08
22.3838 0.03125 -4.944e-08
22.3838 0.09375 2.90099e-07
22.3838 0.15625 3.59006e-07
22.3838 0.21875 4.84529e-07
22.3838 0.28125 5.75845e-08
22.3838 0.34375 2.2921e-08
22.3838 0.40625 -2.43819e-07
22.3838 0.46875 -3.66194e-07
22.3838 0.53125 -8.79297e-07
22.3838 0.59375 -8.17478e-07
22.3838 0.65625 -3.44438e-07
22.3838 0.71875 -1.71641e-07
22.3838 0.78125 2.08531e-07
22.3838 0.84375 2.15022e-08
22.3838 0.90625 -1.45381e-07
22.3838 0.96875 -1.32669e-07
22.3838 1.03125 -8.51436e-08
22.3838 1.09375 9.89154e-08
22.3838 1.15625 3.63037e-07
22.3838 1.21875 7.30208e-07
22.3838 1.28125 5.94971e-07
22.3838 1.34375 4.37591e-07
22.3838 1.40625 1.40147e-07
22.3838 1.46875 -9.63755e-08
22.3838 1.53125 -2.56648e-07
22.3838 1.59375 -7.11237e-07
22.3838 1.65625 -8.27266e-07
22.3838 1.71875 -7.02775e-07
22.3838 1.78125 -1.12021e-07
22.3838 1.84375 -1.20773e-07
22.3838 1.90625 1.02673e-07
22.3838 1.96875 -1.23971e-07
23.1692 0.03125 -9.82257e-08
23.1692 0.09375 2.16372e-07
23.1692 0.15625 4.42899e-07
23.1692 0.21875 7.69057e-07
23.1692 0.28125 6.90636e-07
23.1692 0.34375 7.74936e-07
23.1692 0.40625 6.39318e-07
23.1692 0.46875 4.64377e-07
23.1692 0.53125 5.64475e-07
23.1692 0.59375 7.81702e-07
23.1692 0.65625 6.44298e-07
23.1692 0.71875 1.19731e-06
23.1692 0.78125 1.03891e-06
23.1692 0.84375 1.11395e-06
23.1692 0.90625 9.58965e-07
23.1692 0.96875 7.73211e-07
23.1692 1.03125 7.52608e-07
23.1692 1.09375 5.50408e-07
23.1692 1.15625 6.69291e-07
23.1692 1.21875 3.9174e-07
23.1692 1.28125 3.93712e-07
23.1692 1.34375 2.40503e-07
23.1692 1.40625 1.917e-07
23.1692 1.46875 8.33045e-08
23.1692 1.53125 2.89007e-07
23.1692 1.59375 1.07706e-08
23.1692 1.65625 2.46592e-07
23.1692 1.71875 1.66877e-07
23.1692 1.78125 -4.93341e-08
23.1692 1.84375 -5.62453e-08
23.1692 1.90625 -2.83106e-08
23.1692 1.96875 -8.93911e-08
23.9546 0.03125 1.0199e-07
23.9546 0.09375 -3.09745e-07
23.9546 0.15625 -4.23252e-07
23.9546 0.21875 -5.88513e-07
23.9546 0.28125 -9.24574e-08
23.9546 0.34375 -1.90058e-07
23.9546 0.40625 1.4295e-07
23.9546 0.46875 2.21297e-07
23.9546 0.53125 8.50371e-07
23.9546 0.59375 5.82827e-07
23.9546 0.65625 4.30438e-07
23.9546 0.71875 3.44124e-07
23.9546 0.78125 2.07528e-07
23.9546 0.84375 2.2766e-07
23.9546 0.90625 3.02475e-07
23.9546 0.96875 -1.76805e-08
23.9546 1.03125 -8.33266e-08
23.9546 1.09375 6.76956e-08
23.9546 1.15625 -3.12959e-07
23.9546 1.21875 -7.1182e-07
23.9546 1.28125 -1.12345e-06
23.9546 1.34375 -8.03179e-07
23.9546 1.40625 -7.71411e-07
23.9546 1.46875 -1.53825e-07
23.9546 1.53125 9.92381e-08
23.9546 1.59375 7.14617e-07
23.9546 1.65625 5.78818e-07
23.9546 1.71875 5.12437e-07
23.9546 1.78125 2.25605e-07
23.9546 1.84375 6.45599e-08
23.9546 1.90625 -8.54715e-08
23.9546 1.96875 6.41252e-08
24.74 0.03125 -1.29374e-08
24.74 0.09375 6.86301e-08
24.74 0.15625 6.94462e-08
24.74 0.21875 5.76311e-08
24.74 0.28125 3.40773e-07
24.74 0.34375 4.68262e-07
24.74 0.40625 5.19654e-07
24.74 0.46875 6.02799e-07
24.74 0.53125 3.94124e-07
24.74 0.59375 4.61031e-07
24.74 0.65625 4.90157e-07
24.74 0.71875 2.92605e-07
24.74 0.78125 1.41855e-07
24.74 0.84375 1.86454e-07
24.74 0.90625 4.56571e-07
24.74 0.96875 1.87986e-07
24.74 1.03125 2.55128e-07
24.74 1.09375 -2.08991e-07
24.74 1.15625 -5.04558e-07
24.74 1.21875 -7.98959e-08
24.74 1.28125 -1.58125e-07
24.74 1.34375 -1.5124e-07
24.74 1.40625 1.68457e-07
24.74 1.46875 2.90241e-07
24.74 1.53125 1.17288e-07
24.74 1.59375 -8.42019e-09
24.74 1.65625 -2.34962e-07
24.74 1.71875 -6.01499e-08
24.74 1.78125 1.15863e-07
24.74 1.84375 6.28079e-08
24.74 1.90625 -1.28965e-08
24.74 1.96875 -1.34609e-08
