0.392699 0.03125 -5.06537e-08
0.392699 0.09375 -1.74355e-07
0.392699 0.15625 -8.86728e-08
0.392699 0.21875 1.71563e-07
0.392699 0.28125 -1.43868e-07
0.392699 0.34375 1.45996e-07
0.392699 0.40625 1.67406e-07
0.392699 0.46875 3.86436e-07
0.392699 0.53125 -1.74336e-09
0.392699 0.59375 1.28434e-07
0.392699 0.65625 2.83154e-07
0.392699 0.71875 3.25752e-07
0.392699 0.78125 5.25799e-07
0.392699 0.84375 7.29823e-07
0.392699 0.90625 3.52628e-07
0.392699 0.96875 5.46948e-07
0.392699 1.03125 3.49777e-07
0.392699 1.09375 2.79486e-07
0.392699 1.15625 3.01469e-07
0.392699 1.21875 5.41044e-07
0.392699 1.28125 8.06188e-07
0.392699 1.34375 4.91158e-07
0.392699 1.40625 5.33375e-07
0.392699 1.46875 8.04957e-08
0.392699 1.53125 2.38828e-07
0.392699 1.59375 -1.04059e-07
0.392699 1.65625 2.25917e-07
0.392699 1.71875 1.55073e-07
0.392699 1.78125 2.20734e-07
0.392699 1.84375 1.88885e-07
0.392699 1.90625 1.90676e-07
0.392699 1.96875 -3.28288e-08
1.1781 0.03125 -7.60298e-08
1.1781 0.09375 -2.49863e-08
1.1781 0.15625 -2.3825e-07
1.1781 0.21875 -1.00167e-07
1.1781 0.28125 -4.96791e-07
1.1781 0.34375 -6.97778e-07
1.1781 0.40625 -7.66882e-07
1.1781 0.46875 -6.13046e-07
1.1781 0.53125 -2.7148e-07
1.1781 0.59375 -2.02722e-07
1.1781 0.65625 -2.12883e-07
1.1781 0.71875 -5.16834e-08
1.1781 0.78125 2.40961e-07
1.1781 0.84375 -1.67251e-07
1.1781 0.90625 -5.15809e-07
1.1781 0.96875 -3.59281e-07
1.1781 1.03125 -3.17022e-07
1.1781 1.09375 3.17899e-07
1.1781 1.15625 4.88074e-07
1.1781 1.21875 2.04864e-07
1.1781 1.28125 8.45969e-08
1.1781 1.34375 2.88638e-07
1.1781 1.40625 2.4251e-07
1.1781 1.46875 -4.12946e-08
1.1781 1.53125 -4.77502e-08
1.1781 1.59375 -8.98084e-08
1.1781 1.65625 -2.30871e-07
1.1781 1.71875 -3.94226e-07
1.1781 1.78125 -2.80716e-07
1.1781 1.84375 -3.61271e-07
1.1781 1.90625 4.37776e-08
1.1781 1.96875 -4.99725e-08
1.9635 0.03125 -7.86935e-09
1.9635 0.09375 2.49625e-07
1.9635 0.15625 2.54902e-07
1.9635 0.21875 6.29803e-08
1.9635 0.28125 3.63784e-07
1.9635 0.34375 3.95664e-07
1.9635 0.40625 4.57017e-07
1.9635 0.46875 9.15138e-08
1.9635 0.53125 2.6741e-07
1.9635 0.59375 1.03475e-07
1.9635 0.65625 -9.74257e-08
1.9635 0.71875 -3.44773e-07
1.9635 0.78125 -6.81886e-07
1.9635 0.84375 -7.12983e-07
1.9635 0.90625 -7.79126e-07
1.9635 0.96875 -6.27835e-07
1.9635 1.03125 -3.40064e-07
1.9635 1.09375 -3.86598e-07
1.9635 1.15625 -9.01539e-08
1.9635 1.21875 -1.00141e-07
1.9635 1.28125 -9.23306e-08
1.9635 1.34375 3.42367e-08
1.9635 1.40625 -9.4585e-08
1.9635 1.46875 -4.16283e-08
1.9635 1.53125 -5.89059e-07
1.9635 1.59375 -5.77747e-07
1.9635 1.65625 -6.40318e-07
1.9635 1.71875 -4.88521e-07
1.9635 1.78125 -2.82473e-07
1.9635 1.84375 -1.91421e-07
1.9635 1.90625 -1.88646e-07
1.9635 1.96875 9.35886e-08
2.74889 0.03125 1.11141e-07
2.74889 0.09375 -1.91555e-07
2.74889 0.15625 -3.27515e-08
2.74889 0.21875 -6.21232e-08
2.74889 0.28125 6.86411e-08
2.74889 0.34375 -2.23017e-08
2.74889 0.40625 2.53694e-07
2.74889 0.46875 2.40812e-07
2.74889 0.53125 -1.30314e-07
2.74889 0.59375 -3.68624e-07
2.74889 0.65625 -5.35032e-07
2.74889 0.71875 -7.7735e-07
2.74889 0.78125 -3.73797e-07
2.74889 0.84375 1.66827e-07
2.74889 0.90625 5.69396e-07
2.74889 0.96875 3.78728e-07
2.74889 1.03125 -1.0488e-07
2.74889 1.09375 -4.84496e-07
2.74889 1.15625 -4.92529e-07
2.74889 1.21875 -1.63717e-07
2.74889 1.28125 -6.61545e-09
2.74889 1.34375 -1.7813e-08
2.74889 1.40625 1.13747e-07
2.74889 1.46875 4.58399e-07
2.74889 1.53125 5.51948e-07
2.74889 1.59375 4.9394e-07
2.74889 1.65625 3.34175e-07
2.74889 1.71875 3.66367e-07
2.74889 1.78125 2.09521e-07
2.74889 1.84375 4.08075e-07
2.74889 1.90625 1.32095e-09
2.74889 1.96875 9.94369e-08
3.53429 0.03125 -7.60983e-08
3.53429 0.09375 -8.43424e-08
3.53429 0.15625 -3.65913e-07
3.53429 0.21875 -9.6973e-08
3.53429 0.28125 -1.66439e-07
3.53429 0.34375 -1.12124e-07
3.53429 0.40625 -1.88917e-07
3.53429 0.46875 -1.16412e-07
3.53429 0.53125 2.78978e-08
3.53429 0.59375 1.20641e-07
3.53429 0.65625 2.4637e-07
3.53429 0.71875 3.29028e-07
3.53429 0.78125 2.77138e-07
3.53429 0.84375 2.27456e-07
3.53429 0.90625 5.65911e-07
3.53429 0.96875 4.92339e-07
3.53429 1.03125 5.3543e-07
3.53429 1.09375 5.46626e-07
3.53429 1.15625 6.68147e-07
3.53429 1.21875 5.22599e-07
3.53429 1.28125 3.64757e-07
3.53429 1.34375 8.2103e-08
3.53429 1.40625 3.24055e-08
3.53429 1.46875 -1.36195e-07
3.53429 1.53125 -7.507e-08
3.53429 1.59375 7.26528e-08
3.53429 1.65625 3.91496e-07
3.53429 1.71875 4.6488e-07
3.53429 1.78125 1.10468e-07
3.53429 1.84375 4.1224e-08
3.53429 1.90625 -4.24894e-08
3.53429 1.96875 -4.48833e-08
4.31969 0.03125 1.58172e-09
4.31969 0.09375 2.70343e-08
4.31969 0.15625 7.59344e-08
4.31969 0.21875 -1.34126e-07
4.31969 0.28125 -7.87112e-08
4.31969 0.34375 1.18588e-07
4.31969 0.40625 -2.59921e-08
4.31969 0.46875 1.94862e-07
4.31969 0.53125 4.15304e-07
4.31969 0.59375 3.81851e-07
4.31969 0.65625 5.16657e-07
4.31969 0.71875 6.41678e-07
4.31969 0.78125 2.51147e-07
4.31969 0.84375 -6.41037e-08
4.31969 0.90625 -5.45522e-07
4.31969 0.96875 -4.79467e-07
4.31969 1.03125 -1.24132e-07
4.31969 1.09375 -4.0114e-08
4.31969 1.15625 -2.96031e-07
4.31969 1.21875 -6.08647e-07
4.31969 1.28125 -7.05312e-07
4.31969 1.34375 -5.23331e-07
4.31969 1.40625 -5.8145e-07
4.31969 1.46875 -6.67894e-07
4.31969 1.53125 -5.66281e-07
4.31969 1.59375 -3.99959e-07
4.31969 1.65625 -1.25845e-07
4.31969 1.71875 -2.13043e-07
4.31969 1.78125 -2.63965e-08
4.31969 1.84375 -1.54454e-07
4.31969 1.90625 -7.02786e-08
4.31969 1.96875 -1.92234e-09
5.10509 0.03125 1.18142e-07
5.10509 0.09375 8.94565e-08
5.10509 0.15625 3.39429e-07
5.10509 0.21875 2.73417e-07
5.10509 0.28125 9.001e-08
5.10509 0.34375 -1.049e-07
5.10509 0.40625 -4.15055e-08
5.10509 0.46875 2.45589e-07
5.10509 0.53125 1.09441e-07
5.10509 0.59375 1.56697e-07
5.10509 0.65625 8.62875e-08
5.10509 0.71875 -4.73497e-08
5.10509 0.78125 -1.20524e-07
5.10509 0.84375 -3.94925e-07
5.10509 0.90625 -4.1823e-07
5.10509 0.96875 -5.81961e-07
5.10509 1.03125 -5.07187e-07
5.10509 1.09375 -5.89485e-07
5.10509 1.15625 -8.75574e-07
5.10509 1.21875 -6.47566e-07
5.10509 1.28125 -1.43544e-07
5.10509 1.34375 2.53266e-07
5.10509 1.40625 3.24182e-07
5.10509 1.46875 3.40092e-07
5.10509 1.53125 2.83747e-07
5.10509 1.59375 2.425e-07
5.10509 1.65625 -1.66311e-08
5.10509 1.71875 -2.90631e-07
5.10509 1.78125 -1.57008e-07
5.10509 1.84375 1.1295e-07
5.10509 1.90625 1.51539e-08
5.10509 1.96875 5.84218e-09
5.89049 0.03125 3.53697e-08
5.89049 0.09375 2.65594e-08
5.89049 0.15625 -6.17611e-08
5.89049 0.21875 -2.12364e-07
5.89049 0.28125 -3.68859e-07
5.89049 0.34375 -4.21697e-07
5.89049 0.40625 -2.98662e-07
5.89049 0.46875 -5.3392e-07
5.89049 0.53125 -7.04629e-07
5.89049 0.59375 -8.7452e-07
5.89049 0.65625 -8.44395e-07
5.89049 0.71875 -7.3136e-07
5.89049 0.78125 -4.13207e-07
5.89049 0.84375 -2.47351e-07
5.89049 0.90625 -2.3451e-07
5.89049 0.96875 4.74818e-08
5.89049 1.03125 -5.31173e-08
5.89049 1.09375 -1.42078e-07
5.89049 1.15625 -6.88727e-08
5.89049 1.21875 1.06587e-07
5.89049 1.28125 1.60422e-07
5.89049 1.34375 -1.55817e-07
5.89049 1.40625 -9.72998e-08
5.89049 1.46875 1.86647e-07
5.89049 1.53125 -3.5939e-08
5.89049 1.59375 -8.77759e-08
5.89049 1.65625 -1.75871e-07
5.89049 1.71875 -2.6341e-07
5.89049 1.78125 -2.7182e-07
5.89049 1.84375 -1.72255e-07
5.89049 1.90625 -1.15734e-08
5.89049 1.96875 1.06275e-08
6.67588 0.03125 -1.07343e-07
6.67588 0.09375 7.09872e-08
6.67588 0.15625 2.68676e-07
6.67588 0.21875 4.05045e-07
6.67588 0.28125 4.11543e-07
6.67588 0.34375 4.56324e-07
6.67588 0.40625 4.44605e-07
6.67588 0.46875 2.2953e-07
6.67588 0.53125 -4.81023e-08
6.67588 0.59375 -1.4278e-07
6.67588 0.65625 -4.57491e-07
6.67588 0.71875 -2.58319e-07
6.67588 0.78125 -2.21948e-07
6.67588 0.84375 2.51999e-08
6.67588 0.90625 3.3331e-07
6.67588 0.96875 3.34183e-07
6.67588 1.03125 2.16721e-07
6.67588 1.09375 3.21406e-07
6.67588 1.15625 3.86164e-07
6.67588 1.21875 1.98698e-07
6.67588 1.28125 -2.62226e-07
6.67588 1.34375 -7.88136e-07
6.67588 1.40625 -9.82941e-07
6.67588 1.46875 -1.00838e-06
6.67588 1.53125 -7.23339e-07
6.67588 1.59375 -4.03552e-07
6.67588 1.65625 -2.67185e-07
6.67588 1.71875 -1.13987e-07
6.67588 1.78125 -7.81952e-08
6.67588 1.84375 -1.41579e-07
6.67588 1.90625 1.92021e-07
6.67588 1.96875 -9.53207e-08
7.46128 0.03125 -5.08626e-08
7.46128 0.09375 5.65838e-08
7.46128 0.15625 5.49956e-08
7.46128 0.21875 2.0587e-07
7.46128 0.28125 2.54508e-07
7.46128 0.34375 1.30639e-07
7.46128 0.40625 -2.10682e-07
7.46128 0.46875 -3.61027e-08
7.46128 0.53125 1.21664e-07
7.46128 0.59375 2.22816e-07
7.46128 0.65625 2.7881e-07
7.46128 0.71875 -1.32147e-07
7.46128 0.78125 -2.65713e-07
7.46128 0.84375 -3.30665e-07
7.46128 0.90625 -1.13241e-07
7.46128 0.96875 -2.09234e-07
7.46128 1.03125 -7.46408e-09
7.46128 1.09375 5.28645e-08
7.46128 1.15625 2.91777e-07
7.46128 1.21875 4.51424e-07
7.46128 1.28125 4.90039e-07
7.46128 1.34375 8.75388e-07
7.46128 1.40625 6.53255e-07
7.46128 1.46875 4.77858e-07
7.46128 1.53125 5.92673e-07
7.46128 1.59375 4.84421e-07
7.46128 1.65625 4.65398e-07
7.46128 1.71875 4.26292e-07
7.46128 1.78125 1.63463e-07
7.46128 1.84375 1.49111e-07
7.46128 1.90625 6.0216e-08
7.46128 1.96875 5.98336e-10
8.24668 0.03125 3.58521e-08
8.24668 0.09375 -7.74939e-08
8.24668 0.15625 -3.45848e-07
8.24668 0.21875 -4.52949e-07
8.24668 0.28125 -4.58813e-07
8.24668 0.34375 -6.3893e-07
8.24668 0.40625 -7.89407e-07
8.24668 0.46875 -6.72209e-07
8.24668 0.53125 -5.38232e-07
8.24668 0.59375 -4.3694e-07
8.24668 0.65625 -3.11415e-07
8.24668 0.71875 -4.58806e-07
8.24668 0.78125 3.18896e-09
8.24668 0.84375 9.42492e-09
8.24668 0.90625 -1.51357e-07
8.24668 0.96875 -2.35016e-08
8.24668 1.03125 2.21689e-07
8.24668 1.09375 1.85481e-07
8.24668 1.15625 -2.57458e-07
8.24668 1.21875 -1.16802e-07
8.24668 1.28125 7.24737e-08
8.24668 1.34375 3.5913e-07
8.24668 1.40625 8.47767e-07
8.24668 1.46875 8.61533e-07
8.24668 1.53125 8.05822e-07
8.24668 1.59375 4.26531e-07
8.24668 1.65625 4.48107e-08
8.24668 1.71875 1.18614e-07
8.24668 1.78125 1.10118e-07
8.24668 1.84375 9.75818e-08
8.24668 1.90625 -5.44871e-08
8.24668 1.96875 2.56437e-08
9.03208 0.03125 7.64683e-08
9.03208 0.09375 -2.4502e-08
9.03208 0.15625 -1.22146e-07
9.03208 0.21875 -3.09423e-07
9.03208 0.28125 -1.02238e-07
9.03208 0.34375 4.28804e-08
9.03208 0.40625 1.88057e-07
9.03208 0.46875 -7.18151e-08
9.03208 0.53125 -2.28992e-07
9.03208 0.59375 4.63025e-09
9.03208 0.65625 1.06271e-07
9.03208 0.71875 5.98828e-07
9.03208 0.78125 4.8609e-07
9.03208 0.84375 7.37178e-07
9.03208 0.90625 7.67453e-07
9.03208 0.96875 3.81406e-07
9.03208 1.03125 -4.01984e-10
9.03208 1.09375 -1.59995e-07
9.03208 1.15625 -1.43101e-07
9.03208 1.21875 -2.59342e-07
9.03208 1.28125 -5.03514e-07
9.03208 1.34375 -8.3673e-07
9.03208 1.40625 -6.11229e-07
9.03208 1.46875 -5.93933e-07
9.03208 1.53125 -4.6523e-07
9.03208 1.59375 -1.47671e-08
9.03208 1.65625 -8.64294e-08
9.03208 1.71875 1.71621e-07
9.03208 1.78125 4.40534e-07
9.03208 1.84375 1.27414e-07
9.03208 1.90625 -2.50992e-08
9.03208 1.96875 -8.28564e-08
9.81748 0.03125 1.53522e-07
9.81748 0.09375 -1.16739e-07
9.81748 0.15625 1.52583e-07
9.81748 0.21875 -1.74641e-07
9.81748 0.28125 -2.44695e-07
9.81748 0.34375 -2.42794e-07
9.81748 0.40625 -8.77889e-08
9.81748 0.46875 -1.14988e-07
9.81748 0.53125 -2.87314e-08
9.81748 0.59375 -3.7803e-08
9.81748 0.65625 3.37129e-07
9.81748 0.71875 4.49314e-07
9.81748 0.78125 4.30726e-07
9.81748 0.84375 1.24665e-07
9.81748 0.90625 -5.62939e-09
9.81748 0.96875 -3.02206e-07
9.81748 1.03125 -7.26278e-07
9.81748 1.09375 -6.18061e-07
9.81748 1.15625 -1.16478e-07
9.81748 1.21875 -2.96071e-08
9.81748 1.28125 3.41452e-08
9.81748 1.34375 1.44266e-09
9.81748 1.40625 -4.50597e-07
9.81748 1.46875 -1.39682e-07
9.81748 1.53125 -2.71891e-07
9.81748 1.59375 1.29549e-07
9.81748 1.65625 1.35203e-07
9.81748 1.71875 -8.8277e-08
9.81748 1.78125 -3.50971e-07
9.81748 1.84375 -7.59899e-08
9.81748 1.90625 -1.08611e-07
9.81748 1.96875 9.05378e-08
10.6029 0.03125 -1.1907e-07
10.6029 0.09375 1.50611e-08
10.6029 0.15625 8.86258e-08
10.6029 0.21875 2.65698e-07
10.6029 0.28125 3.84154e-07
10.6029 0.34375 1.84001e-07
10.6029 0.40625 1.71224e-07
10.6029 0.46875 2.21546e-07
10.6029 0.53125 4.16192e-07
10.6029 0.59375 6.77495e-07
10.6029 0.65625 5.15165e-07
10.6029 0.71875 8.21033e-08
10.6029 0.78125 -3.23247e-07
10.6029 0.84375 -4.39183e-07
10.6029 0.90625 -4.79444e-07
10.6029 0.96875 1.75506e-08
10.6029 1.03125 1.88196e-07
10.6029 1.09375 3.15702e-07
10.6029 1.15625 1.73087e-07
10.6029 1.21875 8.77045e-08
10.6029 1.28125 4.1761e-07
10.6029 1.34375 5.07116e-07
10.6029 1.40625 5.07522e-07
10.6029 1.46875 1.97938e-07
10.6029 1.53125 -1.02125e-08
10.6029 1.59375 -2.85474e-07
10.6029 1.65625 -9.33301e-08
10.6029 1.71875 -4.28407e-08
10.6029 1.78125 4.13425e-08
10.6029 1.84375 2.02817e-07
10.6029 1.90625 1.53645e-07
10.6029 1.96875 6.4085e-08
11.3883 0.03125 -9.08352e-08
11.3883 0.09375 -3.25407e-08
11.3883 0.15625 -1.35538e-07
11.3883 0.21875 1.25817e-07
11.3883 0.28125 1.53164e-07
11.3883 0.34375 3.49059e-07
11.3883 0.40625 2.49325e-07
11.3883 0.46875 3.27521e-08
11.3883 0.53125 -4.10439e-08
11.3883 0.59375 2.14351e-09
11.3883 0.65625 4.72478e-08
11.3883 0.71875 4.0652e-07
11.3883 0.78125 3.56911e-07
11.3883 0.84375 4.54188e-07
11.3883 0.90625 4.78303e-07
11.3883 0.96875 4.42682e-07
11.3883 1.03125 4.31945e-07
11.3883 1.09375 2.61785e-07
11.3883 1.15625 2.28421e-07
11.3883 1.21875 8.89675e-08
11.3883 1.28125 -5.464e-09
11.3883 1.34375 1.7076e-07
11.3883 1.40625 -9.08767e-08
11.3883 1.46875 -2.28754e-07
11.3883 1.53125 5.95954e-08
11.3883 1.59375 -1.25807e-07
11.3883 1.65625 -9.40888e-09
11.3883 1.71875 -1.8307e-07
11.3883 1.78125 9.76545e-09
11.3883 1.84375 -1.14514e-07
11.3883 1.90625 -2.4484e-08
11.3883 1.96875 8.19417e-09
12.1737 0.03125 8.42468e-08
12.1737 0.09375 1.22571e-07
12.1737 0.15625 1.3102e-08
12.1737 0.21875 2.27196e-07
12.1737 0.28125 1.52437e-07
12.1737 0.34375 3.87752e-07
12.1737 0.40625 4.34447e-07
12.1737 0.46875 5.66032e-07
12.1737 0.53125 3.93379e-07
12.1737 0.59375 -3.5633e-07
12.1737 0.65625 -3.92834e-07
12.1737 0.71875 -3.19012e-07
12.1737 0.78125 7.79557e-08
12.1737 0.84375 -3.9842e-09
12.1737 0.90625 -2.3335e-07
12.1737 0.96875 -3.62697e-07
12.1737 1.03125 -3.16613e-07
12.1737 1.09375 -3.00702e-07
12.1737 1.15625 -2.31587e-07
12.1737 1.21875 -4.21365e-07
12.1737 1.28125 -8.14827e-07
12.1737 1.34375 -9.0348e-07
12.1737 1.40625 -8.79409e-07
12.1737 1.46875 -5.23102e-07
12.1737 1.53125 -2.38065e-07
12.1737 1.59375 -2.30317e-07
12.1737 1.65625 -3.40443e-07
12.1737 1.71875 -3.0543e-07
12.1737 1.78125 -4.33972e-07
12.1737 1.84375 -3.86327e-07
12.1737 1.90625 -9.20525e-08
12.1737 1.96875 -2.73494e-08
12.9591 0.03125 -4.34052e-08
12.9591 0.09375 1.10666e-08
12.9591 0.15625 -1.84171e-07
12.9591 0.21875 -8.23875e-08
12.9591 0.28125 -6.70428e-08
12.9591 0.34375 -1.1088e-07
12.9591 0.40625 -1.04497e-07
12.9591 0.46875 -1.40402e-07
12.9591 0.53125 -1.3115e-07
12.9591 0.59375 2.67304e-07
12.9591 0.65625 1.68492e-09
12.9591 0.71875 -3.40061e-07
12.9591 0.78125 -4.10409e-07
12.9591 0.84375 -1.62755e-07
12.9591 0.90625 -2.92679e-07
12.9591 0.96875 -8.49624e-08
12.9591 1.03125 1.65557e-07
12.9591 1.09375 2.33539e-07
12.9591 1.15625 2.84636e-07
12.9591 1.21875 2.99807e-07
12.9591 1.28125 3.04663e-07
12.9591 1.34375 8.32768e-08
12.9591 1.40625 3.09656e-07
12.9591 1.46875 2.93781e-07
12.9591 1.53125 2.29186e-07
12.9591 1.59375 -9.5374e-08
12.9591 1.65625 -7.78148e-08
12.9591 1.71875 1.4329e-07
12.9591 1.78125 2.51884e-07
12.9591 1.84375 2.50581e-07
12.9591 1.90625 2.35619e-07
12.9591 1.96875 -1.38812e-07
13.7445 0.03125 -1.14118e-07
13.7445 0.09375 -1.19783e-07
13.7445 0.15625 -1.41453e-07
13.7445 0.21875 -3.0737e-08
13.7445 0.28125 -2.01362e-07
13.7445 0.34375 -2.26583e-07
13.7445 0.40625 2.63136e-08
13.7445 0.46875 1.42059e-07
13.7445 0.53125 -2.91549e-08
13.7445 0.59375 1.44436e-07
13.7445 0.65625 -6.828e-08
13.7445 0.71875 -9.71145e-08
13.7445 0.78125 -1.53262e-07
13.7445 0.84375 -1.90366e-07
13.7445 0.90625 1.55666e-07
13.7445 0.96875 4.05665e-07
13.7445 1.03125 2.80811e-07
13.7445 1.09375 2.10627e-07
13.7445 1.15625 1.07982e-07
13.7445 1.21875 1.44905e-07
13.7445 1.28125 3.80686e-07
13.7445 1.34375 2.31737e-07
13.7445 1.40625 3.4106e-07
13.7445 1.46875 1.61106e-07
13.7445 1.53125 3.31133e-07
13.7445 1.59375 2.05742e-07
13.7445 1.65625 2.58467e-07
13.7445 1.71875 1.40616e-07
13.7445 1.78125 1.00694e-07
13.7445 1.84375 4.46566e-08
13.7445 1.90625 -1.08862e-07
13.7445 1.96875 4.34629e-08
14.5299 0.03125 2.37144e-08
14.5299 0.09375 1.61895e-07
14.5299 0.15625 5.20576e-07
14.5299 0.21875 4.34402e-07
14.5299 0.28125 2.89477e-07
14.5299 0.34375 2.73187e-07
14.5299 0.40625 2.0455e-07
14.5299 0.46875 3.55127e-07
14.5299 0.53125 5.69798e-07
14.5299 0.59375 2.64845e-07
14.5299 0.65625 1.01703e-07
14.5299 0.71875 9.60629e-08
14.5299 0.78125 -3.78799e-07
14.5299 0.84375 -4.86095e-07
14.5299 0.90625 -3.83866e-07
14.5299 0.96875 -3.54841e-07
14.5299 1.03125 -3.27962e-07
14.5299 1.09375 -4.55307e-08
14.5299 1.15625 -3.17333e-07
14.5299 1.21875 -3.32968e-07
14.5299 1.28125 -3.76763e-07
14.5299 1.34375 -2.88248e-07
14.5299 1.40625 3.03771e-07
14.5299 1.46875 4.69277e-07
14.5299 1.53125 5.05953e-07
14.5299 1.59375 4.14766e-07
14.5299 1.65625 3.64538e-07
14.5299 1.71875 2.60717e-07
14.5299 1.78125 8.20458e-08
14.5299 1.84375 -2.35542e-07
14.5299 1.90625 -1.81272e-07
14.5299 1.96875 6.5087e-10
15.3153 0.03125 1.16724e-07
15.3153 0.09375 -1.32376e-08
15.3153 0.15625 1.04384e-07
15.3153 0.21875 -3.07867e-07
15.3153 0.28125 -3.19481e-08
15.3153 0.34375 -2.77983e-07
15.3153 0.40625 -5.77157e-07
15.3153 0.46875 -9.49061e-07
15.3153 0.53125 -5.44306e-07
15.3153 0.59375 -4.80064e-07
15.3153 0.65625 -4.50402e-08
15.3153 0.71875 4.54023e-08
15.3153 0.78125 6.85675e-08
15.3153 0.84375 2.94487e-07
15.3153 0.90625 1.3517e-07
15.3153 0.96875 -4.19048e-07
15.3153 1.03125 -4.74951e-07
15.3153 1.09375 -4.10273e-07
15.3153 1.15625 -2.25862e-07
15.3153 1.21875 5.7758e-08
15.3153 1.28125 -7.45474e-08
15.3153 1.34375 3.47683e-07
15.3153 1.40625 -7.02231e-08
15.3153 1.46875 2.39608e-07
15.3153 1.53125 -1.76347e-09
15.3153 1.59375 3.32594e-07
15.3153 1.65625 3.48142e-07
15.3153 1.71875 1.00676e-07
15.3153 1.78125 -8.66616e-08
15.3153 1.84375 5.86284e-08
15.3153 1.90625 2.35662e-08
15.3153 1.96875 1.64057e-08
16.1007 0.03125 -1.21909e-09
16.1007 0.09375 -7.68761e-08
16.1007 0.15625 -3.54542e-08
16.1007 0.21875 -2.96064e-07
16.1007 0.28125 9.56055e-08
16.1007 0.34375 7.73294e-08
16.1007 0.40625 2.24156e-07
16.1007 0.46875 4.49637e-08
16.1007 0.53125 -3.00198e-08
16.1007 0.59375 -1.60604e-07
16.1007 0.65625 -1.39081e-07
16.1007 0.71875 -2.29221e-07
16.1007 0.78125 -1.13318e-07
16.1007 0.84375 -4.42634e-09
16.1007 0.90625 1.46543e-07
16.1007 0.96875 2.3771e-07
16.1007 1.03125 -6.82321e-08
16.1007 1.09375 3.78724e-08
16.1007 1.15625 1.01757e-07
16.1007 1.21875 -5.16791e-08
16.1007 1.28125 -1.12125e-08
16.1007 1.34375 5.21823e-08
16.1007 1.40625 -1.58674e-07
16.1007 1.46875 -4.90749e-07
16.1007 1.53125 -5.99464e-07
16.1007 1.59375 -3.64566e-07
16.1007 1.65625 -5.36248e-07
16.1007 1.71875 -4.13316e-07
16.1007 1.78125 -3.11561e-07
16.1007 1.84375 1.3846e-07
16.1007 1.90625 -8.57859e-09
16.1007 1.96875 1.1194e-07
16.8861 0.03125 -5.68984e-08
16.8861 0.09375 9.40808e-08
16.8861 0.15625 -6.84513e-08
16.8861 0.21875 2.09677e-07
16.8861 0.28125 -7.30772e-08
16.8861 0.34375 -1.56801e-07
16.8861 0.40625 -2.50721e-07
16.8861 0.46875 1.06704e-07
16.8861 0.53125 2.61038e-07
16.8861 0.59375 2.91706e-07
16.8861 0.65625 1.15407e-07
16.8861 0.71875 -3.19909e-08
16.8861 0.78125 2.43249e-07
16.8861 0.84375 2.04404e-08
16.8861 0.90625 -7.13436e-08
16.8861 0.96875 2.51652e-07
16.8861 1.03125 1.88437e-07
16.8861 1.09375 -4.49589e-08
16.8861 1.15625 -1.99894e-07
16.8861 1.21875 2.22526e-07
16.8861 1.28125 3.91193e-07
16.8861 1.34375 1.88081e-07
16.8861 1.40625 1.794e-07
16.8861 1.46875 -5.43795e-08
16.8861 1.53125 -1.35407e-07
16.8861 1.59375 -4.93318e-07
16.8861 1.65625 -5.11429e-07
16.8861 1.71875 -2.726e-07
16.8861 1.78125 -1.72329e-07
16.8861 1.84375 -3.59816e-07
16.8861 1.90625 2.26545e-08
16.8861 1.96875 -1.20764e-07
17.6715 0.03125 -2.26512e-08
17.6715 0.09375 -5.5647e-08
17.6715 0.15625 -3.19512e-07
17.6715 0.21875 -1.06683e-07
17.6715 0.28125 -5.55441e-08
17.6715 0.34375 1.4038e-07
17.6715 0.40625 1.62998e-07
17.6715 0.46875 1.74471e-07
17.6715 0.53125 -3.14369e-08
17.6715 0.59375 8.87614e-08
17.6715 0.65625 1.07188e-07
17.6715 0.71875 1.46658e-07
17.6715 0.78125 2.02081e-07
17.6715 0.84375 2.02134e-07
17.6715 0.90625 1.55184e-09
17.6715 0.96875 -2.99043e-08
17.6715 1.03125 3.49166e-07
17.6715 1.09375 -9.47749e-08
17.6715 1.15625 -1.61907e-07
17.6715 1.21875 -2.88671e-07
17.6715 1.28125 -2.97884e-07
17.6715 1.34375 1.75371e-08
17.6715 1.40625 -8.42487e-08
17.6715 1.46875 9.21248e-08
17.6715 1.53125 -3.21148e-08
17.6715 1.59375 -6.29131e-09
17.6715 1.65625 1.25421e-07
17.6715 1.71875 9.44069e-08
17.6715 1.78125 3.29137e-07
17.6715 1.84375 5.62153e-08
17.6715 1.90625 1.3828e-07
17.6715 1.96875 -2.84925e-08
18.4569 0.03125 4.89051e-08
18.4569 0.09375 -1.39095e-07
18.4569 0.15625 2.14178e-07
18.4569 0.21875 -6.24035e-08
18.4569 0.28125 -1.56123e-07
18.4569 0.34375 7.69624e-08
18.4569 0.40625 3.11317e-07
18.4569 0.46875 3.36281e-07
18.4569 0.53125 2.44952e-07
18.4569 0.59375 1.0809e-07
18.4569 0.65625 2.26932e-07
18.4569 0.71875 3.18453e-07
18.4569 0.78125 1.73188e-07
18.4569 0.84375 3.75117e-07
18.4569 0.90625 2.35362e-07
18.4569 0.96875 8.9837e-09
18.4569 1.03125 2.77438e-07
18.4569 1.09375 4.73093e-07
18.4569 1.15625 3.21341e-07
18.4569 1.21875 -3.02684e-07
18.4569 1.28125 -2.36259e-07
18.4569 1.34375 -3.78674e-07
18.4569 1.40625 -6.18047e-08
18.4569 1.46875 1.96104e-07
18.4569 1.53125 1.40446e-07
18.4569 1.59375 5.33503e-07
18.4569 1.65625 5.76725e-07
18.4569 1.71875 6.62916e-07
18.4569 1.78125 5.72225e-07
18.4569 1.84375 5.39507e-07
18.4569 1.90625 -8.40273e-08
18.4569 1.96875 1.01379e-07
19.2423 0.03125 -6.13575e-08
19.2423 0.09375 2.65105e-07
19.2423 0.15625 2.16778e-07
19.2423 0.21875 3.22227e-07
19.2423 0.28125 3.72454e-07
19.2423 0.34375 2.47561e-07
19.2423 0.40625 -7.43232e-08
19.2423 0.46875 -1.40668e-07
19.2423 0.53125 6.7919e-08
19.2423 0.59375 -1.2647e-07
19.2423 0.65625 -2.8342e-07
19.2423 0.71875 -1.95273e-07
19.2423 0.78125 1.24739e-07
19.2423 0.84375 -1.29803e-07
19.2423 0.90625 7.96617e-08
19.2423 0.96875 -4.46283e-08
19.2423 1.03125 -4.29193e-07
19.2423 1.09375 -5.87103e-07
19.2423 1.15625 -5.57219e-07
19.2423 1.21875 -3.08729e-07
19.2423 1.28125 -2.44782e-07
19.2423 1.34375 -4.27314e-07
19.2423 1.40625 -5.92597e-07
19.2423 1.46875 -4.91572e-07
19.2423 1.53125 -2.25347e-07
19.2423 1.59375 -2.63351e-07
19.2423 1.65625 -3.71623e-07
19.2423 1.71875 -2.48874e-07
19.2423 1.78125 -1.83768e-07
19.2423 1.84375 4.14632e-08
19.2423 1.90625 6.09391e-08
19.2423 1.96875 -3.39395e-08
20.0277 0.03125 9.54657e-08
20.0277 0.09375 -8.38847e-08
20.0277 0.15625 7.73641e-08
20.0277 0.21875 -9.43116e-09
20.0277 0.28125 5.25668e-08
20.0277 0.34375 -3.03203e-07
20.0277 0.40625 -2.72231e-07
20.0277 0.46875 -5.54436e-07
20.0277 0.53125 -6.7242e-07
20.0277 0.59375 -3.02685e-07
20.0277 0.65625 -2.56145e-07
20.0277 0.71875 -1.8904e-07
20.0277 0.78125 -1.64296e-07
20.0277 0.84375 -6.9332e-08
20.0277 0.90625 2.67011e-07
20.0277 0.96875 4.01751e-07
20.0277 1.03125 1.83089e-07
20.0277 1.09375 1.59946e-07
20.0277 1.15625 1.35018e-07
20.0277 1.21875 4.23137e-07
20.0277 1.28125 3.23609e-08
20.0277 1.34375 2.22487e-07
20.0277 1.40625 -1.07231e-07
20.0277 1.46875 -2.22868e-07
20.0277 1.53125 -3.18266e-07
20.0277 1.59375 -5.24429e-07
20.0277 1.65625 -6.48181e-07
20.0277 1.71875 -7.11499e-07
20.0277 1.78125 -5.50808e-07
20.0277 1.84375 -3.77836e-07
20.0277 1.90625 6.6456e-08
20.0277 1.96875 -3.1972e-08
20.8131 0.03125 8.42855e-08
20.8131 0.09375 -1.98957e-07
20.8131 0.15625 -2.07392e-07
20.8131 0.21875 -4.85789e-07
20.8131 0.28125 -6.04734e-07
20.8131 0.34375 -7.23807e-07
20.8131 0.40625 -5.26498e-07
20.8131 0.46875 -2.42918e-07
20.8131 0.53125 -1.59599e-07
20.8131 0.59375 -1.22514e-08
20.8131 0.65625 2.00792e-08
20.8131 0.71875 -4.29868e-08
20.8131 0.78125 -3.69981e-07
20.8131 0.84375 -1.06116e-07
20.8131 0.90625 -4.99297e-08
20.8131 0.96875 1.49395e-07
20.8131 1.03125 2.83665e-07
20.8131 1.09375 2.90955e-07
20.8131 1.15625 3.19415e-07
20.8131 1.21875 2.2073e-07
20.8131 1.28125 3.31999e-07
20.8131 1.34375 3.31178e-07
20.8131 1.40625 7.06205e-07
20.8131 1.46875 6.70268e-07
20.8131 1.53125 5.53942e-07
20.8131 1.59375 6.68802e-07
20.8131 1.65625 8.48181e-07
20.8131 1.71875 7.4897e-07
20.8131 1.78125 1.47378e-07
20.8131 1.84375 -1.25157e-07
20.8131 1.90625 -2.39304e-07
20.8131 1.96875 8.33109e-08
21.5984 0.03125 -6.10417e-08
21.5984 0.09375 -1.49273e-08
21.5984 0.15625 -4.69875e-07
21.5984 0.21875 -4.84644e-07
21.5984 0.28125 -4.39264e-07
21.5984 0.34375 -5.81448e-08
21.5984 0.40625 -1.4212e-07
21.5984 0.46875 -1.00077e-07
21.5984 0.53125 -2.28118e-07
21.5984 0.59375 -4.39901e-07
21.5984 0.65625 -5.41792e-07
21.5984 0.71875 -8.06746e-07
21.5984 0.78125 -1.03764e-06
21.5984 0.84375 -1.36717e-06
21.5984 0.90625 -1.31619e-06
21.5984 0.96875 -1.01676e-06
21.5984 1.03125 -6.73851e-07
21.5984 1.09375 -2.91241e-07
21.5984 1.15625 -2.24649e-08
21.5984 1.21875 -2.32384e-07
21.5984 1.28125 1.77402e-07
21.5984 1.34375 5.27249e-08
21.5984 1.40625 4.32195e-08
21.5984 1.46875 -1.77465e-07
21.5984 1.53125 -1.65472e-07
21.5984 1.59375 6.33146e-08
21.5984 1.65625 2.22929e-07
21.5984 1.71875 2.25239e-07
21.5984 1.78125 2.32224e-07
21.5984 1.84375 2.77823e-07
21.5984 1.90625 6.3946e-08
21.5984 1.96875 6.20444e-08
22.3838 0.03125 -3.83871e-08
22.3838 0.09375 2.66946e-07
22.3838 0.15625 3.32955e-07
22.3838 0.21875 4.2451e-07
22.3838 0.28125 4.30901e-08
22.3838 0.34375 -9.60828e-09
22.3838 0.40625 -2.58704e-07
22.3838 0.46875 -3.95458e-07
22.3838 0.53125 -8.70115e-07
22.3838 0.59375 -8.27883e-07
22.3838 0.65625 -3.88193e-07
22.3838 0.71875 -2.17562e-07
22.3838 0.78125 1.25677e-07
22.3838 0.84375 -4.70175e-08
22.3838 0.90625 -2.0139e-07
22.3838 0.96875 -1.82561e-07
22.3838 1.03125 -1.2093e-07
22.3838 1.09375 7.64158e-08
22.3838 1.15625 3.44772e-07
22.3838 1.21875 6.88257e-07
22.3838 1.28125 5.84825e-07
22.3838 1.34375 4.24652e-07
22.3838 1.40625 1.38189e-07
22.3838 1.46875 -9.94488e-08
22.3838 1.53125 -2.77243e-07
22.3838 1.59375 -6.88706e-07
22.3838 1.65625 -8.07549e-07
22.3838 1.71875 -6.75192e-07
22.3838 1.78125 -1.26795e-07
22.3838 1.84375 -1.01545e-07
22.3838 1.90625 8.62543e-08
22.3838 1.96875 -1.00334e-07
23.1692 0.03125 -8.38471e-08
23.1692 0.09375 2.16354e-07
23.1692 0.15625 4.57611e-07
23.1692 0.21875 7.6738e-07
23.1692 0.28125 6.94992e-07
23.1692 0.34375 7.62828e-07
23.1692 0.40625 6.24213e-07
23.1692 0.46875 4.53844e-07
23.1692 0.53125 5.18952e-07
23.1692 0.59375 7.21843e-07
23.1692 0.65625 6.47651e-07
23.1692 0.71875 1.14873e-06
23.1692 0.78125 1.0438e-06
23.1692 0.84375 1.09399e-06
23.1692 0.90625 9.41844e-07
23.1692 0.96875 7.74559e-07
23.1692 1.03125 7.44165e-07
23.1692 1.09375 5.65614e-07
23.1692 1.15625 6.71273e-07
23.1692 1.21875 4.45102e-07
23.1692 1.28125 4.37253e-07
23.1692 1.34375 2.84215e-07
23.1692 1.40625 2.18674e-07
23.1692 1.46875 1.03783e-07
23.1692 1.53125 2.60081e-07
23.1692 1.59375 -2.19998e-09
23.1692 1.65625 1.96107e-07
23.1692 1.71875 1.34323e-07
23.1692 1.78125 -4.5779e-08
23.1692 1.84375 -5.27186e-08
23.1692 1.90625 -2.44507e-08
23.1692 1.96875 -7.67999e-08
23.9546 0.03125 8.25858e-08
23.9546 0.09375 -2.87757e-07
23.9546 0.15625 -4.07329e-07
23.9546 0.21875 -5.38011e-07
23.9546 0.28125 -1.04453e-07
23.9546 0.34375 -1.6351e-07
23.9546 0.40625 1.36517e-07
23.9546 0.46875 2.38143e-07
23.9546 0.53125 8.12862e-07
23.9546 0.59375 5.88798e-07
23.9546 0.65625 4.35633e-07
23.9546 0.71875 3.6459e-07
23.9546 0.78125 2.41802e-07
23.9546 0.84375 2.56576e-07
23.9546 0.90625 3.02274e-07
23.9546 0.96875 1.37789e-08
23.9546 1.03125 -5.57392e-08
23.9546 1.09375 7.0931e-08
23.9546 1.15625 -2.76277e-07
23.9546 1.21875 -6.88056e-07
23.9546 1.28125 -1.06887e-06
23.9546 1.34375 -7.96048e-07
23.9546 1.40625 -7.39872e-07
23.9546 1.46875 -1.69089e-07
23.9546 1.53125 1.17544e-07
23.9546 1.59375 6.80907e-07
23.9546 1.65625 5.86236e-07
23.9546 1.71875 5.05371e-07
23.9546 1.78125 2.23661e-07
23.9546 1.84375 6.26966e-08
23.9546 1.90625 -7.35834e-08
23.9546 1.96875 5.28119e-08
24.74 0.03125 -8.68712e-09
24.74 0.09375 5.98174e-08
24.74 0.15625 5.81947e-08
24.74 0.21875 4.92539e-08
24.74 0.28125 3.32243e-07
24.74 0.34375 4.54843e-07
24.74 0.40625 5.1675e-07
24.74 0.46875 5.8386e-07
24.74 0.53125 4.27166e-07
24.74 0.59375 4.7186e-07
24.74 0.65625 4.81203e-07
24.74 0.71875 2.90874e-07
24.74 0.78125 1.35814e-07
24.74 0.84375 1.76495e-07
24.74 0.90625 4.27312e-07
24.74 0.96875 1.80642e-07
24.74 1.03125 2.15583e-07
24.74 1.09375 -2.11913e-07
24.74 1.15625 -4.91126e-07
24.74 1.21875 -1.38206e-07
24.74 1.28125 -2.09366e-07
24.74 1.34375 -1.7614e-07
24.74 1.40625 1.21549e-07
24.74 1.46875 2.68318e-07
24.74 1.53125 1.1593e-07
24.74 1.59375 1.20463e-08
24.74 1.65625 -2.02936e-07
24.74 1.71875 -4.90552e-08
24.74 1.78125 1.0591e-07
24.74 1.84375 5.82029e-08
24.74 1.90625 -1.50435e-08
24.74 1.96875 -8.76654e-09
