0.392699 0.03125 -3.46076e-08
0.392699 0.09375 -1.43485e-07
0.392699 0.15625 -4.8931e-08
0.392699 0.21875 1.43665e-07
0.392699 0.28125 -3.94984e-08
0.392699 0.34375 1.96081e-07
0.392699 0.40625 2.62895e-07
0.392699 0.46875 4.0787e-07
0.392699 0.53125 8.89537e-08
0.392699 0.59375 1.74063e-07
0.392699 0.65625 3.15151e-07
0.392699 0.71875 3.54217e-07
0.392699 0.78125 5.15563e-07
0.392699 0.84375 6.95336e-07
0.392699 0.90625 4.43985e-07
0.392699 0.96875 5.4366e-07
0.392699 1.03125 3.77795e-07
0.392699 1.09375 2.49305e-07
0.392699 1.15625 2.52755e-07
0.392699 1.21875 5.04219e-07
0.392699 1.28125 7.26303e-07
0.392699 1.34375 4.8528e-07
0.392699 1.40625 4.81238e-07
0.392699 1.46875 1.41007e-07
0.392699 1.53125 2.04937e-07
0.392699 1.59375 -4.75584e-08
0.392699 1.65625 1.8949e-07
0.392699 1.71875 1.77497e-07
0.392699 1.78125 2.22983e-07
0.392699 1.84375 2.03704e-07
0.392699 1.90625 1.59202e-07
0.392699 1.96875 -1.44803e-08
1.1781 0.03125 -5.31208e-08
1.1781 0.09375 -4.8742e-08
1.1781 0.15625 -2.14384e-07
1.1781 0.21875 -1.28521e-07
1.1781 0.28125 -4.91376e-07
1.1781 0.34375 -6.82925e-07
1.1781 0.40625 -7.44844e-07
1.1781 0.46875 -5.71943e-07
1.1781 0.53125 -2.96754e-07
1.1781 0.59375 -2.04885e-07
1.1781 0.65625 -1.74128e-07
1.1781 0.71875 -2.23621e-09
1.1781 0.78125 2.53833e-07
1.1781 0.84375 -7.3456e-08
1.1781 0.90625 -3.93943e-07
1.1781 0.96875 -2.85868e-07
1.1781 1.03125 -2.15755e-07
1.1781 1.09375 3.2065e-07
1.1781 1.15625 4.73936e-07
1.1781 1.21875 2.53787e-07
1.1781 1.28125 1.57516e-07
1.1781 1.34375 2.89756e-07
1.1781 1.40625 2.49065e-07
1.1781 1.46875 -1.15157e-08
1.1781 1.53125 -1.46038e-08
1.1781 1.59375 -7.79569e-08
1.1781 1.65625 -1.95955e-07
1.1781 1.71875 -3.40067e-07
1.1781 1.78125 -2.66829e-07
1.1781 1.84375 -2.98414e-07
1.1781 1.90625 2.05597e-08
1.1781 1.96875 -3.99797e-08
1.9635 0.03125 -5.95028e-09
1.9635 0.09375 2.18246e-07
1.9635 0.15625 2.16877e-07
1.9635 0.21875 8.16356e-08
1.9635 0.28125 2.97987e-07
1.9635 0.34375 3.37947e-07
1.9635 0.40625 3.52829e-07
1.9635 0.46875 7.56609e-08
1.9635 0.53125 2.23319e-07
1.9635 0.59375 1.01629e-07
1.9635 0.65625 -8.29138e-08
1.9635 0.71875 -3.10323e-07
1.9635 0.78125 -6.17419e-07
1.9635 0.84375 -7.25662e-07
1.9635 0.90625 -8.15267e-07
1.9635 0.96875 -6.57609e-07
1.9635 1.03125 -3.76347e-07
1.9635 1.09375 -3.15203e-07
1.9635 1.15625 -6.07355e-08
1.9635 1.21875 -7.74691e-08
1.9635 1.28125 -8.08315e-08
1.9635 1.34375 2.59164e-08
1.9635 1.40625 -8.33997e-08
1.9635 1.46875 -1.17874e-07
1.9635 1.53125 -5.75441e-07
1.9635 1.59375 -6.03668e-07
1.9635 1.65625 -6.42429e-07
1.9635 1.71875 -5.1083e-07
1.9635 1.78125 -3.14179e-07
1.9635 1.84375 -2.27614e-07
1.9635 1.90625 -1.63149e-07
1.9635 1.96875 5.73993e-08
2.74889 0.03125 7.64299e-08
2.74889 0.09375 -1.38888e-07
2.74889 0.15625 -1.7198e-08
2.74889 0.21875 -3.5613e-08
2.74889 0.28125 7.89663e-08
2.74889 0.34375 3.37938e-08
2.74889 0.40625 2.61137e-07
2.74889 0.46875 2.24553e-07
2.74889 0.53125 -1.02431e-07
2.74889 0.59375 -3.51455e-07
2.74889 0.65625 -5.41669e-07
2.74889 0.71875 -7.4108e-07
2.74889 0.78125 -4.02749e-07
2.74889 0.84375 9.78862e-08
2.74889 0.90625 4.33463e-07
2.74889 0.96875 2.76919e-07
2.74889 1.03125 -1.54347e-07
2.74889 1.09375 -5.04293e-07
2.74889 1.15625 -5.06244e-07
2.74889 1.21875 -2.11879e-07
2.74889 1.28125 -4.13272e-08
2.74889 1.34375 -2.85816e-09
2.74889 1.40625 1.31029e-07
2.74889 1.46875 4.39468e-07
2.74889 1.53125 5.08492e-07
2.74889 1.59375 4.46406e-07
2.74889 1.65625 2.93032e-07
2.74889 1.71875 2.98857e-07
2.74889 1.78125 2.084e-07
2.74889 1.84375 3.37555e-07
2.74889 1.90625 2.92088e-08
2.74889 1.96875 7.48512e-08
3.53429 0.03125 -5.13796e-08
3.53429 0.09375 -1.0104e-07
3.53429 0.15625 -3.16569e-07
3.53429 0.21875 -1.10342e-07
3.53429 0.28125 -1.43373e-07
3.53429 0.34375 -1.18986e-07
3.53429 0.40625 -1.5859e-07
3.53429 0.46875 -1.05051e-07
3.53429 0.53125 -3.90639e-09
3.53429 0.59375 7.87892e-08
3.53429 0.65625 1.79275e-07
3.53429 0.71875 2.34175e-07
3.53429 0.78125 2.33034e-07
3.53429 0.84375 2.63919e-07
3.53429 0.90625 5.86187e-07
3.53429 0.96875 5.42555e-07
3.53429 1.03125 5.29558e-07
3.53429 1.09375 5.25537e-07
3.53429 1.15625 6.28235e-07
3.53429 1.21875 5.35418e-07
3.53429 1.28125 3.87115e-07
3.53429 1.34375 1.26608e-07
3.53429 1.40625 6.45674e-08
3.53429 1.46875 -5.41693e-08
3.53429 1.53125 -4.94795e-09
3.53429 1.59375 1.28789e-07
3.53429 1.65625 3.88713e-07
3.53429 1.71875 4.50466e-07
3.53429 1.78125 1.46752e-07
3.53429 1.84375 7.00904e-08
3.53429 1.90625 -2.80515e-08
3.53429 1.96875 -3.03871e-08
4.31969 0.03125 -5.20363e-09
4.31969 0.09375 2.27375e-08
4.31969 0.15625 2.40734e-08
4.31969 0.21875 -1.286e-07
4.31969 0.28125 -8.08018e-08
4.31969 0.34375 8.9842e-08
4.31969 0.40625 -9.83504e-09
4.31969 0.46875 1.71909e-07
4.31969 0.53125 3.75264e-07
4.31969 0.59375 3.81967e-07
4.31969 0.65625 5.05602e-07
4.31969 0.71875 6.01326e-07
4.31969 0.78125 2.66965e-07
4.31969 0.84375 -4.02243e-08
4.31969 0.90625 -4.36227e-07
4.31969 0.96875 -3.83671e-07
4.31969 1.03125 -8.03982e-08
4.31969 1.09375 -1.46833e-10
4.31969 1.15625 -2.06955e-07
4.31969 1.21875 -5.12604e-07
4.31969 1.28125 -6.43588e-07
4.31969 1.34375 -5.46499e-07
4.31969 1.40625 -5.96922e-07
4.31969 1.46875 -6.73835e-07
4.31969 1.53125 -5.68265e-07
4.31969 1.59375 -3.93222e-07
4.31969 1.65625 -1.24746e-07
4.31969 1.71875 -1.51378e-07
4.31969 1.78125 -2.89944e-08
4.31969 1.84375 -1.35499e-07
4.31969 1.90625 -6.57567e-08
4.31969 1.96875 -5.25875e-09
5.10509 0.03125 8.40363e-08
5.10509 0.09375 1.00323e-07
5.10509 0.15625 3.08172e-07
5.10509 0.21875 2.60942e-07
5.10509 0.28125 9.86843e-08
5.10509 0.34375 -5.65056e-08
5.10509 0.40625 -8.70121e-09
5.10509 0.46875 2.50603e-07
5.10509 0.53125 1.82979e-07
5.10509 0.59375 2.19224e-07
5.10509 0.65625 1.5817e-07
5.10509 0.71875 3.69995e-08
5.10509 0.78125 -8.96009e-08
5.10509 0.84375 -3.56607e-07
5.10509 0.90625 -4.37526e-07
5.10509 0.96875 -5.824e-07
5.10509 1.03125 -5.13332e-07
5.10509 1.09375 -5.86184e-07
5.10509 1.15625 -8.26828e-07
5.10509 1.21875 -6.45933e-07
5.10509 1.28125 -1.88231e-07
5.10509 1.34375 2.03327e-07
5.10509 1.40625 2.84679e-07
5.10509 1.46875 2.82529e-07
5.10509 1.53125 2.5085e-07
5.10509 1.59375 2.06636e-07
5.10509 1.65625 -1.2079e-08
5.10509 1.71875 -2.48218e-07
5.10509 1.78125 -1.30483e-07
5.10509 1.84375 8.18658e-08
5.10509 1.90625 1.98273e-08
5.10509 1.96875 3.5622e-09
5.89049 0.03125 2.9813e-08
5.89049 0.09375 1.71954e-08
5.89049 0.15625 -6.85584e-08
5.89049 0.21875 -2.18181e-07
5.89049 0.28125 -3.73898e-07
5.89049 0.34375 -4.27671e-07
5.89049 0.40625 -3.45384e-07
5.89049 0.46875 -5.18546e-07
5.89049 0.53125 -6.81339e-07
5.89049 0.59375 -8.23978e-07
5.89049 0.65625 -7.91153e-07
5.89049 0.71875 -6.86408e-07
5.89049 0.78125 -4.12671e-07
5.89049 0.84375 -2.7955e-07
5.89049 0.90625 -2.5778e-07
5.89049 0.96875 -3.7355e-08
5.89049 1.03125 -9.67478e-08
5.89049 1.09375 -1.81834e-07
5.89049 1.15625 -1.34577e-07
5.89049 1.21875 4.22851e-08
5.89049 1.28125 1.34209e-07
5.89049 1.34375 -6.77491e-08
5.89049 1.40625 3.78423e-10
5.89049 1.46875 2.20554e-07
5.89049 1.53125 3.49779e-08
5.89049 1.59375 -5.09415e-08
5.89049 1.65625 -1.54444e-07
5.89049 1.71875 -2.56347e-07
5.89049 1.78125 -2.5562e-07
5.89049 1.84375 -1.53109e-07
5.89049 1.90625 -2.69875e-08
5.89049 1.96875 8.38291e-09
6.67588 0.03125 -7.35215e-08
6.67588 0.09375 7.15841e-08
6.67588 0.15625 2.51027e-07
6.67588 0.21875 3.67978e-07
6.67588 0.28125 3.75948e-07
6.67588 0.34375 4.17027e-07
6.67588 0.40625 4.11254e-07
6.67588 0.46875 1.92082e-07
6.67588 0.53125 -8.28347e-08
6.67588 0.59375 -2.2125e-07
6.67588 0.65625 -4.79475e-07
6.67588 0.71875 -3.05023e-07
6.67588 0.78125 -2.1504e-07
6.67588 0.84375 3.04085e-08
6.67588 0.90625 2.9585e-07
6.67588 0.96875 3.26738e-07
6.67588 1.03125 2.23758e-07
6.67588 1.09375 2.93914e-07
6.67588 1.15625 3.3137e-07
6.67588 1.21875 1.46216e-07
6.67588 1.28125 -2.91878e-07
6.67588 1.34375 -8.08668e-07
6.67588 1.40625 -9.94208e-07
6.67588 1.46875 -9.86675e-07
6.67588 1.53125 -7.40454e-07
6.67588 1.59375 -4.44947e-07
6.67588 1.65625 -2.99936e-07
6.67588 1.71875 -1.63404e-07
6.67588 1.78125 -1.12483e-07
6.67588 1.84375 -1.3088e-07
6.67588 1.90625 1.35745e-07
6.67588 1.96875 -6.41644e-08
7.46128 0.03125 -3.79855e-08
7.46128 0.09375 5.36498e-08
7.46128 0.15625 8.93131e-08
7.46128 0.21875 2.31541e-07
7.46128 0.28125 2.77425e-07
7.46128 0.34375 1.66594e-07
7.46128 0.40625 -1.05998e-07
7.46128 0.46875 8.21874e-09
7.46128 0.53125 1.34158e-07
7.46128 0.59375 2.21972e-07
7.46128 0.65625 2.26451e-07
7.46128 0.71875 -1.01923e-07
7.46128 0.78125 -2.63466e-07
7.46128 0.84375 -2.98069e-07
7.46128 0.90625 -1.04459e-07
7.46128 0.96875 -1.61895e-07
7.46128 1.03125 -1.62169e-08
7.46128 1.09375 7.51114e-08
7.46128 1.15625 3.14871e-07
7.46128 1.21875 4.49253e-07
7.46128 1.28125 4.81751e-07
7.46128 1.34375 7.41669e-07
7.46128 1.40625 5.36997e-07
7.46128 1.46875 3.832e-07
7.46128 1.53125 4.76728e-07
7.46128 1.59375 4.28837e-07
7.46128 1.65625 4.29951e-07
7.46128 1.71875 3.8192e-07
7.46128 1.78125 1.62776e-07
7.46128 1.84375 1.2549e-07
7.46128 1.90625 6.58046e-08
7.46128 1.96875 -5.02517e-09
8.24668 0.03125 2.04257e-08
8.24668 0.09375 -8.20474e-08
8.24668 0.15625 -3.13626e-07
8.24668 0.21875 -4.1157e-07
8.24668 0.28125 -4.45826e-07
8.24668 0.34375 -6.22274e-07
8.24668 0.40625 -7.73156e-07
8.24668 0.46875 -6.60436e-07
8.24668 0.53125 -5.15329e-07
8.24668 0.59375 -4.12706e-07
8.24668 0.65625 -3.14055e-07
8.24668 0.71875 -4.41147e-07
8.24668 0.78125 -7.91111e-08
8.24668 0.84375 -6.65526e-08
8.24668 0.90625 -1.74455e-07
8.24668 0.96875 -3.96052e-08
8.24668 1.03125 2.00207e-07
8.24668 1.09375 1.69767e-07
8.24668 1.15625 -1.78311e-07
8.24668 1.21875 -6.52362e-08
8.24668 1.28125 1.43918e-07
8.24668 1.34375 4.65111e-07
8.24668 1.40625 8.72571e-07
8.24668 1.46875 9.01231e-07
8.24668 1.53125 8.22721e-07
8.24668 1.59375 4.52104e-07
8.24668 1.65625 1.10674e-07
8.24668 1.71875 1.28195e-07
8.24668 1.78125 9.85717e-08
8.24668 1.84375 8.67017e-08
8.24668 1.90625 -3.33895e-08
8.24668 1.96875 2.03997e-08
9.03208 0.03125 4.97449e-08
9.03208 0.09375 -2.46026e-08
9.03208 0.15625 -1.45346e-07
9.03208 0.21875 -2.85426e-07
9.03208 0.28125 -1.17429e-07
9.03208 0.34375 1.61458e-08
9.03208 0.40625 1.11607e-07
9.03208 0.46875 -9.48012e-08
9.03208 0.53125 -2.20664e-07
9.03208 0.59375 -2.32053e-08
9.03208 0.65625 9.82266e-08
9.03208 0.71875 4.93967e-07
9.03208 0.78125 4.78565e-07
9.03208 0.84375 6.99744e-07
9.03208 0.90625 7.14829e-07
9.03208 0.96875 3.96079e-07
9.03208 1.03125 7.62557e-08
9.03208 1.09375 -9.35064e-08
9.03208 1.15625 -1.47707e-07
9.03208 1.21875 -2.63136e-07
9.03208 1.28125 -4.89406e-07
9.03208 1.34375 -7.47168e-07
9.03208 1.40625 -5.39844e-07
9.03208 1.46875 -5.10791e-07
9.03208 1.53125 -3.68248e-07
9.03208 1.59375 -3.07507e-08
9.03208 1.65625 -5.55366e-08
9.03208 1.71875 1.85183e-07
9.03208 1.78125 4.15278e-07
9.03208 1.84375 1.50057e-07
9.03208 1.90625 -8.20263e-09
9.03208 1.96875 -6.1438e-08
9.81748 0.03125 1.13099e-07
9.81748 0.09375 -8.29168e-08
9.81748 0.15625 9.21912e-08
9.81748 0.21875 -1.86125e-07
9.81748 0.28125 -2.57893e-07
9.81748 0.34375 -2.3865e-07
9.81748 0.40625 -1.00066e-07
9.81748 0.46875 -1.21865e-07
9.81748 0.53125 -6.91127e-08
9.81748 0.59375 -4.77009e-08
9.81748 0.65625 2.89351e-07
9.81748 0.71875 4.59149e-07
9.81748 0.78125 4.5604e-07
9.81748 0.84375 2.11089e-07
9.81748 0.90625 5.48568e-08
9.81748 0.96875 -2.83249e-07
9.81748 1.03125 -6.85549e-07
9.81748 1.09375 -6.05792e-07
9.81748 1.15625 -1.72591e-07
9.81748 1.21875 -6.26644e-08
9.81748 1.28125 -3.81948e-08
9.81748 1.34375 -1.12889e-07
9.81748 1.40625 -4.58848e-07
9.81748 1.46875 -2.2047e-07
9.81748 1.53125 -2.59774e-07
9.81748 1.59375 1.01e-07
9.81748 1.65625 1.07819e-07
9.81748 1.71875 -8.01572e-08
9.81748 1.78125 -2.86246e-07
9.81748 1.84375 -9.43076e-08
9.81748 1.90625 -9.61738e-08
9.81748 1.96875 5.95958e-08
10.6029 0.03125 -7.80078e-08
10.6029 0.09375 1.36438e-08
10.6029 0.15625 1.09815e-07
10.6029 0.21875 2.48847e-07
10.6029 0.28125 3.38652e-07
10.6029 0.34375 1.73187e-07
10.6029 0.40625 1.64311e-07
10.6029 0.46875 2.28095e-07
10.6029 0.53125 4.19095e-07
10.6029 0.59375 6.36802e-07
10.6029 0.65625 5.03924e-07
10.6029 0.71875 9.20539e-08
10.6029 0.78125 -2.90462e-07
10.6029 0.84375 -4.39657e-07
10.6029 0.90625 -4.55243e-07
10.6029 0.96875 -5.07886e-08
10.6029 1.03125 1.11616e-07
10.6029 1.09375 2.34976e-07
10.6029 1.15625 1.51102e-07
10.6029 1.21875 1.11179e-07
10.6029 1.28125 3.92837e-07
10.6029 1.34375 4.77513e-07
10.6029 1.40625 4.53742e-07
10.6029 1.46875 1.99369e-07
10.6029 1.53125 -3.13474e-08
10.6029 1.59375 -2.36674e-07
10.6029 1.65625 -9.94487e-08
10.6029 1.71875 -4.51004e-08
10.6029 1.78125 2.11634e-08
10.6029 1.84375 1.71909e-07
10.6029 1.90625 1.32685e-07
10.6029 1.96875 5.24435e-08
11.3883 0.03125 -6.7089e-08
11.3883 0.09375 -4.20759e-08
11.3883 0.15625 -9.56296e-08
11.3883 0.21875 1.12978e-07
11.3883 0.28125 1.76004e-07
11.3883 0.34375 3.12847e-07
11.3883 0.40625 2.25905e-07
11.3883 0.46875 3.08515e-08
11.3883 0.53125 -2.08709e-08
11.3883 0.59375 5.97393e-08
11.3883 0.65625 1.23949e-07
11.3883 0.71875 3.90914e-07
11.3883 0.78125 3.39845e-07
11.3883 0.84375 4.12015e-07
11.3883 0.90625 4.49528e-07
11.3883 0.96875 4.55165e-07
11.3883 1.03125 4.44265e-07
11.3883 1.09375 3.06148e-07
11.3883 1.15625 2.46995e-07
11.3883 1.21875 1.3258e-07
11.3883 1.28125 9.16752e-08
11.3883 1.34375 2.2436e-07
11.3883 1.40625 5.54115e-09
11.3883 1.46875 -1.38002e-07
11.3883 1.53125 4.74591e-08
11.3883 1.59375 -9.29933e-08
11.3883 1.65625 -1.06909e-08
11.3883 1.71875 -1.31093e-07
11.3883 1.78125 1.18041e-08
11.3883 1.84375 -6.53648e-08
11.3883 1.90625 -1.51907e-08
11.3883 1.96875 8.96245e-09
12.1737 0.03125 6.05415e-08
12.1737 0.09375 9.75448e-08
12.1737 0.15625 2.99823e-08
12.1737 0.21875 2.04108e-07
12.1737 0.28125 1.76897e-07
12.1737 0.34375 3.84736e-07
12.1737 0.40625 4.45665e-07
12.1737 0.46875 5.36936e-07
12.1737 0.53125 3.44361e-07
12.1737 0.59375 -3.07203e-07
12.1737 0.65625 -3.70878e-07
12.1737 0.71875 -2.48242e-07
12.1737 0.78125 8.49914e-08
12.1737 0.84375 2.40089e-08
12.1737 0.90625 -1.75633e-07
12.1737 0.96875 -3.07961e-07
12.1737 1.03125 -2.93417e-07
12.1737 1.09375 -2.88337e-07
12.1737 1.15625 -2.53658e-07
12.1737 1.21875 -4.44997e-07
12.1737 1.28125 -7.94323e-07
12.1737 1.34375 -8.77404e-07
12.1737 1.40625 -8.60152e-07
12.1737 1.46875 -5.48284e-07
12.1737 1.53125 -2.67273e-07
12.1737 1.59375 -2.40825e-07
12.1737 1.65625 -3.233e-07
12.1737 1.71875 -3.2797e-07
12.1737 1.78125 -4.22232e-07
12.1737 1.84375 -3.74488e-07
12.1737 1.90625 -1.11686e-07
12.1737 1.96875 -1.68095e-08
12.9591 0.03125 -2.87492e-08
12.9591 0.09375 2.68331e-09
12.9591 0.15625 -1.51217e-07
12.9591 0.21875 -7.28488e-08
12.9591 0.28125 -5.16033e-08
12.9591 0.34375 -7.27345e-08
12.9591 0.40625 -8.14633e-08
12.9591 0.46875 -1.10272e-07
12.9591 0.53125 -8.13645e-08
12.9591 0.59375 1.85094e-07
12.9591 0.65625 -2.74761e-08
12.9591 0.71875 -3.26099e-07
12.9591 0.78125 -3.69174e-07
12.9591 0.84375 -1.81848e-07
12.9591 0.90625 -2.86858e-07
12.9591 0.96875 -1.2936e-07
12.9591 1.03125 1.02087e-07
12.9591 1.09375 1.86349e-07
12.9591 1.15625 2.44744e-07
12.9591 1.21875 2.48942e-07
12.9591 1.28125 2.08031e-07
12.9591 1.34375 4.41297e-08
12.9591 1.40625 2.13172e-07
12.9591 1.46875 2.34936e-07
12.9591 1.53125 1.66682e-07
12.9591 1.59375 -9.7018e-08
12.9591 1.65625 -9.69275e-08
12.9591 1.71875 1.00799e-07
12.9591 1.78125 2.06583e-07
12.9591 1.84375 2.1769e-07
12.9591 1.90625 1.98011e-07
12.9591 1.96875 -9.76328e-08
13.7445 0.03125 -8.72917e-08
13.7445 0.09375 -1.12485e-07
13.7445 0.15625 -1.49826e-07
13.7445 0.21875 -6.93778e-08
13.7445 0.28125 -1.97589e-07
13.7445 0.34375 -2.13285e-07
13.7445 0.40625 5.56429e-09
13.7445 0.46875 9.54839e-08
13.7445 0.53125 -3.56611e-08
13.7445 0.59375 1.09026e-07
13.7445 0.65625 -6.05843e-08
13.7445 0.71875 -1.2355e-07
13.7445 0.78125 -1.56294e-07
13.7445 0.84375 -1.49221e-07
13.7445 0.90625 1.44374e-07
13.7445 0.96875 3.78387e-07
13.7445 1.03125 3.02801e-07
13.7445 1.09375 2.22142e-07
13.7445 1.15625 1.49938e-07
13.7445 1.21875 1.89694e-07
13.7445 1.28125 3.75946e-07
13.7445 1.34375 2.61329e-07
13.7445 1.40625 3.11384e-07
13.7445 1.46875 1.7209e-07
13.7445 1.53125 2.84006e-07
13.7445 1.59375 1.88922e-07
13.7445 1.65625 2.20149e-07
13.7445 1.71875 1.41943e-07
13.7445 1.78125 1.08953e-07
13.7445 1.84375 6.39105e-08
13.7445 1.90625 -6.40885e-08
13.7445 1.96875 2.39476e-08
14.5299 0.03125 1.2118e-08
14.5299 0.09375 1.66117e-07
14.5299 0.15625 4.60117e-07
14.5299 0.21875 4.29563e-07
14.5299 0.28125 2.85178e-07
14.5299 0.34375 2.67678e-07
14.5299 0.40625 2.438e-07
14.5299 0.46875 4.05291e-07
14.5299 0.53125 5.4532e-07
14.5299 0.59375 3.0183e-07
14.5299 0.65625 1.09034e-07
14.5299 0.71875 5.00089e-08
14.5299 0.78125 -3.5944e-07
14.5299 0.84375 -4.84415e-07
14.5299 0.90625 -3.79723e-07
14.5299 0.96875 -2.99727e-07
14.5299 1.03125 -2.55568e-07
14.5299 1.09375 -4.78781e-08
14.5299 1.15625 -2.6786e-07
14.5299 1.21875 -3.1441e-07
14.5299 1.28125 -3.26204e-07
14.5299 1.34375 -2.38484e-07
14.5299 1.40625 2.96008e-07
14.5299 1.46875 4.57638e-07
14.5299 1.53125 5.13674e-07
14.5299 1.59375 4.119e-07
14.5299 1.65625 3.62215e-07
14.5299 1.71875 2.59902e-07
14.5299 1.78125 8.92776e-08
14.5299 1.84375 -1.99448e-07
14.5299 1.90625 -1.63191e-07
14.5299 1.96875 -5.08432e-09
15.3153 0.03125 8.50761e-08
15.3153 0.09375 6.18072e-09
15.3153 0.15625 8.36916e-08
15.3153 0.21875 -2.2358e-07
15.3153 0.28125 -6.21177e-08
15.3153 0.34375 -2.76102e-07
15.3153 0.40625 -5.72688e-07
15.3153 0.46875 -8.58683e-07
15.3153 0.53125 -5.27821e-07
15.3153 0.59375 -4.22682e-07
15.3153 0.65625 -5.62925e-08
15.3153 0.71875 5.48433e-08
15.3153 0.78125 6.79959e-08
15.3153 0.84375 2.28804e-07
15.3153 0.90625 6.96741e-08
15.3153 0.96875 -4.06451e-07
15.3153 1.03125 -4.70166e-07
15.3153 1.09375 -3.96782e-07
15.3153 1.15625 -2.32614e-07
15.3153 1.21875 1.63216e-08
15.3153 1.28125 -4.89335e-08
15.3153 1.34375 2.70138e-07
15.3153 1.40625 1.31749e-08
15.3153 1.46875 2.52431e-07
15.3153 1.53125 1.01909e-07
15.3153 1.59375 3.47814e-07
15.3153 1.65625 3.64777e-07
15.3153 1.71875 1.37845e-07
15.3153 1.78125 -4.27929e-08
15.3153 1.84375 2.97045e-08
15.3153 1.90625 1.59238e-08
15.3153 1.96875 1.09193e-08
16.1007 0.03125 5.39166e-10
16.1007 0.09375 -6.52697e-08
16.1007 0.15625 -5.17137e-08
16.1007 0.21875 -2.5979e-07
16.1007 0.28125 5.7902e-08
16.1007 0.34375 8.03972e-08
16.1007 0.40625 1.70263e-07
16.1007 0.46875 -1.24225e-09
16.1007 0.53125 -7.93011e-08
16.1007 0.59375 -1.85011e-07
16.1007 0.65625 -1.57023e-07
16.1007 0.71875 -2.07372e-07
16.1007 0.78125 -1.22577e-07
16.1007 0.84375 9.33321e-09
16.1007 0.90625 1.43988e-07
16.1007 0.96875 1.64797e-07
16.1007 1.03125 -7.30293e-08
16.1007 1.09375 1.30012e-08
16.1007 1.15625 7.78788e-08
16.1007 1.21875 -5.51284e-08
16.1007 1.28125 -3.96243e-08
16.1007 1.34375 2.23735e-08
16.1007 1.40625 -1.80626e-07
16.1007 1.46875 -4.57815e-07
16.1007 1.53125 -5.54779e-07
16.1007 1.59375 -3.52805e-07
16.1007 1.65625 -4.63512e-07
16.1007 1.71875 -3.88869e-07
16.1007 1.78125 -2.71194e-07
16.1007 1.84375 1.07751e-07
16.1007 1.90625 1.14083e-08
16.1007 1.96875 8.4202e-08
16.8861 0.03125 -3.57752e-08
16.8861 0.09375 6.75161e-08
16.8861 0.15625 -2.377e-08
16.8861 0.21875 1.5599e-07
16.8861 0.28125 -4.7719e-08
16.8861 0.34375 -1.51847e-07
16.8861 0.40625 -2.08911e-07
16.8861 0.46875 8.20335e-08
16.8861 0.53125 2.43107e-07
16.8861 0.59375 2.56856e-07
16.8861 0.65625 1.03434e-07
16.8861 0.71875 -1.83192e-08
16.8861 0.78125 1.90444e-07
16.8861 0.84375 2.72455e-08
16.8861 0.90625 -2.36784e-08
16.8861 0.96875 2.3168e-07
16.8861 1.03125 1.47743e-07
16.8861 1.09375 -3.8562e-08
16.8861 1.15625 -1.44134e-07
16.8861 1.21875 2.08662e-07
16.8861 1.28125 3.68761e-07
16.8861 1.34375 2.01175e-07
16.8861 1.40625 1.52326e-07
16.8861 1.46875 -7.46385e-08
16.8861 1.53125 -1.84497e-07
16.8861 1.59375 -4.74493e-07
16.8861 1.65625 -5.09993e-07
16.8861 1.71875 -3.0095e-07
16.8861 1.78125 -2.17013e-07
16.8861 1.84375 -3.03813e-07
16.8861 1.90625 -1.672e-08
16.8861 1.96875 -8.01221e-08
17.6715 0.03125 -2.48811e-08
17.6715 0.09375 -5.97137e-08
17.6715 0.15625 -2.8681e-07
17.6715 0.21875 -1.0099e-07
17.6715 0.28125 -3.82522e-08
17.6715 0.34375 1.16397e-07
17.6715 0.40625 1.34982e-07
17.6715 0.46875 1.46961e-07
17.6715 0.53125 -5.26528e-09
17.6715 0.59375 9.09641e-08
17.6715 0.65625 1.01195e-07
17.6715 0.71875 1.30843e-07
17.6715 0.78125 1.96503e-07
17.6715 0.84375 1.68571e-07
17.6715 0.90625 1.87409e-09
17.6715 0.96875 1.385e-08
17.6715 1.03125 2.76911e-07
17.6715 1.09375 -9.28199e-08
17.6715 1.15625 -1.83958e-07
17.6715 1.21875 -2.41127e-07
17.6715 1.28125 -2.25337e-07
17.6715 1.34375 2.29565e-08
17.6715 1.40625 -4.61259e-08
17.6715 1.46875 5.64624e-08
17.6715 1.53125 -3.89823e-08
17.6715 1.59375 -5.58539e-08
17.6715 1.65625 4.97722e-08
17.6715 1.71875 5.41611e-08
17.6715 1.78125 2.3827e-07
17.6715 1.84375 3.07524e-08
17.6715 1.90625 1.14448e-07
17.6715 1.96875 -2.64621e-08
18.4569 0.03125 3.40553e-08
18.4569 0.09375 -1.04887e-07
18.4569 0.15625 1.44815e-07
18.4569 0.21875 -6.43869e-08
18.4569 0.28125 -1.44266e-07
18.4569 0.34375 7.29588e-08
18.4569 0.40625 3.05306e-07
18.4569 0.46875 3.39068e-07
18.4569 0.53125 2.39045e-07
18.4569 0.59375 1.39133e-07
18.4569 0.65625 2.42185e-07
18.4569 0.71875 3.12231e-07
18.4569 0.78125 2.00039e-07
18.4569 0.84375 3.55783e-07
18.4569 0.90625 2.18013e-07
18.4569 0.96875 4.76893e-08
18.4569 1.03125 3.06634e-07
18.4569 1.09375 4.61328e-07
18.4569 1.15625 2.94927e-07
18.4569 1.21875 -2.4952e-07
18.4569 1.28125 -2.52267e-07
18.4569 1.34375 -3.17726e-07
18.4569 1.40625 -3.93139e-08
18.4569 1.46875 2.01949e-07
18.4569 1.53125 1.85533e-07
18.4569 1.59375 5.14358e-07
18.4569 1.65625 5.93902e-07
18.4569 1.71875 6.60704e-07
18.4569 1.78125 5.91806e-07
18.4569 1.84375 4.9128e-07
18.4569 1.90625 -1.99747e-08
18.4569 1.96875 7.13509e-08
19.2423 0.03125 -3.97034e-08
19.2423 0.09375 2.21669e-07
19.2423 0.15625 2.18762e-07
19.2423 0.21875 2.999e-07
19.2423 0.28125 3.32818e-07
19.2423 0.34375 2.39222e-07
19.2423 0.40625 -2.96611e-08
19.2423 0.46875 -7.64557e-08
19.2423 0.53125 7.60249e-08
19.2423 0.59375 -1.05502e-07
19.2423 0.65625 -2.39073e-07
19.2423 0.71875 -1.55763e-07
19.2423 0.78125 8.79277e-08
19.2423 0.84375 -8.21952e-08
19.2423 0.90625 4.18292e-08
19.2423 0.96875 -8.91373e-08
19.2423 1.03125 -4.01923e-07
19.2423 1.09375 -5.45208e-07
19.2423 1.15625 -5.26904e-07
19.2423 1.21875 -3.62512e-07
19.2423 1.28125 -2.86796e-07
19.2423 1.34375 -4.57703e-07
19.2423 1.40625 -5.6742e-07
19.2423 1.46875 -4.56536e-07
19.2423 1.53125 -2.21091e-07
19.2423 1.59375 -2.0887e-07
19.2423 1.65625 -2.78083e-07
19.2423 1.71875 -1.76879e-07
19.2423 1.78125 -1.09002e-07
19.2423 1.84375 6.6453e-08
19.2423 1.90625 4.64336e-08
19.2423 1.96875 -2.05962e-08
20.0277 0.03125 6.14371e-08
20.0277 0.09375 -4.08134e-08
20.0277 0.15625 7.70912e-08
20.0277 0.21875 3.69003e-08
20.0277 0.28125 6.44593e-08
20.0277 0.34375 -2.28451e-07
20.0277 0.40625 -2.73658e-07
20.0277 0.46875 -5.29827e-07
20.0277 0.53125 -6.17284e-07
20.0277 0.59375 -3.34925e-07
20.0277 0.65625 -2.73712e-07
20.0277 0.71875 -2.01813e-07
20.0277 0.78125 -1.37137e-07
20.0277 0.84375 -5.1905e-08
20.0277 0.90625 2.51569e-07
20.0277 0.96875 3.55452e-07
20.0277 1.03125 1.56346e-07
20.0277 1.09375 1.15857e-07
20.0277 1.15625 1.14317e-07
20.0277 1.21875 3.42159e-07
20.0277 1.28125 4.63367e-08
20.0277 1.34375 1.37222e-07
20.0277 1.40625 -1.58547e-07
20.0277 1.46875 -2.82646e-07
20.0277 1.53125 -3.70807e-07
20.0277 1.59375 -5.67887e-07
20.0277 1.65625 -7.03446e-07
20.0277 1.71875 -7.41264e-07
20.0277 1.78125 -5.64577e-07
20.0277 1.84375 -3.51118e-07
20.0277 1.90625 3.07772e-08
20.0277 1.96875 -2.72775e-08
20.8131 0.03125 6.23743e-08
20.8131 0.09375 -1.71798e-07
20.8131 0.15625 -1.94786e-07
20.8131 0.21875 -4.34473e-07
20.8131 0.28125 -5.63294e-07
20.8131 0.34375 -6.88999e-07
20.8131 0.40625 -5.1272e-07
20.8131 0.46875 -2.74208e-07
20.8131 0.53125 -1.7184e-07
20.8131 0.59375 -7.8768e-09
20.8131 0.65625 3.55706e-08
20.8131 0.71875 -1.78349e-08
20.8131 0.78125 -2.58371e-07
20.8131 0.84375 -3.58837e-08
20.8131 0.90625 5.85739e-08
20.8131 0.96875 2.27083e-07
20.8131 1.03125 3.2326e-07
20.8131 1.09375 3.16967e-07
20.8131 1.15625 3.24145e-07
20.8131 1.21875 2.72459e-07
20.8131 1.28125 3.23123e-07
20.8131 1.34375 3.69313e-07
20.8131 1.40625 6.63099e-07
20.8131 1.46875 6.54409e-07
20.8131 1.53125 5.55652e-07
20.8131 1.59375 6.32294e-07
20.8131 1.65625 7.62772e-07
20.8131 1.71875 6.50093e-07
20.8131 1.78125 1.315e-07
20.8131 1.84375 -1.32099e-07
20.8131 1.90625 -1.94941e-07
20.8131 1.96875 5.29796e-08
21.5984 0.03125 -3.86148e-08
21.5984 0.09375 -6.36246e-08
21.5984 0.15625 -4.49571e-07
21.5984 0.21875 -5.09756e-07
21.5984 0.28125 -4.4076e-07
21.5984 0.34375 -1.28903e-07
21.5984 0.40625 -1.47294e-07
21.5984 0.46875 -1.02775e-07
21.5984 0.53125 -1.94862e-07
21.5984 0.59375 -3.79772e-07
21.5984 0.65625 -5.21682e-07
21.5984 0.71875 -7.84774e-07
21.5984 0.78125 -1.05248e-06
21.5984 0.84375 -1.32152e-06
21.5984 0.90625 -1.26778e-06
21.5984 0.96875 -9.78542e-07
21.5984 1.03125 -6.3952e-07
21.5984 1.09375 -2.86778e-07
21.5984 1.15625 -6.3819e-08
21.5984 1.21875 -2.11108e-07
21.5984 1.28125 1.16088e-07
21.5984 1.34375 5.23232e-08
21.5984 1.40625 5.21568e-08
21.5984 1.46875 -1.18378e-07
21.5984 1.53125 -9.98513e-08
21.5984 1.59375 1.29151e-07
21.5984 1.65625 2.94592e-07
21.5984 1.71875 2.92081e-07
21.5984 1.78125 2.44357e-07
21.5984 1.84375 2.46223e-07
21.5984 1.90625 6.02779e-08
21.5984 1.96875 5.10297e-08
22.3838 0.03125 -2.05511e-08
22.3838 0.09375 2.23551e-07
22.3838 0.15625 2.785e-07
22.3838 0.21875 3.12301e-07
22.3838 0.28125 5.93293e-09
22.3838 0.34375 -7.34732e-08
22.3838 0.40625 -2.90905e-07
22.3838 0.46875 -4.4744e-07
22.3838 0.53125 -8.54446e-07
22.3838 0.59375 -8.45414e-07
22.3838 0.65625 -4.71773e-07
22.3838 0.71875 -3.12379e-07
22.3838 0.78125 -3.72267e-08
22.3838 0.84375 -1.85041e-07
22.3838 0.90625 -3.14596e-07
22.3838 0.96875 -2.82791e-07
22.3838 1.03125 -1.93157e-07
22.3838 1.09375 2.75392e-08
22.3838 1.15625 3.01142e-07
22.3838 1.21875 6.06134e-07
22.3838 1.28125 5.52818e-07
22.3838 1.34375 3.95972e-07
22.3838 1.40625 1.2928e-07
22.3838 1.46875 -1.07001e-07
22.3838 1.53125 -3.07991e-07
22.3838 1.59375 -6.44874e-07
22.3838 1.65625 -7.62059e-07
22.3838 1.71875 -6.20408e-07
22.3838 1.78125 -1.47781e-07
22.3838 1.84375 -7.21086e-08
22.3838 1.90625 6.05672e-08
22.3838 1.96875 -6.44578e-08
23.1692 0.03125 -6.08449e-08
23.1692 0.09375 2.18423e-07
23.1692 0.15625 4.7974e-07
23.1692 0.21875 7.61595e-07
23.1692 0.28125 6.99376e-07
23.1692 0.34375 7.37466e-07
23.1692 0.40625 5.92011e-07
23.1692 0.46875 4.2491e-07
23.1692 0.53125 4.30856e-07
23.1692 0.59375 6.09592e-07
23.1692 0.65625 6.34579e-07
23.1692 0.71875 1.05761e-06
23.1692 0.78125 1.03353e-06
23.1692 0.84375 1.04842e-06
23.1692 0.90625 9.02992e-07
23.1692 0.96875 7.65867e-07
23.1692 1.03125 7.24701e-07
23.1692 1.09375 5.87718e-07
23.1692 1.15625 6.78608e-07
23.1692 1.21875 5.39387e-07
23.1692 1.28125 5.21746e-07
23.1692 1.34375 3.67637e-07
23.1692 1.40625 2.71599e-07
23.1692 1.46875 1.37959e-07
23.1692 1.53125 2.06863e-07
23.1692 1.59375 -3.44698e-08
23.1692 1.65625 1.01751e-07
23.1692 1.71875 6.98203e-08
23.1692 1.78125 -4.48725e-08
23.1692 1.84375 -4.76967e-08
23.1692 1.90625 -1.79057e-08
23.1692 1.96875 -5.73419e-08
23.9546 0.03125 5.26928e-08
23.9546 0.09375 -2.47856e-07
23.9546 0.15625 -3.70295e-07
23.9546 0.21875 -4.46403e-07
23.9546 0.28125 -1.1565e-07
23.9546 0.34375 -1.17392e-07
23.9546 0.40625 1.28682e-07
23.9546 0.46875 2.63425e-07
23.9546 0.53125 7.43064e-07
23.9546 0.59375 5.91635e-07
23.9546 0.65625 4.47998e-07
23.9546 0.71875 4.04419e-07
23.9546 0.78125 3.09448e-07
23.9546 0.84375 3.13277e-07
23.9546 0.90625 3.11497e-07
23.9546 0.96875 7.43188e-08
23.9546 1.03125 8.25267e-10
23.9546 1.09375 8.75903e-08
23.9546 1.15625 -2.06205e-07
23.9546 1.21875 -6.26463e-07
23.9546 1.28125 -9.59371e-07
23.9546 1.34375 -7.6684e-07
23.9546 1.40625 -6.78215e-07
23.9546 1.46875 -1.87828e-07
23.9546 1.53125 1.43007e-07
23.9546 1.59375 6.2055e-07
23.9546 1.65625 5.89841e-07
23.9546 1.71875 4.89209e-07
23.9546 1.78125 2.20653e-07
23.9546 1.84375 5.97028e-08
23.9546 1.90625 -5.32611e-08
23.9546 1.96875 3.45349e-08
24.74 0.03125 -6.87805e-10
24.74 0.09375 4.28017e-08
24.74 0.15625 3.91522e-08
24.74 0.21875 3.4247e-08
24.74 0.28125 3.129e-07
24.74 0.34375 4.27359e-07
24.74 0.40625 5.0602e-07
24.74 0.46875 5.52718e-07
24.74 0.53125 4.80672e-07
24.74 0.59375 4.9096e-07
24.74 0.65625 4.67589e-07
24.74 0.71875 2.85965e-07
24.74 0.78125 1.28082e-07
24.74 0.84375 1.57697e-07
24.74 0.90625 3.70406e-07
24.74 0.96875 1.61714e-07
24.74 1.03125 1.45745e-07
24.74 1.09375 -2.17626e-07
24.74 1.15625 -4.7161e-07
24.74 1.21875 -2.41815e-07
24.74 1.28125 -3.05699e-07
24.74 1.34375 -2.31634e-07
24.74 1.40625 3.45092e-08
24.74 1.46875 2.21819e-07
24.74 1.53125 1.13443e-07
24.74 1.59375 4.91664e-08
24.74 1.65625 -1.4417e-07
24.74 1.71875 -2.65096e-08
24.74 1.78125 8.64431e-08
24.74 1.84375 4.92188e-08
24.74 1.90625 -2.04262e-08
24.74 1.96875 -1.34445e-09
