0.392699 0.03125 -1.26181e-08
1.1781 0.03125 -1.65899e-08
1.9635 0.03125 -1.79569e-09
2.74889 0.03125 2.06718e-08
3.53429 0.03125 -1.41187e-08
4.31969 0.03125 -6.66181e-09
5.10509 0.03125 2.8667e-08
5.89049 0.03125 1.48062e-08
6.67588 0.03125 -1.67822e-08
7.46128 0.03125 -1.05759e-08
8.24668 0.03125 -5.51647e-10
9.03208 0.03125 8.57655e-09
9.81748 0.03125 3.52753e-08
10.6029 0.03125 -1.55576e-08
11.3883 0.03125 -2.4549e-08
12.1737 0.03125 2.07234e-08
12.9591 0.03125 -5.51699e-09
13.7445 0.03125 -3.53949e-08
14.5299 0.03125 3.2785e-09
15.3153 0.03125 2.8615e-08
16.1007 0.03125 3.58753e-09
16.8861 0.03125 -4.59622e-09
17.6715 0.03125 -1.71606e-08
18.4569 0.03125 7.54766e-09
19.2423 0.03125 -3.75683e-09
20.0277 0.03125 1.37055e-08
20.8131 0.03125 1.88346e-08
21.5984 0.03125 -1.09309e-08
22.3838 0.03125 3.23869e-09
23.1692 0.03125 -1.63493e-08
23.9546 0.03125 3.85133e-09
24.74 0.03125 2.17755e-09

0.392699 0.09375 -5.65544e-08
1.1781 0.09375 -7.96873e-08
1.9635 0.09375 1.25772e-07
2.74889 0.09375 -2.83444e-08
3.53429 0.09375 -1.03541e-07
4.31969 0.09375 -1.70589e-08
5.10509 0.09375 1.02585e-07
5.89049 0.09375 -5.51422e-09
6.67588 0.09375 6.25148e-08
7.46128 0.09375 6.18504e-08
8.24668 0.09375 -7.47983e-08
9.03208 0.09375 -4.08149e-08
9.81748 0.09375 -3.79363e-08
10.6029 0.09375 2.56818e-08
11.3883 0.09375 -3.58249e-08
12.1737 0.09375 4.8963e-08
12.9591 0.09375 -2.83039e-09
13.7445 0.09375 -9.8996e-08
14.5299 0.09375 1.39618e-07
15.3153 0.09375 4.19652e-08
16.1007 0.09375 -4.42105e-08
16.8861 0.09375 3.2233e-08
17.6715 0.09375 -6.40357e-08
18.4569 0.09375 -5.55781e-08
19.2423 0.09375 1.26934e-07
20.0277 0.09375 3.56072e-08
20.8131 0.09375 -9.20759e-08
21.5984 0.09375 -1.4319e-07
22.3838 0.09375 9.84294e-08
23.1692 0.09375 2.21227e-07
23.9546 0.09375 -1.4143e-07
24.74 0.09375 5.78949e-09

0.392699 0.15625 2.57153e-08
1.1781 0.15625 -1.64727e-07
1.9635 0.15625 1.16341e-07
2.74889 0.15625 3.50385e-08
3.53429 0.15625 -1.91736e-07
4.31969 0.15625 -8.29563e-08
5.10509 0.15625 2.29627e-07
5.89049 0.15625 -8.31114e-08
6.67588 0.15625 1.74835e-07
7.46128 0.15625 1.69508e-07
8.24668 0.15625 -2.02277e-07
9.03208 0.15625 -1.65416e-07
9.81748 0.15625 -5.54904e-08
10.6029 0.15625 1.20764e-07
11.3883 0.15625 -1.38091e-08
12.1737 0.15625 6.40378e-08
12.9591 0.15625 -5.99582e-08
13.7445 0.15625 -1.72279e-07
14.5299 0.15625 3.13744e-07
15.3153 0.15625 7.27302e-08
16.1007 0.15625 -7.44394e-08
16.8861 0.15625 3.90059e-08
17.6715 0.15625 -1.79129e-07
18.4569 0.15625 -6.40115e-09
19.2423 0.15625 1.82833e-07
20.0277 0.15625 1.0659e-07
20.8131 0.15625 -1.23812e-07
21.5984 0.15625 -4.03521e-07
22.3838 0.15625 7.07305e-08
23.1692 0.15625 4.95816e-07
23.9546 0.15625 -2.1742e-07
24.74 0.15625 -1.82841e-08

0.392699 0.21875 1.40141e-07
1.1781 0.21875 -1.82406e-07
1.9635 0.21875 6.85887e-08
2.74889 0.21875 3.80167e-08
3.53429 0.21875 -1.02993e-07
4.31969 0.21875 -1.43462e-07
5.10509 0.21875 2.26459e-07
5.89049 0.21875 -2.25861e-07
6.67588 0.21875 2.27709e-07
7.46128 0.21875 2.99164e-07
8.24668 0.21875 -2.75378e-07
9.03208 0.21875 -2.25251e-07
9.81748 0.21875 -2.32479e-07
10.6029 0.21875 1.75993e-07
11.3883 0.21875 1.04355e-07
12.1737 0.21875 1.72024e-07
12.9591 0.21875 -1.70704e-08
13.7445 0.21875 -1.62738e-07
14.5299 0.21875 3.57179e-07
15.3153 0.21875 -3.86248e-08
16.1007 0.21875 -1.76317e-07
16.8861 0.21875 5.88519e-08
17.6715 0.21875 -7.381e-08
18.4569 0.21875 -8.84589e-08
19.2423 0.21875 2.1616e-07
20.0277 0.21875 1.37963e-07
20.8131 0.21875 -2.617e-07
21.5984 0.21875 -5.15689e-07
22.3838 0.21875 -1.51634e-08
23.1692 0.21875 7.00961e-07
23.9546 0.21875 -1.98836e-07
24.74 0.21875 4.63357e-09

0.392699 0.28125 2.11345e-07
1.1781 0.28125 -4.28718e-07
1.9635 0.28125 1.05605e-07
2.74889 0.28125 1.13951e-07
3.53429 0.28125 -8.34226e-08
4.31969 0.28125 -9.54996e-08
5.10509 0.28125 1.46168e-07
5.89049 0.28125 -3.69518e-07
6.67588 0.28125 2.28301e-07
7.46128 0.28125 3.52892e-07
8.24668 0.28125 -3.60792e-07
9.03208 0.28125 -1.45231e-07
9.81748 0.28125 -2.97168e-07
10.6029 0.28125 1.9545e-07
11.3883 0.28125 1.87364e-07
12.1737 0.28125 2.34574e-07
12.9591 0.28125 2.30382e-08
13.7445 0.28125 -2.0104e-07
14.5299 0.28125 2.73035e-07
15.3153 0.28125 -8.3263e-08
16.1007 0.28125 -2.02734e-08
16.8861 0.28125 -2.42957e-08
17.6715 0.28125 2.63675e-09
18.4569 0.28125 -1.10995e-07
19.2423 0.28125 2.26589e-07
20.0277 0.28125 1.26898e-07
20.8131 0.28125 -4.06419e-07
21.5984 0.28125 -4.48287e-07
22.3838 0.28125 -1.86465e-07
23.1692 0.28125 6.65213e-07
23.9546 0.28125 -7.04335e-08
24.74 0.28125 2.13382e-07

0.392699 0.34375 3.99065e-07
1.1781 0.34375 -5.7615e-07
1.9635 0.34375 1.12207e-07
2.74889 0.34375 1.47837e-07
3.53429 0.34375 -9.04006e-08
4.31969 0.34375 7.4037e-09
5.10509 0.34375 8.08692e-08
5.89049 0.34375 -4.37436e-07
6.67588 0.34375 2.50431e-07
7.46128 0.34375 3.0041e-07
8.24668 0.34375 -5.26182e-07
9.03208 0.34375 -8.2283e-08
9.81748 0.34375 -2.48589e-07
10.6029 0.34375 1.17195e-07
11.3883 0.34375 2.16181e-07
12.1737 0.34375 3.78054e-07
12.9591 0.34375 4.41136e-08
13.7445 0.34375 -1.86763e-07
14.5299 0.34375 2.73523e-07
15.3153 0.34375 -2.56927e-07
16.1007 0.34375 3.40775e-08
16.8861 0.34375 -1.18102e-07
17.6715 0.34375 5.40067e-08
18.4569 0.34375 5.91116e-08
19.2423 0.34375 2.10763e-07
20.0277 0.34375 -4.36631e-08
20.8131 0.34375 -5.43325e-07
21.5984 0.34375 -2.66052e-07
22.3838 0.34375 -2.8361e-07
23.1692 0.34375 6.22159e-07
23.9546 0.34375 -4.70797e-09
24.74 0.34375 3.26521e-07

0.392699 0.40625 5.18737e-07
1.1781 0.40625 -5.90591e-07
1.9635 0.40625 5.95771e-08
2.74889 0.40625 2.54546e-07
3.53429 0.40625 -7.72732e-08
4.31969 0.40625 1.16355e-09
5.10509 0.40625 1.20928e-07
5.89049 0.40625 -4.21371e-07
6.67588 0.40625 2.39473e-07
7.46128 0.40625 1.73478e-07
8.24668 0.40625 -6.55653e-07
9.03208 0.40625 -8.56746e-08
9.81748 0.40625 -1.64769e-07
10.6029 0.40625 1.34973e-07
11.3883 0.40625 1.44223e-07
12.1737 0.40625 4.48599e-07
12.9591 0.40625 2.28317e-08
13.7445 0.40625 -7.04476e-08
14.5299 0.40625 3.56185e-07
15.3153 0.40625 -4.84076e-07
16.1007 0.40625 1.60312e-08
16.8861 0.40625 -1.30574e-07
17.6715 0.40625 5.20588e-08
18.4569 0.40625 2.6356e-07
19.2423 0.40625 1.12196e-07
20.0277 0.40625 -2.09342e-07
20.8131 0.40625 -4.74004e-07
21.5984 0.40625 -1.66429e-07
22.3838 0.40625 -4.20991e-07
23.1692 0.40625 4.54289e-07
23.9546 0.40625 1.27296e-07
24.74 0.40625 4.14143e-07

0.392699 0.46875 5.41673e-07
1.1781 0.46875 -4.29938e-07
1.9635 0.46875 -2.18719e-08
2.74889 0.46875 1.8429e-07
3.53429 0.46875 -7.27994e-08
4.31969 0.46875 8.96855e-08
5.10509 0.46875 3.0843e-07
5.89049 0.46875 -4.59519e-07
6.67588 0.46875 3.98609e-08
7.46128 0.46875 1.54136e-07
8.24668 0.46875 -5.7306e-07
9.03208 0.46875 -1.77988e-07
9.81748 0.46875 -1.81624e-07
10.6029 0.46875 2.24665e-07
11.3883 0.46875 3.41387e-08
12.1737 0.46875 4.48246e-07
12.9591 0.46875 4.79805e-09
13.7445 0.46875 -3.99446e-08
14.5299 0.46875 5.0067e-07
15.3153 0.46875 -5.83228e-07
16.1007 0.46875 -1.39552e-07
16.8861 0.46875 1.65398e-08
17.6715 0.46875 6.3002e-08
18.4569 0.46875 3.13104e-07
19.2423 0.46875 1.1112e-07
20.0277 0.46875 -4.10471e-07
20.8131 0.46875 -3.47229e-07
21.5984 0.46875 -8.32678e-08
22.3838 0.46875 -5.6795e-07
23.1692 0.46875 2.63372e-07
23.9546 0.46875 2.77024e-07
24.74 0.46875 4.77815e-07

0.392699 0.53125 3.66829e-07
1.1781 0.53125 -2.85111e-07
1.9635 0.53125 8.71248e-08
2.74889 0.53125 -3.71513e-08
3.53429 0.53125 -7.61877e-08
4.31969 0.53125 2.29601e-07
5.10509 0.53125 3.81636e-07
5.89049 0.53125 -5.3731e-07
6.67588 0.53125 -2.22959e-07
7.46128 0.53125 1.64551e-07
8.24668 0.53125 -4.29546e-07
9.03208 0.53125 -2.1034e-07
9.81748 0.53125 -1.88917e-07
10.6029 0.53125 3.787e-07
11.3883 0.53125 6.36615e-08
12.1737 0.53125 2.43784e-07
12.9591 0.53125 1.67243e-08
13.7445 0.53125 -8.54985e-08
14.5299 0.53125 5.16693e-07
15.3153 0.53125 -3.95881e-07
16.1007 0.53125 -2.1495e-07
16.8861 0.53125 1.45294e-07
17.6715 0.53125 3.56198e-08
18.4569 0.53125 2.34777e-07
19.2423 0.53125 1.45243e-07
20.0277 0.53125 -4.73039e-07
20.8131 0.53125 -2.20127e-07
21.5984 0.53125 -8.00026e-08
22.3838 0.53125 -8.12459e-07
23.1692 0.53125 1.49925e-07
23.9546 0.53125 5.28486e-07
24.74 0.53125 5.48161e-07

0.392699 0.59375 3.58279e-07
1.1781 0.59375 -1.66462e-07
1.9635 0.59375 8.23866e-08
2.74889 0.59375 -2.84674e-07
3.53429 0.59375 -6.46077e-08
4.31969 0.59375 2.98725e-07
5.10509 0.59375 4.21824e-07
5.89049 0.59375 -5.93488e-07
6.67588 0.59375 -4.25669e-07
7.46128 0.59375 1.66886e-07
8.24668 0.59375 -3.38015e-07
9.03208 0.59375 -8.54017e-08
9.81748 0.59375 -1.12926e-07
10.6029 0.59375 4.95593e-07
11.3883 0.59375 2.2597e-07
12.1737 0.59375 -1.48e-07
12.9591 0.59375 2.45514e-08
13.7445 0.59375 -1.37225e-08
14.5299 0.59375 3.54012e-07
15.3153 0.59375 -2.44858e-07
16.1007 0.59375 -2.54813e-07
16.8861 0.59375 1.40439e-07
17.6715 0.59375 7.71225e-08
18.4569 0.59375 2.11176e-07
19.2423 0.59375 9.14977e-09
20.0277 0.59375 -3.87027e-07
20.8131 0.59375 -3.53225e-08
21.5984 0.59375 -1.84083e-07
22.3838 0.59375 -8.69791e-07
23.1692 0.59375 2.61309e-07
23.9546 0.59375 5.27476e-07
24.74 0.59375 5.27998e-07

0.392699 0.65625 4.12601e-07
1.1781 0.65625 -4.37919e-08
1.9635 0.65625 -1.61478e-08
2.74889 0.65625 -5.01528e-07
3.53429 0.65625 -4.84642e-08
4.31969 0.65625 3.97339e-07
5.10509 0.65625 3.84761e-07
5.89049 0.65625 -5.53789e-07
6.67588 0.65625 -5.57023e-07
7.46128 0.65625 9.25475e-08
8.24668 0.65625 -3.12829e-07
9.03208 0.65625 2.89762e-08
9.81748 0.65625 1.63356e-07
10.6029 0.65625 4.19739e-07
11.3883 0.65625 3.15348e-07
12.1737 0.65625 -2.18013e-07
12.9591 0.65625 -1.05099e-07
13.7445 0.65625 -8.93176e-08
14.5299 0.65625 1.19352e-07
15.3153 0.65625 -4.04754e-08
16.1007 0.65625 -1.95502e-07
16.8861 0.65625 5.05892e-08
17.6715 0.65625 6.93491e-08
18.4569 0.65625 2.76066e-07
19.2423 0.65625 -7.65036e-08
20.0277 0.65625 -3.27795e-07
20.8131 0.65625 6.62048e-08
21.5984 0.65625 -3.79282e-07
22.3838 0.65625 -7.14815e-07
23.1692 0.65625 4.45831e-07
23.9546 0.65625 4.80883e-07
24.74 0.65625 4.34772e-07

0.392699 0.71875 4.11651e-07
1.1781 0.71875 1.51446e-07
1.9635 0.71875 -1.69549e-07
2.74889 0.71875 -6.31846e-07
3.53429 0.71875 -3.40364e-08
4.31969 0.71875 4.38071e-07
5.10509 0.71875 2.68573e-07
5.89049 0.71875 -4.92301e-07
6.67588 0.71875 -4.20312e-07
7.46128 0.71875 -7.12026e-08
8.24668 0.71875 -4.06161e-07
9.03208 0.71875 2.15881e-07
9.81748 0.71875 4.42278e-07
10.6029 0.71875 1.24649e-07
11.3883 0.71875 3.65404e-07
12.1737 0.71875 -5.36646e-08
12.9591 0.71875 -2.55974e-07
13.7445 0.71875 -1.69397e-07
14.5299 0.71875 -6.4923e-08
15.3153 0.71875 5.77594e-08
16.1007 0.71875 -1.67142e-07
16.8861 0.71875 -1.14174e-08
17.6715 0.71875 7.96747e-08
18.4569 0.71875 3.04612e-07
19.2423 0.71875 -3.4193e-08
20.0277 0.71875 -2.39619e-07
20.8131 0.71875 9.13381e-08
21.5984 0.71875 -6.4546e-07
22.3838 0.71875 -6.41955e-07
23.1692 0.71875 7.32887e-07
23.9546 0.71875 5.22013e-07
24.74 0.71875 2.79218e-07

0.392699 0.78125 4.66331e-07
1.1781 0.78125 3.47607e-07
1.9635 0.78125 -4.16127e-07
2.74889 0.78125 -4.66781e-07
3.53429 0.78125 7.811e-08
4.31969 0.78125 2.69459e-07
5.10509 0.78125 4.90824e-08
5.89049 0.78125 -3.76187e-07
6.67588 0.78125 -2.25547e-07
7.46128 0.78125 -2.07107e-07
8.24668 0.78125 -2.90227e-07
9.03208 0.78125 3.35985e-07
9.81748 0.78125 5.40731e-07
10.6029 0.78125 -1.76763e-07
11.3883 0.78125 2.71307e-07
12.1737 0.78125 1.39765e-07
12.9591 0.78125 -2.56045e-07
13.7445 0.78125 -1.45782e-07
14.5299 0.78125 -3.33088e-07
15.3153 0.78125 3.83945e-08
16.1007 0.78125 -1.19064e-07
16.8861 0.78125 6.65988e-08
17.6715 0.78125 1.41355e-07
18.4569 0.78125 2.60967e-07
19.2423 0.78125 5.24671e-08
20.0277 0.78125 -1.2337e-07
20.8131 0.78125 7.10305e-08
21.5984 0.78125 -9.33988e-07
22.3838 0.78125 -5.58513e-07
23.1692 0.78125 8.28085e-07
23.9546 0.78125 5.17444e-07
24.74 0.78125 1.31846e-07

0.392699 0.84375 5.94041e-07
1.1781 0.84375 2.34713e-07
1.9635 0.84375 -6.63217e-07
2.74889 0.84375 -1.70928e-07
3.53429 0.84375 2.88601e-07
4.31969 0.84375 7.60894e-08
5.10509 0.84375 -2.22821e-07
5.89049 0.84375 -3.54493e-07
6.67588 0.84375 -1.85675e-09
7.46128 0.84375 -1.8283e-07
8.24668 0.84375 -2.73237e-07
9.03208 0.84375 5.02105e-07
9.81748 0.84375 4.48494e-07
10.6029 0.84375 -3.65055e-07
11.3883 0.84375 2.74627e-07
12.1737 0.84375 1.20102e-07
12.9591 0.84375 -1.97896e-07
13.7445 0.84375 -5.72865e-08
14.5299 0.84375 -4.43157e-07
15.3153 0.84375 3.93324e-08
16.1007 0.84375 6.99783e-09
16.8861 0.84375 4.3397e-08
17.6715 0.84375 9.09305e-08
18.4569 0.84375 3.04201e-07
19.2423 0.84375 2.00222e-09
20.0277 0.84375 -4.44171e-08
20.8131 0.84375 2.36742e-07
21.5984 0.84375 -1.07628e-06
22.3838 0.84375 -6.48231e-07
23.1692 0.84375 8.02546e-07
23.9546 0.84375 4.95015e-07
24.74 0.84375 1.16955e-07

0.392699 0.90625 5.69576e-07
1.1781 0.90625 3.86313e-08
1.9635 0.90625 -8.0799e-07
2.74889 0.90625 -1.76587e-08
3.53429 0.90625 5.73817e-07
4.31969 0.90625 -9.09205e-08
5.10509 0.90625 -4.03208e-07
5.89049 0.90625 -3.61973e-07
6.67588 0.90625 1.75131e-07
7.46128 0.90625 -4.46717e-08
8.24668 0.90625 -2.5912e-07
9.03208 0.90625 5.35254e-07
9.81748 0.90625 2.45211e-07
10.6029 0.90625 -3.95457e-07
11.3883 0.90625 3.40053e-07
12.1737 0.90625 4.13942e-09
12.9591 0.90625 -2.74773e-07
13.7445 0.90625 1.18816e-07
14.5299 0.90625 -3.19321e-07
15.3153 0.90625 -1.03963e-07
16.1007 0.90625 7.22514e-08
16.8861 0.90625 6.71769e-08
17.6715 0.90625 2.09251e-08
18.4569 0.90625 2.06934e-07
19.2423 0.90625 -3.81358e-08
20.0277 0.90625 1.3379e-07
20.8131 0.90625 3.80581e-07
21.5984 0.90625 -9.95047e-07
22.3838 0.90625 -6.98873e-07
23.1692 0.90625 6.94342e-07
23.9546 0.90625 4.07839e-07
24.74 0.90625 2.03053e-07

0.392699 0.96875 5.24463e-07
1.1781 0.96875 3.16972e-08
1.9635 0.96875 -6.63301e-07
2.74889 0.96875 -1.02528e-07
3.53429 0.96875 5.7869e-07
4.31969 0.96875 -5.04263e-08
5.10509 0.96875 -5.15196e-07
5.89049 0.96875 -2.7826e-07
6.67588 0.96875 2.45206e-07
7.46128 0.96875 -4.13586e-08
8.24668 0.96875 -1.05975e-07
9.03208 0.96875 4.23057e-07
9.81748 0.96875 -1.42871e-07
10.6029 0.96875 -2.41137e-07
11.3883 0.96875 4.26797e-07
12.1737 0.96875 -1.07177e-07
12.9591 0.96875 -2.3494e-07
13.7445 0.96875 2.79529e-07
14.5299 0.96875 -1.36983e-07
15.3153 0.96875 -3.61869e-07
16.1007 0.96875 -1.46311e-08
16.8861 0.96875 1.51423e-07
17.6715 0.96875 6.81469e-08
18.4569 0.96875 1.72599e-07
19.2423 0.96875 -1.65345e-07
20.0277 0.96875 1.64457e-07
20.8131 0.96875 4.64607e-07
21.5984 0.96875 -7.47314e-07
22.3838 0.96875 -6.14305e-07
23.1692 0.96875 6.26396e-07
23.9546 0.96875 2.70351e-07
24.74 0.96875 8.08725e-08

0.392699 1.03125 3.62078e-07
1.1781 1.03125 8.84437e-08
1.9635 1.03125 -3.65952e-07
2.74889 1.03125 -3.54509e-07
3.53429 1.03125 4.65371e-07
4.31969 1.03125 1.09117e-07
5.10509 1.03125 -4.72939e-07
5.89049 1.03125 -2.68512e-07
6.67588 1.03125 1.91715e-07
7.46128 1.03125 3.05736e-10
8.24668 1.03125 1.02729e-07
9.03208 1.03125 2.80569e-07
9.81748 1.03125 -4.97821e-07
10.6029 1.03125 -1.45941e-07
11.3883 1.03125 4.48097e-07
12.1737 1.03125 -1.61803e-07
12.9591 1.03125 -8.51693e-08
13.7445 1.03125 2.94008e-07
14.5299 1.03125 -4.65643e-08
15.3153 1.03125 -4.15065e-07
16.1007 1.03125 -1.21006e-07
16.8861 1.03125 5.65077e-08
17.6715 1.03125 9.50549e-08
18.4569 1.03125 3.66277e-07
19.2423 1.03125 -3.09867e-07
20.0277 1.03125 2.53691e-08
20.8131 1.03125 4.51282e-07
21.5984 1.03125 -4.64045e-07
22.3838 1.03125 -4.40439e-07
23.1692 1.03125 6.04167e-07
23.9546 1.03125 2.06524e-07
24.74 1.03125 -9.95587e-09

0.392699 1.09375 1.35738e-07
1.1781 1.09375 3.40827e-07
1.9635 1.09375 -1.0527e-07
2.74889 1.09375 -5.67049e-07
3.53429 1.09375 4.05864e-07
4.31969 1.09375 1.67563e-07
5.10509 1.09375 -5.09351e-07
5.89049 1.09375 -3.22571e-07
6.67588 1.09375 1.71372e-07
7.46128 1.09375 1.20437e-07
8.24668 1.09375 1.38134e-07
9.03208 1.09375 1.08199e-07
9.81748 1.09375 -5.20443e-07
10.6029 1.09375 -3.47026e-08
11.3883 1.09375 3.90837e-07
12.1737 1.09375 -2.06632e-07
12.9591 1.09375 1.87496e-08
13.7445 1.09375 2.42234e-07
14.5299 1.09375 1.43189e-08
15.3153 1.09375 -3.47415e-07
16.1007 1.09375 -6.31403e-08
16.8861 1.09375 -2.10839e-08
17.6715 1.09375 -1.27073e-07
18.4569 1.09375 4.2585e-07
19.2423 1.09375 -4.07037e-07
20.0277 1.09375 -3.26398e-08
20.8131 1.09375 3.94053e-07
21.5984 1.09375 -2.24703e-07
22.3838 1.09375 -1.70789e-07
23.1692 1.09375 5.83343e-07
23.9546 1.09375 2.18498e-07
24.74 1.09375 -2.22109e-07

0.392699 1.15625 8.47844e-08
1.1781 1.15625 4.32901e-07
1.9635 1.15625 8.30749e-08
2.74889 1.15625 -5.51253e-07
3.53429 1.15625 4.70037e-07
4.31969 1.15625 5.82092e-08
5.10509 1.15625 -6.43952e-07
5.89049 1.15625 -3.07335e-07
6.67588 1.15625 1.20917e-07
7.46128 1.15625 3.24065e-07
8.24668 1.15625 3.5935e-08
9.03208 1.15625 -7.43505e-08
9.81748 1.15625 -2.9529e-07
10.6029 1.15625 2.08201e-08
11.3883 1.15625 3.32316e-07
12.1737 1.15625 -2.63134e-07
12.9591 1.15625 7.14057e-08
13.7445 1.15625 2.34663e-07
14.5299 1.15625 -1.15524e-07
15.3153 1.15625 -2.32204e-07
16.1007 1.15625 -1.2071e-08
16.8861 1.15625 -2.13739e-08
17.6715 1.15625 -2.01829e-07
18.4569 1.15625 2.49832e-07
19.2423 1.15625 -4.50821e-07
20.0277 1.15625 -1.06384e-08
20.8131 1.15625 3.70455e-07
21.5984 1.15625 -1.11736e-07
22.3838 1.15625 9.84401e-08
23.1692 1.15625 6.93593e-07
23.9546 1.15625 3.9232e-08
24.74 1.15625 -4.27518e-07

0.392699 1.21875 2.84748e-07
1.1781 1.21875 3.68598e-07
1.9635 1.21875 4.91157e-08
2.74889 1.21875 -3.47173e-07
3.53429 1.21875 5.01117e-07
4.31969 1.21875 -2.00404e-07
5.10509 1.21875 -5.83826e-07
5.89049 1.21875 -1.24289e-07
6.67588 1.21875 -4.80508e-08
7.46128 1.21875 3.90046e-07
8.24668 1.21875 1.32629e-07
9.03208 1.21875 -2.06585e-07
9.81748 1.21875 -2.02584e-07
10.6029 1.21875 8.24491e-08
11.3883 1.21875 3.05423e-07
12.1737 1.21875 -4.38539e-07
12.9591 1.21875 3.24348e-08
13.7445 1.21875 2.75507e-07
14.5299 1.21875 -1.97488e-07
15.3153 1.21875 -6.05607e-08
16.1007 1.21875 -9.00254e-08
16.8861 1.21875 1.63534e-07
17.6715 1.21875 -1.18031e-07
18.4569 1.21875 -9.16052e-08
19.2423 1.21875 -4.59817e-07
20.0277 1.21875 8.38437e-08
20.8131 1.21875 3.77603e-07
21.5984 1.21875 -1.50431e-07
22.3838 1.21875 3.16706e-07
23.1692 1.21875 7.52077e-07
23.9546 1.21875 -3.06088e-07
24.74 1.21875 -4.79653e-07

0.392699 1.28125 4.30904e-07
1.1781 1.28125 3.30368e-07
1.9635 1.28125 5.13472e-09
2.74889 1.28125 -1.54708e-07
3.53429 1.28125 4.36528e-07
4.31969 1.28125 -4.26077e-07
5.10509 1.28125 -3.03836e-07
5.89049 1.28125 9.04555e-08
6.67588 1.28125 -3.90134e-07
7.46128 1.28125 3.3509e-07
8.24668 1.28125 3.68654e-07
9.03208 1.28125 -3.38154e-07
9.81748 1.28125 -2.58716e-07
10.6029 1.28125 2.38952e-07
11.3883 1.28125 3.7064e-07
12.1737 1.28125 -6.57571e-07
12.9591 1.28125 -7.81554e-08
13.7445 1.28125 3.40841e-07
14.5299 1.28125 -1.77681e-07
15.3153 1.28125 9.89055e-10
16.1007 1.28125 -1.16493e-07
16.8861 1.28125 2.70859e-07
17.6715 1.28125 -3.26409e-08
18.4569 1.28125 -1.84724e-07
19.2423 1.28125 -4.15636e-07
20.0277 1.28125 -3.73988e-08
20.8131 1.28125 3.48667e-07
21.5984 1.28125 4.46411e-09
22.3838 1.28125 3.56077e-07
23.1692 1.28125 7.55737e-07
23.9546 1.28125 -5.46137e-07
24.74 1.28125 -5.52584e-07

0.392699 1.34375 3.57679e-07
1.1781 1.34375 3.34277e-07
1.9635 1.34375 2.07514e-08
2.74889 1.34375 -7.22667e-09
3.53429 1.34375 2.83686e-07
4.31969 1.34375 -5.31584e-07
5.10509 1.34375 -7.18485e-09
5.89049 1.34375 1.81743e-07
6.67588 1.34375 -7.92797e-07
7.46128 1.34375 2.89944e-07
8.24668 1.34375 6.87859e-07
9.03208 1.34375 -3.94938e-07
9.81748 1.34375 -3.85274e-07
10.6029 1.34375 2.83838e-07
11.3883 1.34375 4.32086e-07
12.1737 1.34375 -7.28657e-07
12.9591 1.34375 -1.50897e-07
13.7445 1.34375 2.70669e-07
14.5299 1.34375 -8.30122e-08
15.3153 1.34375 1.64002e-07
16.1007 1.34375 -7.27346e-08
16.8861 1.34375 1.7687e-07
17.6715 1.34375 7.15255e-08
18.4569 1.34375 -1.31888e-07
19.2423 1.34375 -4.89831e-07
20.0277 1.34375 -1.27188e-07
20.8131 1.34375 4.08189e-07
21.5984 1.34375 6.10481e-08
22.3838 1.34375 2.53368e-07
23.1692 1.34375 6.06154e-07
23.9546 1.34375 -5.33273e-07
24.74 1.34375 -4.36317e-07

0.392699 1.40625 3.28635e-07
1.1781 1.40625 2.87288e-07
1.9635 1.40625 -8.6498e-08
2.74889 1.40625 1.33234e-07
3.53429 1.40625 2.28923e-07
4.31969 1.40625 -6.01837e-07
5.10509 1.40625 7.51867e-08
5.89049 1.40625 2.89075e-07
6.67588 1.40625 -9.29639e-07
7.46128 1.40625 1.00099e-07
8.24668 1.40625 9.16362e-07
9.03208 1.40625 -2.29512e-07
9.81748 1.40625 -5.13481e-07
10.6029 1.40625 2.35446e-07
11.3883 1.40625 2.94846e-07
12.1737 1.40625 -7.27853e-07
12.9591 1.40625 -6.93374e-08
13.7445 1.40625 2.07487e-07
14.5299 1.40625 2.57988e-07
15.3153 1.40625 2.12687e-07
16.1007 1.40625 -1.97195e-07
16.8861 1.40625 5.74811e-08
17.6715 1.40625 1.26009e-08
18.4569 1.40625 6.05499e-08
19.2423 1.40625 -4.62941e-07
20.0277 1.40625 -3.50992e-07
20.8131 1.40625 5.2872e-07
21.5984 1.40625 1.1e-07
22.3838 1.40625 6.44956e-08
23.1692 1.40625 4.26139e-07
23.9546 1.40625 -4.47461e-07
24.74 1.40625 -1.99062e-07

0.392699 1.46875 2.12671e-07
1.1781 1.46875 1.25065e-07
1.9635 1.46875 -2.76888e-07
2.74889 1.46875 3.16995e-07
3.53429 1.46875 2.07451e-07
4.31969 1.46875 -6.35758e-07
5.10509 1.46875 6.36334e-08
5.89049 1.46875 3.76283e-07
6.67588 1.46875 -8.72385e-07
7.46128 1.46875 3.68614e-09
8.24668 1.46875 9.40133e-07
9.03208 1.46875 -1.70509e-07
9.81748 1.46875 -3.78789e-07
10.6029 1.46875 9.86336e-08
11.3883 1.46875 1.26148e-07
12.1737 1.46875 -5.41978e-07
12.9591 1.46875 1.02974e-08
13.7445 1.46875 1.25057e-07
14.5299 1.46875 4.06717e-07
15.3153 1.46875 3.65147e-07
16.1007 1.46875 -3.27298e-07
16.8861 1.46875 -1.44029e-07
17.6715 1.46875 -3.93918e-08
18.4569 1.46875 2.29222e-07
19.2423 1.46875 -3.08987e-07
20.0277 1.46875 -4.727e-07
20.8131 1.46875 5.38105e-07
21.5984 1.46875 7.36659e-08
22.3838 1.46875 -1.36575e-07
23.1692 1.46875 2.07926e-07
23.9546 1.46875 -1.63254e-07
24.74 1.46875 5.14889e-08

0.392699 1.53125 1.63094e-07
1.1781 1.53125 1.05206e-07
1.9635 1.53125 -5.60602e-07
2.74889 1.53125 3.25321e-07
3.53429 1.53125 2.25207e-07
4.31969 1.53125 -5.32871e-07
5.10509 1.53125 8.38624e-08
5.89049 1.53125 2.48629e-07
6.67588 1.53125 -7.17065e-07
7.46128 1.53125 8.40685e-08
8.24668 1.53125 8.18979e-07
9.03208 1.53125 -7.38439e-08
9.81748 1.53125 -2.34642e-07
10.6029 1.53125 -8.45643e-08
11.3883 1.53125 8.43836e-08
12.1737 1.53125 -3.15337e-07
12.9591 1.53125 -1.5427e-08
13.7445 1.53125 1.28521e-07
14.5299 1.53125 4.64657e-07
15.3153 1.53125 3.73768e-07
16.1007 1.53125 -3.69872e-07
16.8861 1.53125 -2.84627e-07
17.6715 1.53125 -1.33221e-07
18.4569 1.53125 2.70364e-07
19.2423 1.53125 -1.13065e-07
20.0277 1.53125 -5.41377e-07
20.8131 1.53125 4.65065e-07
21.5984 1.53125 1.34114e-07
22.3838 1.53125 -3.19526e-07
23.1692 1.53125 5.66221e-08
23.9546 1.53125 1.59736e-07
24.74 1.53125 1.10933e-07

0.392699 1.59375 6.83863e-08
1.1781 1.59375 2.52418e-08
1.9635 1.59375 -6.48324e-07
2.74889 1.59375 2.45494e-07
3.53429 1.59375 2.88995e-07
4.31969 1.59375 -3.3889e-07
5.10509 1.59375 8.2694e-08
5.89049 1.59375 9.93287e-08
6.67588 1.59375 -5.17595e-07
7.46128 1.59375 1.79762e-07
8.24668 1.59375 5.15969e-07
9.03208 1.59375 2.31549e-08
9.81748 1.59375 2.41707e-08
10.6029 1.59375 -1.56997e-07
11.3883 1.59375 -9.13934e-10
12.1737 1.59375 -2.46011e-07
12.9591 1.59375 -1.42261e-07
13.7445 1.59375 8.73147e-08
14.5299 1.59375 3.79484e-07
15.3153 1.59375 4.43497e-07
16.1007 1.59375 -2.39205e-07
16.8861 1.59375 -4.28651e-07
17.6715 1.59375 -2.20735e-07
18.4569 1.59375 4.4408e-07
19.2423 1.59375 1.19071e-08
20.0277 1.59375 -6.82938e-07
20.8131 1.59375 4.31122e-07
21.5984 1.59375 3.38533e-07
22.3838 1.59375 -4.80269e-07
23.1692 1.59375 -1.6904e-07
23.9546 1.59375 4.48191e-07
24.74 1.59375 1.33517e-07

0.392699 1.65625 1.53938e-07
1.1781 1.65625 -5.7852e-08
1.9635 1.65625 -6.43619e-07
2.74889 1.65625 1.1497e-07
3.53429 1.65625 3.87592e-07
4.31969 1.65625 -9.22997e-08
5.10509 1.65625 -1.13992e-08
5.89049 1.65625 -5.42672e-08
6.67588 1.65625 -3.92087e-07
7.46128 1.65625 2.4941e-07
8.24668 1.65625 2.54643e-07
9.03208 1.65625 4.87095e-08
9.81748 1.65625 6.00715e-08
10.6029 1.65625 -1.11162e-07
11.3883 1.65625 2.16867e-08
12.1737 1.65625 -2.75096e-07
12.9591 1.65625 -1.59569e-07
13.7445 1.65625 9.48986e-08
14.5299 1.65625 3.20618e-07
15.3153 1.65625 4.30665e-07
16.1007 1.65625 -2.48361e-07
16.8861 1.65625 -4.68919e-07
17.6715 1.65625 -1.96924e-07
18.4569 1.65625 5.56734e-07
19.2423 1.65625 5.32471e-08
20.0277 1.65625 -8.00172e-07
20.8131 1.65625 4.23553e-07
21.5984 1.65625 4.91817e-07
22.3838 1.65625 -5.41943e-07
23.1692 1.65625 -1.65362e-07
23.9546 1.65625 5.14964e-07
24.74 1.65625 2.70123e-08

0.392699 1.71875 2.11581e-07
1.1781 1.71875 -1.5257e-07
1.9635 1.71875 -5.51179e-07
2.74889 1.71875 9.08543e-08
3.53429 1.71875 3.98238e-07
4.31969 1.71875 -7.49486e-09
5.10509 1.71875 -1.2356e-07
5.89049 1.71875 -1.79533e-07
6.67588 1.71875 -2.87478e-07
7.46128 1.71875 2.26901e-07
8.24668 1.71875 1.47542e-07
9.03208 1.71875 2.21838e-07
9.81748 1.71875 -3.05502e-08
10.6029 1.71875 -6.98758e-08
11.3883 1.71875 -2.57246e-09
12.1737 1.71875 -3.3282e-07
12.9591 1.71875 -4.02666e-08
13.7445 1.71875 9.96795e-08
14.5299 1.71875 2.44536e-07
15.3153 1.71875 2.51921e-07
16.1007 1.71875 -2.44862e-07
16.8861 1.71875 -3.53822e-07
17.6715 1.71875 -1.37633e-07
18.4569 1.71875 6.01099e-07
19.2423 1.71875 1.16791e-07
20.0277 1.71875 -7.71088e-07
20.8131 1.71875 3.0141e-07
21.5984 1.71875 4.53069e-07
22.3838 1.71875 -4.2115e-07
23.1692 1.71875 -1.27903e-07
23.9546 1.71875 4.12483e-07
24.74 1.71875 3.51328e-08

0.392699 1.78125 2.37623e-07
1.1781 1.78125 -1.51116e-07
1.9635 1.78125 -3.94452e-07
2.74889 1.78125 1.10744e-07
3.53429 1.78125 2.24014e-07
4.31969 1.78125 1.80865e-09
5.10509 1.78125 -6.58105e-08
5.89049 1.78125 -1.81857e-07
6.67588 1.78125 -2.01381e-07
7.46128 1.78125 1.16389e-07
8.24668 1.78125 6.4251e-08
9.03208 1.78125 3.48464e-07
9.81748 1.78125 -1.19189e-07
10.6029 1.78125 -3.10873e-08
11.3883 1.78125 5.77984e-08
12.1737 1.78125 -3.75099e-07
12.9591 1.78125 5.2301e-08
13.7445 1.78125 1.09975e-07
14.5299 1.78125 1.06618e-07
15.3153 1.78125 6.80989e-08
16.1007 1.78125 -1.52524e-07
16.8861 1.78125 -2.72522e-07
17.6715 1.78125 -3.68134e-08
18.4569 1.78125 5.50431e-07
19.2423 1.78125 1.44801e-07
20.0277 1.78125 -5.52095e-07
20.8131 1.78125 1.4116e-08
21.5984 1.78125 2.87992e-07
22.3838 1.78125 -1.42901e-07
23.1692 1.78125 -8.44516e-08
23.9546 1.78125 2.07496e-07
24.74 1.78125 4.85417e-08

0.392699 1.84375 2.05979e-07
1.1781 1.84375 -1.27208e-07
1.9635 1.84375 -2.87038e-07
2.74889 1.84375 1.55262e-07
3.53429 1.84375 1.3285e-07
4.31969 1.84375 -6.80596e-08
5.10509 1.84375 2.68305e-08
5.89049 1.84375 -1.00555e-07
6.67588 1.84375 -1.26179e-07
7.46128 1.84375 6.91395e-08
8.24668 1.84375 4.69029e-08
9.03208 1.84375 1.9333e-07
9.81748 1.84375 -8.96148e-08
10.6029 1.84375 7.28353e-08
11.3883 1.84375 4.68996e-08
12.1737 1.84375 -3.21588e-07
12.9591 1.84375 9.14069e-08
13.7445 1.84375 1.02727e-07
14.5299 1.84375 -8.50459e-08
15.3153 1.84375 -1.14046e-08
16.1007 1.84375 5.16566e-08
16.8861 1.84375 -1.96874e-07
17.6715 1.84375 -6.16109e-08
18.4569 1.84375 3.71337e-07
19.2423 1.84375 1.58328e-07
20.0277 1.84375 -2.81058e-07
20.8131 1.84375 -1.47509e-07
21.5984 1.84375 1.73748e-07
22.3838 1.84375 -2.53841e-08
23.1692 1.84375 -4.21583e-08
23.9546 1.84375 6.18069e-08
24.74 1.84375 1.04447e-08

0.392699 1.90625 1.07019e-07
1.1781 1.90625 -2.82804e-09
1.9635 1.90625 -1.30645e-07
2.74889 1.90625 5.05256e-08
3.53429 1.90625 1.99279e-08
4.31969 1.90625 -4.9525e-08
5.10509 1.90625 1.81607e-08
5.89049 1.90625 -4.08502e-08
6.67588 1.90625 1.89552e-08
7.46128 1.90625 5.2148e-08
8.24668 1.90625 2.48236e-09
9.03208 1.90625 3.87498e-08
9.81748 1.90625 -6.57871e-08
10.6029 1.90625 6.99944e-08
11.3883 1.90625 2.53648e-08
12.1737 1.90625 -1.35827e-07
12.9591 1.90625 9.25273e-08
13.7445 1.90625 2.44575e-08
14.5299 1.90625 -1.01733e-07
15.3153 1.90625 -1.05133e-08
16.1007 1.90625 3.52542e-08
16.8861 1.90625 -6.21712e-08
17.6715 1.90625 2.94963e-08
18.4569 1.90625 8.54582e-08
19.2423 1.90625 4.8889e-08
20.0277 1.90625 -3.74212e-08
20.8131 1.90625 -1.16549e-07
21.5984 1.90625 4.95502e-08
22.3838 1.90625 2.27494e-08
23.1692 1.90625 -6.61433e-09
23.9546 1.90625 -6.80646e-09
24.74 1.90625 -2.35395e-08

0.392699 1.96875 6.28028e-09
1.1781 1.96875 -1.58899e-08
1.9635 1.96875 1.50882e-09
2.74889 1.96875 3.13699e-08
3.53429 1.96875 -6.52142e-09
4.31969 1.96875 -5.33563e-09
5.10509 1.96875 3.49741e-09
5.89049 1.96875 3.02425e-09
6.67588 1.96875 -1.33229e-08
7.46128 1.96875 -7.15241e-09
8.24668 1.96875 8.22177e-09
9.03208 1.96875 -1.88087e-08
9.81748 1.96875 7.98119e-09
10.6029 1.96875 2.50109e-08
11.3883 1.96875 6.35905e-09
12.1737 1.96875 -5.11989e-09
12.9591 1.96875 -2.73072e-08
13.7445 1.96875 1.31749e-10
14.5299 1.96875 -9.23327e-09
15.3153 1.96875 -8.47878e-10
16.1007 1.96875 3.48975e-08
16.8861 1.96875 -1.92196e-08
17.6715 1.96875 -1.0914e-08
18.4569 1.96875 2.25961e-08
19.2423 1.96875 -2.30286e-09
20.0277 1.96875 -1.51564e-08
20.8131 1.96875 6.52687e-09
21.5984 1.96875 2.35114e-08
22.3838 1.96875 -1.21981e-08
23.1692 1.96875 -1.92959e-08
23.9546 1.96875 6.04111e-09
24.74 1.96875 8.54562e-10

