0.392699 0.03125 -2.17728e-09
1.1781 0.03125 -3.4071e-09
1.9635 0.03125 5.77616e-10
2.74889 0.03125 2.48331e-09
3.53429 0.03125 -2.25869e-09
4.31969 0.03125 -3.80646e-09
5.10509 0.03125 7.00219e-09
5.89049 0.03125 2.84072e-09
6.67588 0.03125 -4.90882e-10
7.46128 0.03125 2.833e-09
8.24668 0.03125 -4.56887e-10
9.03208 0.03125 -2.21076e-09
9.81748 0.03125 3.06643e-10
10.6029 0.03125 -6.08846e-10
11.3883 0.03125 -4.4731e-09
12.1737 0.03125 3.19973e-09
12.9591 0.03125 2.16321e-09
13.7445 0.03125 -9.33559e-09
14.5299 0.03125 2.03001e-09
15.3153 0.03125 6.87366e-09
16.1007 0.03125 2.65695e-10
16.8861 0.03125 2.70642e-09
17.6715 0.03125 -5.96876e-09
18.4569 0.03125 -4.0646e-09
19.2423 0.03125 3.31693e-09
20.0277 0.03125 4.64765e-09
20.8131 0.03125 2.53077e-09
21.5984 0.03125 -7.0835e-09
22.3838 0.03125 1.26211e-09
23.1692 0.03125 6.68938e-09
23.9546 0.03125 -3.67055e-09
24.74 0.03125 -1.47911e-09
0.392699 0.09375 1.61348e-08
1.1781 0.09375 -5.28549e-08
1.9635 0.09375 1.40212e-08
2.74889 0.09375 3.20521e-08
3.53429 0.09375 -3.11858e-08
4.31969 0.09375 -6.5785e-08
5.10509 0.09375 6.47997e-08
5.89049 0.09375 -1.41248e-08
6.67588 0.09375 1.47899e-08
7.46128 0.09375 7.6994e-08
8.24668 0.09375 -1.58785e-08
9.03208 0.09375 -3.78692e-08
9.81748 0.09375 -6.09217e-08
10.6029 0.09375 1.61049e-08
11.3883 0.09375 -3.56389e-09
12.1737 0.09375 2.47298e-08
12.9591 0.09375 2.6991e-08
13.7445 0.09375 -8.21658e-08
14.5299 0.09375 5.67912e-08
15.3153 0.09375 5.77715e-08
16.1007 0.09375 -2.13626e-08
16.8861 0.09375 1.90045e-08
17.6715 0.09375 -2.76755e-08
18.4569 0.09375 -5.04999e-08
19.2423 0.09375 3.36748e-08
20.0277 0.09375 5.94771e-08
20.8131 0.09375 1.44113e-08
21.5984 0.09375 -1.18416e-07
22.3838 0.09375 -7.84277e-08
23.1692 0.09375 1.60533e-07
23.9546 0.09375 -3.50541e-09
24.74 0.09375 -2.27355e-08
0.392699 0.15625 8.92641e-08
1.1781 0.15625 -8.19187e-08
1.9635 0.15625 -1.72568e-08
2.74889 0.15625 6.26872e-08
3.53429 0.15625 -2.47914e-08
4.31969 0.15625 -1.49896e-07
5.10509 0.15625 1.32546e-07
5.89049 0.15625 -6.49895e-08
6.67588 0.15625 6.5847e-09
7.46128 0.15625 1.93864e-07
8.24668 0.15625 -2.31812e-08
9.03208 0.15625 -8.34664e-08
9.81748 0.15625 -1.68814e-07
10.6029 0.15625 2.21982e-08
11.3883 0.15625 2.48932e-08
12.1737 0.15625 7.1969e-08
12.9591 0.15625 7.14709e-08
13.7445 0.15625 -1.63545e-07
14.5299 0.15625 1.15965e-07
15.3153 0.15625 1.07986e-07
16.1007 0.15625 -5.04812e-08
16.8861 0.15625 2.36877e-08
17.6715 0.15625 -4.07069e-08
18.4569 0.15625 -8.89737e-08
19.2423 0.15625 4.90126e-08
20.0277 0.15625 1.20833e-07
20.8131 0.15625 4.49808e-08
21.5984 0.15625 -2.34637e-07
22.3838 0.15625 -2.60118e-07
23.1692 0.15625 3.17291e-07
23.9546 0.15625 4.55749e-08
24.74 0.15625 -4.99177e-08
0.392699 0.21875 2.21141e-07
1.1781 0.21875 -8.97748e-08
1.9635 0.21875 -6.89742e-08
2.74889 0.21875 6.41594e-08
3.53429 0.21875 1.42799e-08
4.31969 0.21875 -1.84076e-07
5.10509 0.21875 1.82299e-07
5.89049 0.21875 -1.48434e-07
6.67588 0.21875 -4.55016e-08
7.46128 0.21875 3.04133e-07
8.24668 0.21875 -4.0326e-08
9.03208 0.21875 -9.5045e-08
9.81748 0.21875 -2.79367e-07
10.6029 0.21875 -8.26561e-09
11.3883 0.21875 5.92096e-08
12.1737 0.21875 1.46079e-07
12.9591 0.21875 1.41671e-07
13.7445 0.21875 -1.95443e-07
14.5299 0.21875 1.6145e-07
15.3153 0.21875 9.89701e-08
16.1007 0.21875 -7.58497e-08
16.8861 0.21875 -1.36523e-08
17.6715 0.21875 -8.45034e-09
18.4569 0.21875 -1.02259e-07
19.2423 0.21875 5.24702e-08
20.0277 0.21875 1.70312e-07
20.8131 0.21875 1.4421e-08
21.5984 0.21875 -2.87798e-07
22.3838 0.21875 -4.45837e-07
23.1692 0.21875 3.83261e-07
23.9546 0.21875 1.06222e-07
24.74 0.21875 -4.10387e-08
0.392699 0.28125 4.20965e-07
1.1781 0.28125 -1.15383e-07
1.9635 0.28125 -1.37259e-07
2.74889 0.28125 7.49214e-08
3.53429 0.28125 3.73689e-08
4.31969 0.28125 -1.59074e-07
5.10509 0.28125 2.17058e-07
5.89049 0.28125 -2.32674e-07
6.67588 0.28125 -1.09126e-07
7.46128 0.28125 3.78316e-07
8.24668 0.28125 -1.00333e-07
9.03208 0.28125 -1.00177e-07
9.81748 0.28125 -3.27627e-07
10.6029 0.28125 -3.80315e-08
11.3883 0.28125 7.10752e-08
12.1737 0.28125 2.21261e-07
12.9591 0.28125 2.11997e-07
13.7445 0.28125 -1.91271e-07
14.5299 0.28125 1.97865e-07
15.3153 0.28125 1.76135e-08
16.1007 0.28125 -5.99234e-08
16.8861 0.28125 -6.09814e-08
17.6715 0.28125 1.09061e-08
18.4569 0.28125 -7.3901e-08
19.2423 0.28125 7.99054e-08
20.0277 0.28125 1.9211e-07
20.8131 0.28125 -9.91545e-08
21.5984 0.28125 -2.65944e-07
22.3838 0.28125 -5.59213e-07
23.1692 0.28125 3.41386e-07
23.9546 0.28125 1.29046e-07
24.74 0.28125 8.11159e-09
0.392699 0.34375 6.1802e-07
1.1781 0.34375 -1.03085e-07
1.9635 0.34375 -1.94779e-07
2.74889 0.34375 9.25903e-08
3.53429 0.34375 4.01728e-08
4.31969 0.34375 -1.19493e-07
5.10509 0.34375 2.51614e-07
5.89049 0.34375 -2.751e-07
6.67588 0.34375 -1.46747e-07
7.46128 0.34375 4.03824e-07
8.24668 0.34375 -1.94049e-07
9.03208 0.34375 -1.4297e-07
9.81748 0.34375 -3.24267e-07
10.6029 0.34375 -3.88782e-08
11.3883 0.34375 4.2181e-08
12.1737 0.34375 2.89704e-07
12.9591 0.34375 2.60757e-07
13.7445 0.34375 -1.78645e-07
14.5299 0.34375 2.79961e-07
15.3153 0.34375 -8.59124e-08
16.1007 0.34375 -7.06246e-08
16.8861 0.34375 -1.03192e-07
17.6715 0.34375 -2.27429e-08
18.4569 0.34375 5.68667e-09
19.2423 0.34375 1.57206e-07
20.0277 0.34375 1.5609e-07
20.8131 0.34375 -2.51548e-07
21.5984 0.34375 -1.93032e-07
22.3838 0.34375 -5.94866e-07
23.1692 0.34375 2.35106e-07
23.9546 0.34375 1.30483e-07
24.74 0.34375 4.91936e-08
0.392699 0.40625 7.36591e-07
1.1781 0.40625 -3.80371e-08
1.9635 0.40625 -2.19869e-07
2.74889 0.40625 1.00844e-07
3.53429 0.40625 4.23738e-08
4.31969 0.40625 -1.09796e-07
5.10509 0.40625 3.06963e-07
5.89049 0.40625 -2.46584e-07
6.67588 0.40625 -1.80834e-07
7.46128 0.40625 3.62022e-07
8.24668 0.40625 -2.65246e-07
9.03208 0.40625 -1.99171e-07
9.81748 0.40625 -3.28505e-07
10.6029 0.40625 8.48053e-09
11.3883 0.40625 9.12845e-09
12.1737 0.40625 3.21964e-07
12.9591 0.40625 2.66226e-07
13.7445 0.40625 -1.80166e-07
14.5299 0.40625 3.95363e-07
15.3153 0.40625 -1.39552e-07
16.1007 0.40625 -1.3945e-07
16.8861 0.40625 -1.18885e-07
17.6715 0.40625 -7.17228e-08
18.4569 0.40625 9.51804e-08
19.2423 0.40625 2.49661e-07
20.0277 0.40625 5.74468e-08
20.8131 0.40625 -3.5422e-07
21.5984 0.40625 -9.29514e-08
22.3838 0.40625 -5.89077e-07
23.1692 0.40625 6.37638e-08
23.9546 0.40625 1.21951e-07
24.74 0.40625 1.04485e-07
0.392699 0.46875 7.51259e-07
1.1781 0.46875 3.77337e-08
1.9635 0.46875 -1.67228e-07
2.74889 0.46875 6.76127e-08
3.53429 0.46875 4.19657e-09
4.31969 0.46875 -1.17974e-07
5.10509 0.46875 4.01146e-07
5.89049 0.46875 -1.53117e-07
6.67588 0.46875 -2.6973e-07
7.46128 0.46875 2.49386e-07
8.24668 0.46875 -2.68713e-07
9.03208 0.46875 -2.11276e-07
9.81748 0.46875 -3.58542e-07
10.6029 0.46875 7.40609e-08
11.3883 0.46875 2.95913e-08
12.1737 0.46875 2.95774e-07
12.9591 0.46875 2.4113e-07
13.7445 0.46875 -2.06978e-07
14.5299 0.46875 4.56074e-07
15.3153 0.46875 -9.77465e-08
16.1007 0.46875 -2.32658e-07
16.8861 0.46875 -9.89485e-08
17.6715 0.46875 -7.58212e-08
18.4569 0.46875 1.3226e-07
19.2423 0.46875 3.24941e-07
20.0277 0.46875 -6.33978e-08
20.8131 0.46875 -3.88269e-07
21.5984 0.46875 1.64441e-08
22.3838 0.46875 -5.853e-07
23.1692 0.46875 -1.36112e-07
23.9546 0.46875 1.1684e-07
24.74 0.46875 2.01098e-07
0.392699 0.53125 6.99959e-07
1.1781 0.53125 7.23613e-08
1.9635 0.53125 -4.17855e-08
2.74889 0.53125 -6.39886e-09
3.53429 0.53125 -8.23225e-08
4.31969 0.53125 -1.14675e-07
5.10509 0.53125 4.86371e-07
5.89049 0.53125 -5.05383e-08
6.67588 0.53125 -3.98816e-07
7.46128 0.53125 1.04841e-07
8.24668 0.53125 -2.46206e-07
9.03208 0.53125 -1.71517e-07
9.81748 0.53125 -3.54522e-07
10.6029 0.53125 1.26272e-07
11.3883 0.53125 1.56621e-07
12.1737 0.53125 2.1713e-07
12.9591 0.53125 1.74833e-07
13.7445 0.53125 -2.21406e-07
14.5299 0.53125 3.9549e-07
15.3153 0.53125 -4.04853e-09
16.1007 0.53125 -2.71475e-07
16.8861 0.53125 -6.46988e-08
17.6715 0.53125 -5.09377e-08
18.4569 0.53125 1.33209e-07
19.2423 0.53125 3.42122e-07
20.0277 0.53125 -1.67347e-07
20.8131 0.53125 -3.40266e-07
21.5984 0.53125 1.10281e-07
22.3838 0.53125 -6.28295e-07
23.1692 0.53125 -2.9037e-07
23.9546 0.53125 1.38791e-07
24.74 0.53125 3.17123e-07
0.392699 0.59375 6.2627e-07
1.1781 0.59375 1.21745e-07
1.9635 0.59375 8.22918e-08
2.74889 0.59375 -1.21469e-07
3.53429 0.59375 -1.88294e-07
4.31969 0.59375 -9.75754e-08
5.10509 0.59375 5.26557e-07
5.89049 0.59375 2.95514e-08
6.67588 0.59375 -5.02856e-07
7.46128 0.59375 -2.06597e-08
8.24668 0.59375 -2.49669e-07
9.03208 0.59375 -1.27839e-07
9.81748 0.59375 -2.44729e-07
10.6029 0.59375 1.54559e-07
11.3883 0.59375 3.28213e-07
12.1737 0.59375 1.42766e-07
12.9591 0.59375 6.61968e-08
13.7445 0.59375 -2.00485e-07
14.5299 0.59375 2.37988e-07
15.3153 0.59375 5.69811e-08
16.1007 0.59375 -2.45906e-07
16.8861 0.59375 -5.56819e-08
17.6715 0.59375 -4.21521e-08
18.4569 0.59375 1.60925e-07
19.2423 0.59375 3.02961e-07
20.0277 0.59375 -2.52583e-07
20.8131 0.59375 -2.10546e-07
21.5984 0.59375 1.41675e-07
22.3838 0.59375 -7.08589e-07
23.1692 0.59375 -3.04009e-07
23.9546 0.59375 2.04046e-07
24.74 0.59375 3.63509e-07
0.392699 0.65625 5.27545e-07
1.1781 0.65625 2.20907e-07
1.9635 0.65625 1.58202e-07
2.74889 0.65625 -2.49164e-07
3.53429 0.65625 -2.8283e-07
4.31969 0.65625 -5.57586e-08
5.10509 0.65625 5.0412e-07
5.89049 0.65625 6.18203e-08
6.67588 0.65625 -5.19099e-07
7.46128 0.65625 -9.85482e-08
8.24668 0.65625 -2.89881e-07
9.03208 0.65625 -1.42779e-07
9.81748 0.65625 -1.45207e-08
10.6029 0.65625 1.64553e-07
11.3883 0.65625 3.89608e-07
12.1737 0.65625 1.51507e-07
12.9591 0.65625 -1.79151e-08
13.7445 0.65625 -1.77171e-07
14.5299 0.65625 2.10105e-08
15.3153 0.65625 5.98182e-08
16.1007 0.65625 -1.79028e-07
16.8861 0.65625 -5.82366e-08
17.6715 0.65625 -5.7974e-08
18.4569 0.65625 2.01213e-07
19.2423 0.65625 2.65477e-07
20.0277 0.65625 -2.9947e-07
20.8131 0.65625 -4.05238e-08
21.5984 0.65625 7.77337e-08
22.3838 0.65625 -8.09063e-07
23.1692 0.65625 -2.16053e-07
23.9546 0.65625 3.29917e-07
24.74 0.65625 3.50405e-07
0.392699 0.71875 4.0293e-07
1.1781 0.71875 3.70983e-07
1.9635 0.71875 1.59078e-07
2.74889 0.71875 -3.53805e-07
3.53429 0.71875 -3.09263e-07
4.31969 0.71875 1.28307e-09
5.10509 0.71875 4.14761e-07
5.89049 0.71875 7.75226e-09
6.67588 0.71875 -4.27699e-07
7.46128 0.71875 -1.10264e-07
8.24668 0.71875 -3.51008e-07
9.03208 0.71875 -1.80897e-07
9.81748 0.71875 2.68209e-07
10.6029 0.71875 1.37278e-07
11.3883 0.71875 3.01696e-07
12.1737 0.71875 2.16711e-07
12.9591 0.71875 -4.88816e-08
13.7445 0.71875 -1.37791e-07
14.5299 0.71875 -1.7521e-07
15.3153 0.71875 1.07575e-08
16.1007 0.71875 -1.31606e-07
16.8861 0.71875 -5.70906e-08
17.6715 0.71875 -5.54072e-08
18.4569 0.71875 2.25164e-07
19.2423 0.71875 2.45413e-07
20.0277 0.71875 -2.96279e-07
20.8131 0.71875 1.41126e-07
21.5984 0.71875 -3.89594e-08
22.3838 0.71875 -9.3578e-07
23.1692 0.71875 -1.24553e-07
23.9546 0.71875 4.89316e-07
24.74 0.71875 3.19327e-07
0.392699 0.78125 3.11836e-07
1.1781 0.78125 5.39999e-07
1.9635 0.78125 5.81164e-08
2.74889 0.78125 -4.26493e-07
3.53429 0.78125 -2.09055e-07
4.31969 0.78125 7.54953e-08
5.10509 0.78125 2.6097e-07
5.89049 0.78125 -1.21185e-07
6.67588 0.78125 -2.91908e-07
7.46128 0.78125 -7.7255e-08
8.24668 0.78125 -3.7645e-07
9.03208 0.78125 -1.60175e-07
9.81748 0.78125 4.86335e-07
10.6029 0.78125 6.8422e-08
11.3883 0.78125 1.50134e-07
12.1737 0.78125 2.55997e-07
12.9591 0.78125 -5.8696e-08
13.7445 0.78125 -5.3711e-08
14.5299 0.78125 -2.90703e-07
15.3153 0.78125 -7.64564e-08
16.1007 0.78125 -1.19232e-07
16.8861 0.78125 -3.31719e-08
17.6715 0.78125 -2.4865e-08
18.4569 0.78125 2.36729e-07
19.2423 0.78125 2.1923e-07
20.0277 0.78125 -2.72704e-07
20.8131 0.78125 3.21968e-07
21.5984 0.78125 -1.42009e-07
22.3838 0.78125 -1.04067e-06
23.1692 0.78125 -9.21971e-08
23.9546 0.78125 5.92354e-07
24.74 0.78125 2.68033e-07
0.392699 0.84375 3.04577e-07
1.1781 0.84375 6.40292e-07
1.9635 0.84375 -1.0558e-07
2.74889 0.84375 -4.98782e-07
3.53429 0.84375 -2.90056e-08
4.31969 0.84375 1.7591e-07
5.10509 0.84375 1.01333e-07
5.89049 0.84375 -2.86394e-07
6.67588 0.84375 -1.90288e-07
7.46128 0.84375 5.39878e-09
8.24668 0.84375 -3.71057e-07
9.03208 0.84375 -5.85713e-08
9.81748 0.84375 5.68015e-07
10.6029 0.84375 -4.60374e-08
11.3883 0.84375 6.43234e-08
12.1737 0.84375 2.52418e-07
12.9591 0.84375 -9.85167e-08
13.7445 0.84375 2.27453e-08
14.5299 0.84375 -2.77556e-07
15.3153 0.84375 -1.55829e-07
16.1007 0.84375 -1.094e-07
16.8861 0.84375 5.58102e-09
17.6715 0.84375 -2.03603e-08
18.4569 0.84375 2.45204e-07
19.2423 0.84375 1.6274e-07
20.0277 0.84375 -2.68525e-07
20.8131 0.84375 4.81069e-07
21.5984 0.84375 -1.39701e-07
22.3838 0.84375 -1.08731e-06
23.1692 0.84375 -1.11344e-07
23.9546 0.84375 5.96269e-07
24.74 0.84375 2.08245e-07
0.392699 0.90625 3.06304e-07
1.1781 0.90625 6.27206e-07
1.9635 0.90625 -1.99311e-07
2.74889 0.90625 -5.75818e-07
3.53429 0.90625 1.13977e-07
4.31969 0.90625 2.77265e-07
5.10509 0.90625 -1.4534e-08
5.89049 0.90625 -4.13793e-07
6.67588 0.90625 -1.28141e-07
7.46128 0.90625 8.11693e-08
8.24668 0.90625 -3.21449e-07
9.03208 0.90625 9.14915e-08
9.81748 0.90625 4.84697e-07
10.6029 0.90625 -1.85905e-07
11.3883 0.90625 7.03629e-08
12.1737 0.90625 2.41514e-07
12.9591 0.90625 -1.73677e-07
13.7445 0.90625 4.91822e-08
14.5299 0.90625 -1.30872e-07
15.3153 0.90625 -2.01287e-07
16.1007 0.90625 -1.34846e-07
16.8861 0.90625 2.58161e-08
17.6715 0.90625 -2.48846e-08
18.4569 0.90625 2.48693e-07
19.2423 0.90625 7.34943e-08
20.0277 0.90625 -2.64188e-07
20.8131 0.90625 5.69595e-07
21.5984 0.90625 -4.34222e-08
22.3838 0.90625 -1.03356e-06
23.1692 0.90625 -1.1891e-07
23.9546 0.90625 5.31138e-07
24.74 0.90625 1.55258e-07
0.392699 0.96875 2.34424e-07
1.1781 0.96875 5.21259e-07
1.9635 0.96875 -1.17519e-07
2.74889 0.96875 -6.00221e-07
3.53429 0.96875 1.11559e-07
4.31969 0.96875 3.4811e-07
5.10509 0.96875 -7.2832e-08
5.89049 0.96875 -4.58025e-07
6.67588 0.96875 -8.30685e-08
7.46128 0.96875 8.39247e-08
8.24668 0.96875 -2.28946e-07
9.03208 0.96875 2.54893e-07
9.81748 0.96875 2.70207e-07
10.6029 0.96875 -3.22506e-07
11.3883 0.96875 1.28218e-07
12.1737 0.96875 2.17416e-07
12.9591 0.96875 -2.15109e-07
13.7445 0.96875 5.34319e-08
14.5299 0.96875 5.70283e-08
15.3153 0.96875 -2.10456e-07
16.1007 0.96875 -1.92586e-07
16.8861 0.96875 5.37708e-09
17.6715 0.96875 -5.42183e-08
18.4569 0.96875 2.89661e-07
19.2423 0.96875 3.52472e-09
20.0277 0.96875 -2.81788e-07
20.8131 0.96875 5.46609e-07
21.5984 0.96875 7.39843e-08
22.3838 0.96875 -8.80621e-07
23.1692 0.96875 -7.01856e-08
23.9546 0.96875 4.81013e-07
24.74 0.96875 9.44675e-08
0.392699 1.03125 8.26722e-08
1.1781 1.03125 3.69745e-07
1.9635 1.03125 9.7477e-08
2.74889 1.03125 -5.7654e-07
3.53429 1.03125 1.66462e-08
4.31969 1.03125 3.74317e-07
5.10509 1.03125 -7.90165e-08
5.89049 1.03125 -4.43538e-07
6.67588 1.03125 -8.92389e-08
7.46128 1.03125 5.45507e-08
8.24668 1.03125 -1.05967e-07
9.03208 1.03125 3.61116e-07
9.81748 1.03125 4.58446e-08
10.6029 1.03125 -4.14446e-07
11.3883 1.03125 1.85344e-07
12.1737 1.03125 1.63163e-07
12.9591 1.03125 -1.99046e-07
13.7445 1.03125 6.21445e-08
14.5299 1.03125 1.66943e-07
15.3153 1.03125 -1.89229e-07
16.1007 1.03125 -2.05313e-07
16.8861 1.03125 -2.22031e-08
17.6715 1.03125 -1.49183e-07
18.4569 1.03125 3.45748e-07
19.2423 1.03125 -3.21924e-08
20.0277 1.03125 -3.17798e-07
20.8131 1.03125 4.44205e-07
21.5984 1.03125 1.50003e-07
22.3838 1.03125 -6.6829e-07
23.1692 1.03125 3.32728e-08
23.9546 1.03125 4.76364e-07
24.74 1.03125 5.38095e-08
0.392699 1.09375 -1.10935e-07
1.1781 1.09375 2.50655e-07
1.9635 1.09375 3.25352e-07
2.74889 1.09375 -5.28653e-07
3.53429 1.09375 -3.48217e-08
4.31969 1.09375 3.71155e-07
5.10509 1.09375 -1.05607e-07
5.89049 1.09375 -4.20161e-07
6.67588 1.09375 -1.56186e-07
7.46128 1.09375 6.13087e-08
8.24668 1.09375 2.37697e-08
9.03208 1.09375 3.39755e-07
9.81748 1.09375 -9.60823e-08
10.6029 1.09375 -4.13544e-07
11.3883 1.09375 2.43033e-07
12.1737 1.09375 8.85071e-08
12.9591 1.09375 -1.77437e-07
13.7445 1.09375 7.99083e-08
14.5299 1.09375 1.73855e-07
15.3153 1.09375 -1.53432e-07
16.1007 1.09375 -1.65851e-07
16.8861 1.09375 -3.13121e-09
17.6715 1.09375 -2.40557e-07
18.4569 1.09375 3.3375e-07
19.2423 1.09375 -9.9317e-08
20.0277 1.09375 -3.45814e-07
20.8131 1.09375 3.49651e-07
21.5984 1.09375 1.67592e-07
22.3838 1.09375 -4.47189e-07
23.1692 1.09375 1.85689e-07
23.9546 1.09375 5.06363e-07
24.74 1.09375 -5.1592e-09
0.392699 1.15625 -2.29146e-07
1.1781 1.15625 1.99146e-07
1.9635 1.15625 4.39008e-07
2.74889 1.15625 -4.63839e-07
3.53429 1.15625 3.55294e-08
4.31969 1.15625 3.3163e-07
5.10509 1.15625 -1.95917e-07
5.89049 1.15625 -3.54596e-07
6.67588 1.15625 -2.46893e-07
7.46128 1.15625 7.79778e-08
8.24668 1.15625 1.48973e-07
9.03208 1.15625 2.37039e-07
9.81748 1.15625 -1.55608e-07
10.6029 1.15625 -3.57753e-07
11.3883 1.15625 3.17133e-07
12.1737 1.15625 1.01072e-08
12.9591 1.15625 -2.03496e-07
13.7445 1.15625 1.15954e-07
14.5299 1.15625 9.80624e-08
15.3153 1.15625 -9.74815e-08
16.1007 1.15625 -1.32231e-07
16.8861 1.15625 2.54656e-08
17.6715 1.15625 -2.10927e-07
18.4569 1.15625 2.59791e-07
19.2423 1.15625 -2.08066e-07
20.0277 1.15625 -3.68328e-07
20.8131 1.15625 3.10967e-07
21.5984 1.15625 1.44301e-07
22.3838 1.15625 -2.85253e-07
23.1692 1.15625 3.97461e-07
23.9546 1.15625 5.08323e-07
24.74 1.15625 -1.44702e-07
0.392699 1.21875 -2.31842e-07
1.1781 1.21875 2.26121e-07
1.9635 1.21875 4.02757e-07
2.74889 1.21875 -3.84138e-07
3.53429 1.21875 1.90937e-07
4.31969 1.21875 2.12216e-07
5.10509 1.21875 -3.1024e-07
5.89049 1.21875 -1.7689e-07
6.67588 1.21875 -3.09341e-07
7.46128 1.21875 -3.19753e-09
8.24668 1.21875 2.74317e-07
9.03208 1.21875 1.80294e-07
9.81748 1.21875 -2.05149e-07
10.6029 1.21875 -3.14853e-07
11.3883 1.21875 4.20416e-07
12.1737 1.21875 -6.26564e-08
12.9591 1.21875 -2.89242e-07
13.7445 1.21875 1.32651e-07
14.5299 1.21875 9.24543e-09
15.3153 1.21875 1.54915e-09
16.1007 1.21875 -1.3294e-07
16.8861 1.21875 4.17802e-08
17.6715 1.21875 -7.1387e-08
18.4569 1.21875 1.78834e-07
19.2423 1.21875 -3.03804e-07
20.0277 1.21875 -3.95652e-07
20.8131 1.21875 2.98026e-07
21.5984 1.21875 1.16359e-07
22.3838 1.21875 -1.91831e-07
23.1692 1.21875 6.02455e-07
23.9546 1.21875 4.44252e-07
24.74 1.21875 -3.40624e-07
0.392699 1.28125 -1.92569e-07
1.1781 1.28125 2.79284e-07
1.9635 1.28125 2.95724e-07
2.74889 1.28125 -2.84793e-07
3.53429 1.28125 3.40659e-07
4.31969 1.28125 3.05271e-08
5.10509 1.28125 -3.86613e-07
5.89049 1.28125 9.30156e-08
6.67588 1.28125 -3.55885e-07
7.46128 1.28125 -2.07388e-07
8.24668 1.28125 3.94778e-07
9.03208 1.28125 2.16429e-07
9.81748 1.28125 -2.75855e-07
10.6029 1.28125 -3.08266e-07
11.3883 1.28125 5.2853e-07
12.1737 1.28125 -1.14325e-07
12.9591 1.28125 -3.82179e-07
13.7445 1.28125 9.87367e-08
14.5299 1.28125 -3.06352e-08
15.3153 1.28125 1.13043e-07
16.1007 1.28125 -1.18353e-07
16.8861 1.28125 3.87311e-08
17.6715 1.28125 3.81212e-08
18.4569 1.28125 1.47964e-07
19.2423 1.28125 -3.06269e-07
20.0277 1.28125 -4.49008e-07
20.8131 1.28125 2.40272e-07
21.5984 1.28125 1.41074e-07
22.3838 1.28125 -1.38061e-07
23.1692 1.28125 6.99727e-07
23.9546 1.28125 3.45683e-07
24.74 1.28125 -4.80851e-07
0.392699 1.34375 -1.40896e-07
1.1781 1.34375 3.18316e-07
1.9635 1.34375 1.64587e-07
2.74889 1.34375 -1.81869e-07
3.53429 1.34375 4.34773e-07
4.31969 1.34375 -1.36307e-07
5.10509 1.34375 -4.19517e-07
5.89049 1.34375 3.42239e-07
6.67588 1.34375 -3.90126e-07
7.46128 1.34375 -4.51462e-07
8.24668 1.34375 4.86357e-07
9.03208 1.34375 3.2458e-07
9.81748 1.34375 -3.21256e-07
10.6029 1.34375 -3.27064e-07
11.3883 1.34375 5.62862e-07
12.1737 1.34375 -1.55256e-07
12.9591 1.34375 -4.03146e-07
13.7445 1.34375 1.81014e-08
14.5299 1.34375 -1.86615e-08
15.3153 1.34375 2.45354e-07
16.1007 1.34375 -5.45794e-08
16.8861 1.34375 2.33709e-09
17.6715 1.34375 3.38785e-08
18.4569 1.34375 1.71175e-07
19.2423 1.34375 -2.29033e-07
20.0277 1.34375 -5.33777e-07
20.8131 1.34375 1.77595e-07
21.5984 1.34375 2.02804e-07
22.3838 1.34375 -1.11911e-07
23.1692 1.34375 6.35042e-07
23.9546 1.34375 2.28653e-07
24.74 1.34375 -4.62671e-07
0.392699 1.40625 -6.27305e-08
1.1781 1.40625 3.49974e-07
1.9635 1.40625 -8.60569e-09
2.74889 1.40625 -1.23362e-07
3.53429 1.40625 4.86263e-07
4.31969 1.40625 -2.22333e-07
5.10509 1.40625 -4.42103e-07
5.89049 1.40625 4.77799e-07
6.67588 1.40625 -3.617e-07
7.46128 1.40625 -6.23386e-07
8.24668 1.40625 5.09689e-07
9.03208 1.40625 4.33212e-07
9.81748 1.40625 -2.94236e-07
10.6029 1.40625 -3.2653e-07
11.3883 1.40625 4.82808e-07
12.1737 1.40625 -2.01075e-07
12.9591 1.40625 -3.39049e-07
13.7445 1.40625 -7.61482e-08
14.5299 1.40625 5.04204e-08
15.3153 1.40625 4.04028e-07
16.1007 1.40625 2.15445e-09
16.8861 1.40625 -5.92913e-08
17.6715 1.40625 -8.36632e-08
18.4569 1.40625 1.8742e-07
19.2423 1.40625 -7.11452e-08
20.0277 1.40625 -6.13065e-07
20.8131 1.40625 1.19293e-07
21.5984 1.40625 2.71702e-07
22.3838 1.40625 -1.06982e-07
23.1692 1.40625 4.45735e-07
23.9546 1.40625 1.20281e-07
24.74 1.40625 -3.15376e-07
0.392699 1.46875 1.66654e-08
1.1781 1.46875 3.67409e-07
1.9635 1.46875 -2.18702e-07
2.74889 1.46875 -1.21101e-07
3.53429 1.46875 4.97132e-07
4.31969 1.46875 -2.32204e-07
5.10509 1.46875 -4.25157e-07
5.89049 1.46875 4.96275e-07
6.67588 1.46875 -3.08727e-07
7.46128 1.46875 -6.47242e-07
8.24668 1.46875 4.88109e-07
9.03208 1.46875 4.44645e-07
9.81748 1.46875 -1.83068e-07
10.6029 1.46875 -2.94641e-07
11.3883 1.46875 3.27793e-07
12.1737 1.46875 -2.0165e-07
12.9591 1.46875 -2.42288e-07
13.7445 1.46875 -1.34439e-07
14.5299 1.46875 9.52615e-08
15.3153 1.46875 5.34439e-07
16.1007 1.46875 5.47861e-08
16.8861 1.46875 -1.33086e-07
17.6715 1.46875 -2.38246e-07
18.4569 1.46875 1.6026e-07
19.2423 1.46875 1.20342e-07
20.0277 1.46875 -6.25085e-07
20.8131 1.46875 5.2671e-08
21.5984 1.46875 3.20741e-07
22.3838 1.46875 -1.04567e-07
23.1692 1.46875 1.7926e-07
23.9546 1.46875 6.8943e-08
24.74 1.46875 -1.06894e-07
0.392699 1.53125 6.47532e-08
1.1781 1.53125 3.77897e-07
1.9635 1.53125 -3.88579e-07
2.74889 1.53125 -1.77711e-07
3.53429 1.53125 4.50746e-07
4.31969 1.53125 -1.80493e-07
5.10509 1.53125 -3.27128e-07
5.89049 1.53125 4.23673e-07
6.67588 1.53125 -2.86516e-07
7.46128 1.53125 -5.28091e-07
8.24668 1.53125 4.24879e-07
9.03208 1.53125 3.78954e-07
9.81748 1.53125 -3.07938e-08
10.6029 1.53125 -2.51587e-07
11.3883 1.53125 1.77473e-07
12.1737 1.53125 -1.52396e-07
12.9591 1.53125 -1.86135e-07
13.7445 1.53125 -1.58039e-07
14.5299 1.53125 1.08055e-07
15.3153 1.53125 5.81231e-07
16.1007 1.53125 1.03873e-07
16.8861 1.53125 -1.79747e-07
17.6715 1.53125 -3.72311e-07
18.4569 1.53125 1.0086e-07
19.2423 1.53125 3.02155e-07
20.0277 1.53125 -5.85306e-07
20.8131 1.53125 -4.91114e-08
21.5984 1.53125 3.7898e-07
22.3838 1.53125 -7.82005e-08
23.1692 1.53125 -9.21556e-08
23.9546 1.53125 8.73905e-08
24.74 1.53125 6.68339e-08
0.392699 1.59375 1.01163e-07
1.1781 1.59375 3.40974e-07
1.9635 1.59375 -4.66464e-07
2.74889 1.59375 -2.50723e-07
3.53429 1.59375 3.7181e-07
4.31969 1.59375 -7.22361e-08
5.10509 1.59375 -1.92724e-07
5.89049 1.59375 3.04565e-07
6.67588 1.59375 -2.90927e-07
7.46128 1.59375 -3.39928e-07
8.24668 1.59375 3.15479e-07
9.03208 1.59375 2.77354e-07
9.81748 1.59375 9.66958e-08
10.6029 1.59375 -1.89142e-07
11.3883 1.59375 9.10037e-08
12.1737 1.59375 -1.14931e-07
12.9591 1.59375 -1.91753e-07
13.7445 1.59375 -1.61879e-07
14.5299 1.59375 8.54381e-08
15.3153 1.59375 5.52849e-07
16.1007 1.59375 1.5447e-07
16.8861 1.59375 -1.89227e-07
17.6715 1.59375 -4.73226e-07
18.4569 1.59375 7.5259e-08
19.2423 1.59375 4.6588e-07
20.0277 1.59375 -5.47522e-07
20.8131 1.59375 -1.74598e-07
21.5984 1.59375 4.54734e-07
22.3838 1.59375 -2.40251e-08
23.1692 1.59375 -3.00124e-07
23.9546 1.59375 1.31132e-07
24.74 1.59375 1.57619e-07
0.392699 1.65625 1.44751e-07
1.1781 1.65625 2.77478e-07
1.9635 1.65625 -4.5813e-07
2.74889 1.65625 -2.99248e-07
3.53429 1.65625 2.87442e-07
4.31969 1.65625 5.82162e-08
5.10509 1.65625 -8.3514e-08
5.89049 1.65625 1.7105e-07
6.67588 1.65625 -3.04103e-07
7.46128 1.65625 -1.76334e-07
8.24668 1.65625 1.85504e-07
9.03208 1.65625 2.17602e-07
9.81748 1.65625 1.43453e-07
10.6029 1.65625 -1.42707e-07
11.3883 1.65625 7.89729e-08
12.1737 1.65625 -1.1961e-07
12.9591 1.65625 -2.02685e-07
13.7445 1.65625 -1.37668e-07
14.5299 1.65625 7.38758e-08
15.3153 1.65625 4.79605e-07
16.1007 1.65625 1.49332e-07
16.8861 1.65625 -1.85812e-07
17.6715 1.65625 -5.03139e-07
18.4569 1.65625 9.36264e-08
19.2423 1.65625 5.71777e-07
20.0277 1.65625 -5.06432e-07
20.8131 1.65625 -2.71942e-07
21.5984 1.65625 4.85391e-07
22.3838 1.65625 1.41788e-08
23.1692 1.65625 -3.6431e-07
23.9546 1.65625 1.71356e-07
24.74 1.65625 1.41908e-07
0.392699 1.71875 1.79675e-07
1.1781 1.71875 2.08775e-07
1.9635 1.71875 -4.03448e-07
2.74889 1.71875 -2.77921e-07
3.53429 1.71875 2.20293e-07
4.31969 1.71875 1.26054e-07
5.10509 1.71875 -2.57916e-08
5.89049 1.71875 5.62289e-08
6.67588 1.71875 -2.86821e-07
7.46128 1.71875 -8.02721e-08
8.24668 1.71875 5.89089e-08
9.03208 1.71875 2.30335e-07
9.81748 1.71875 1.37434e-07
10.6029 1.71875 -1.15176e-07
11.3883 1.71875 1.00355e-07
12.1737 1.71875 -1.60863e-07
12.9591 1.71875 -1.84826e-07
13.7445 1.71875 -8.12061e-08
14.5299 1.71875 8.14865e-08
15.3153 1.71875 3.44764e-07
16.1007 1.71875 9.47407e-08
16.8861 1.71875 -1.59341e-07
17.6715 1.71875 -4.51728e-07
18.4569 1.71875 1.26767e-07
19.2423 1.71875 5.85395e-07
20.0277 1.71875 -4.06821e-07
20.8131 1.71875 -3.07373e-07
21.5984 1.71875 3.97211e-07
22.3838 1.71875 3.32548e-08
23.1692 1.71875 -2.98989e-07
23.9546 1.71875 1.6435e-07
24.74 1.71875 8.17393e-08
0.392699 1.78125 1.75042e-07
1.1781 1.78125 1.49851e-07
1.9635 1.78125 -3.20365e-07
2.74889 1.78125 -1.89945e-07
3.53429 1.78125 1.59971e-07
4.31969 1.78125 1.00857e-07
5.10509 1.78125 2.78566e-09
5.89049 1.78125 2.39801e-09
6.67588 1.78125 -2.19326e-07
7.46128 1.78125 -3.64133e-08
8.24668 1.78125 -2.69587e-08
9.03208 1.78125 2.32759e-07
9.81748 1.78125 9.9011e-08
10.6029 1.78125 -8.97566e-08
11.3883 1.78125 1.27639e-07
12.1737 1.78125 -1.83964e-07
12.9591 1.78125 -1.46043e-07
13.7445 1.78125 -9.87718e-09
14.5299 1.78125 7.05565e-08
15.3153 1.78125 1.71125e-07
16.1007 1.78125 5.4961e-08
16.8861 1.78125 -1.15663e-07
17.6715 1.78125 -3.42316e-07
18.4569 1.78125 1.38232e-07
19.2423 1.78125 4.86472e-07
20.0277 1.78125 -2.44245e-07
20.8131 1.78125 -2.84269e-07
21.5984 1.78125 2.23369e-07
22.3838 1.78125 4.30617e-08
23.1692 1.78125 -1.72643e-07
23.9546 1.78125 1.1663e-07
24.74 1.78125 1.82891e-08
0.392699 1.84375 1.25534e-07
1.1781 1.84375 9.81074e-08
1.9635 1.84375 -2.21653e-07
2.74889 1.84375 -9.3816e-08
3.53429 1.84375 1.1193e-07
4.31969 1.84375 3.74822e-08
5.10509 1.84375 1.15045e-08
5.89049 1.84375 -7.34758e-09
6.67588 1.84375 -1.27099e-07
7.46128 1.84375 -1.2058e-08
8.24668 1.84375 -3.37828e-08
9.03208 1.84375 1.6372e-07
9.81748 1.84375 3.81798e-08
10.6029 1.84375 -4.57609e-08
11.3883 1.84375 1.20866e-07
12.1737 1.84375 -1.55183e-07
12.9591 1.84375 -9.32075e-08
13.7445 1.84375 4.20774e-08
14.5299 1.84375 2.87127e-08
15.3153 1.84375 2.83217e-08
16.1007 1.84375 4.60279e-08
16.8861 1.84375 -5.98239e-08
17.6715 1.84375 -2.06477e-07
18.4569 1.84375 1.04801e-07
19.2423 1.84375 3.05594e-07
20.0277 1.84375 -9.84931e-08
20.8131 1.84375 -2.05559e-07
21.5984 1.84375 8.68361e-08
22.3838 1.84375 3.37557e-08
23.1692 1.84375 -6.89529e-08
23.9546 1.84375 6.4338e-08
24.74 1.84375 -2.18287e-08
0.392699 1.90625 5.57361e-08
1.1781 1.90625 4.39526e-08
1.9635 1.90625 -1.02477e-07
2.74889 1.90625 -2.22143e-08
3.53429 1.90625 4.86825e-08
4.31969 1.90625 -1.94573e-09
5.10509 1.90625 8.09019e-09
5.89049 1.90625 -9.88596e-09
6.67588 1.90625 -4.12617e-08
7.46128 1.90625 4.74893e-09
8.24668 1.90625 -1.11169e-08
9.03208 1.90625 6.68288e-08
9.81748 1.90625 -3.61031e-09
10.6029 1.90625 -9.48118e-09
11.3883 1.90625 6.36957e-08
12.1737 1.90625 -7.92967e-08
12.9591 1.90625 -3.02884e-08
13.7445 1.90625 3.56974e-08
14.5299 1.90625 -5.84203e-09
15.3153 1.90625 -1.5376e-08
16.1007 1.90625 2.81983e-08
16.8861 1.90625 -2.57582e-08
17.6715 1.90625 -6.96202e-08
18.4569 1.90625 5.45901e-08
19.2423 1.90625 1.11699e-07
20.0277 1.90625 -2.84818e-08
20.8131 1.90625 -9.2291e-08
21.5984 1.90625 2.36486e-08
22.3838 1.90625 1.52917e-08
23.1692 1.90625 -1.50898e-08
23.9546 1.90625 2.46144e-08
24.74 1.90625 -2.2028e-08
0.392699 1.96875 5.38323e-09
1.1781 1.96875 5.8241e-10
1.9635 1.96875 -1.15244e-08
2.74889 1.96875 6.41718e-09
3.53429 1.96875 3.55554e-09
4.31969 1.96875 -3.65827e-09
5.10509 1.96875 2.24913e-09
5.89049 1.96875 -1.2263e-09
6.67588 1.96875 -4.40907e-10
7.46128 1.96875 -2.5452e-09
8.24668 1.96875 -1.50199e-11
9.03208 1.96875 3.31093e-09
9.81748 1.96875 -3.4565e-09
10.6029 1.96875 3.61186e-09
11.3883 1.96875 5.72722e-09
12.1737 1.96875 -3.89662e-09
12.9591 1.96875 -4.02349e-09
13.7445 1.96875 3.55865e-10
14.5299 1.96875 -3.09683e-09
15.3153 1.96875 -3.96072e-09
16.1007 1.96875 7.25468e-09
16.8861 1.96875 -2.18061e-09
17.6715 1.96875 -3.07957e-09
18.4569 1.96875 8.68638e-09
19.2423 1.96875 3.88068e-09
20.0277 1.96875 -8.49171e-09
20.8131 1.96875 -5.83093e-09
21.5984 1.96875 6.08263e-09
22.3838 1.96875 4.896e-10
23.1692 1.96875 -1.43104e-09
23.9546 1.96875 2.88271e-09
24.74 1.96875 -1.63689e-09
