0.392699 0.03125 -1.89894e-09
1.1781 0.03125 -3.14727e-09
1.9635 0.03125 4.55428e-10
2.74889 0.03125 2.28045e-09
3.53429 0.03125 -1.9465e-09
4.31969 0.03125 -3.78025e-09
5.10509 0.03125 6.54865e-09
5.89049 0.03125 2.63703e-09
6.67588 0.03125 -4.42653e-10
7.46128 0.03125 2.95554e-09
8.24668 0.03125 -1.62823e-10
9.03208 0.03125 -2.10988e-09
9.81748 0.03125 -3.00838e-10
10.6029 0.03125 -6.02523e-10
11.3883 0.03125 -4.12558e-09
12.1737 0.03125 2.78683e-09
12.9591 0.03125 2.3337e-09
13.7445 0.03125 -8.69835e-09
14.5299 0.03125 1.81038e-09
15.3153 0.03125 6.49008e-09
16.1007 0.03125 2.23002e-10
16.8861 0.03125 2.69349e-09
17.6715 0.03125 -5.46869e-09
18.4569 0.03125 -4.26489e-09
19.2423 0.03125 3.02647e-09
20.0277 0.03125 4.60536e-09
20.8131 0.03125 2.54051e-09
21.5984 0.03125 -6.89893e-09
22.3838 0.03125 6.50939e-10
23.1692 0.03125 6.90612e-09
23.9546 0.03125 -3.2919e-09
24.74 0.03125 -1.58011e-09

0.392699 0.09375 1.8341e-08
1.1781 0.09375 -4.93689e-08
1.9635 0.09375 9.1789e-09
2.74889 0.09375 3.20156e-08
3.53429 0.09375 -2.59735e-08
4.31969 0.09375 -6.68447e-08
5.10509 0.09375 6.18062e-08
5.89049 0.09375 -1.3488e-08
6.67588 0.09375 1.09414e-08
7.46128 0.09375 7.62565e-08
8.24668 0.09375 -1.17366e-08
9.03208 0.09375 -3.52731e-08
9.81748 0.09375 -6.24163e-08
10.6029 0.09375 1.34508e-08
11.3883 0.09375 -2.58231e-09
12.1737 0.09375 2.3843e-08
12.9591 0.09375 2.96167e-08
13.7445 0.09375 -8.01914e-08
14.5299 0.09375 5.14013e-08
15.3153 0.09375 5.77413e-08
16.1007 0.09375 -1.98904e-08
16.8861 0.09375 1.80795e-08
17.6715 0.09375 -2.46869e-08
18.4569 0.09375 -5.01235e-08
19.2423 0.09375 2.88776e-08
20.0277 0.09375 5.81711e-08
20.8131 0.09375 1.95425e-08
21.5984 0.09375 -1.11971e-07
22.3838 0.09375 -8.6913e-08
23.1692 0.09375 1.52804e-07
23.9546 0.09375 3.48286e-09
24.74 0.09375 -2.29898e-08

0.392699 0.15625 9.14453e-08
1.1781 0.15625 -7.40379e-08
1.9635 0.15625 -2.37797e-08
2.74889 0.15625 6.01022e-08
3.53429 0.15625 -1.52934e-08
4.31969 0.15625 -1.50504e-07
5.10509 0.15625 1.26914e-07
5.89049 0.15625 -6.10324e-08
6.67588 0.15625 -3.9232e-09
7.46128 0.15625 1.9017e-07
8.24668 0.15625 -1.37722e-08
9.03208 0.15625 -7.48009e-08
9.81748 0.15625 -1.70396e-07
10.6029 0.15625 1.36216e-08
11.3883 0.15625 2.35743e-08
12.1737 0.15625 7.01337e-08
12.9591 0.15625 7.91391e-08
13.7445 0.15625 -1.59489e-07
14.5299 0.15625 1.04478e-07
15.3153 0.15625 1.08914e-07
16.1007 0.15625 -4.68318e-08
16.8861 0.15625 2.09228e-08
17.6715 0.15625 -3.43615e-08
18.4569 0.15625 -8.87706e-08
19.2423 0.15625 4.03639e-08
20.0277 0.15625 1.17455e-07
20.8131 0.15625 5.39483e-08
21.5984 0.15625 -2.17041e-07
22.3838 0.15625 -2.74838e-07
23.1692 0.15625 2.96825e-07
23.9546 0.15625 5.82572e-08
24.74 0.15625 -4.94882e-08

0.392699 0.21875 2.23577e-07
1.1781 0.21875 -7.52352e-08
1.9635 0.21875 -7.59576e-08
2.74889 0.21875 5.92844e-08
3.53429 0.21875 2.34045e-08
4.31969 0.21875 -1.85322e-07
5.10509 0.21875 1.78278e-07
5.89049 0.21875 -1.38197e-07
6.67588 0.21875 -6.20108e-08
7.46128 0.21875 2.97129e-07
8.24668 0.21875 -2.68451e-08
9.03208 0.21875 -8.35789e-08
9.81748 0.21875 -2.77726e-07
10.6029 0.21875 -2.09017e-08
11.3883 0.21875 5.26144e-08
12.1737 0.21875 1.41244e-07
12.9591 0.21875 1.52582e-07
13.7445 0.21875 -1.91084e-07
14.5299 0.21875 1.48434e-07
15.3153 0.21875 1.03088e-07
16.1007 0.21875 -6.95167e-08
16.8861 0.21875 -1.71368e-08
17.6715 0.21875 -5.39907e-09
18.4569 0.21875 -1.00321e-07
19.2423 0.21875 4.27362e-08
20.0277 0.21875 1.66378e-07
20.8131 0.21875 2.77396e-08
21.5984 0.21875 -2.62646e-07
22.3838 0.21875 -4.62824e-07
23.1692 0.21875 3.51972e-07
23.9546 0.21875 1.19907e-07
24.74 0.21875 -4.37149e-08

0.392699 0.28125 4.22322e-07
1.1781 0.28125 -8.63901e-08
1.9635 0.28125 -1.44255e-07
2.74889 0.28125 6.55755e-08
3.53429 0.28125 4.5841e-08
4.31969 0.28125 -1.63457e-07
5.10509 0.28125 2.17678e-07
5.89049 0.28125 -2.15557e-07
6.67588 0.28125 -1.30347e-07
7.46128 0.28125 3.70312e-07
8.24668 0.28125 -8.19336e-08
9.03208 0.28125 -9.10807e-08
9.81748 0.28125 -3.26083e-07
10.6029 0.28125 -5.19461e-08
11.3883 0.28125 5.95243e-08
12.1737 0.28125 2.13255e-07
12.9591 0.28125 2.2486e-07
13.7445 0.28125 -1.86932e-07
14.5299 0.28125 1.89942e-07
15.3153 0.28125 2.63239e-08
16.1007 0.28125 -5.80783e-08
16.8861 0.28125 -6.39343e-08
17.6715 0.28125 9.3123e-09
18.4569 0.28125 -7.2385e-08
19.2423 0.28125 7.14849e-08
20.0277 0.28125 1.91875e-07
20.8131 0.28125 -8.243e-08
21.5984 0.28125 -2.41693e-07
22.3838 0.28125 -5.74419e-07
23.1692 0.28125 3.06908e-07
23.9546 0.28125 1.40368e-07
24.74 0.28125 -4.59887e-09

0.392699 0.34375 6.16386e-07
1.1781 0.34375 -6.1981e-08
1.9635 0.34375 -2.00647e-07
2.74889 0.34375 7.93809e-08
3.53429 0.34375 4.87685e-08
4.31969 0.34375 -1.27859e-07
5.10509 0.34375 2.55946e-07
5.89049 0.34375 -2.52838e-07
6.67588 0.34375 -1.71812e-07
7.46128 0.34375 3.97227e-07
8.24668 0.34375 -1.69022e-07
9.03208 0.34375 -1.36722e-07
9.81748 0.34375 -3.27759e-07
10.6029 0.34375 -5.10598e-08
11.3883 0.34375 2.97005e-08
12.1737 0.34375 2.77058e-07
12.9591 0.34375 2.75018e-07
13.7445 0.34375 -1.76581e-07
14.5299 0.34375 2.75366e-07
15.3153 0.34375 -6.91631e-08
16.1007 0.34375 -7.24996e-08
16.8861 0.34375 -1.04325e-07
17.6715 0.34375 -2.74635e-08
18.4569 0.34375 -6.59475e-11
19.2423 0.34375 1.51761e-07
20.0277 0.34375 1.65374e-07
20.8131 0.34375 -2.34199e-07
21.5984 0.34375 -1.75052e-07
22.3838 0.34375 -6.05175e-07
23.1692 0.34375 2.00095e-07
23.9546 0.34375 1.36597e-07
24.74 0.34375 2.84689e-08

0.392699 0.40625 7.33143e-07
1.1781 0.40625 7.3785e-09
1.9635 0.40625 -2.21379e-07
2.74889 0.40625 8.51989e-08
3.53429 0.40625 4.96555e-08
4.31969 0.40625 -1.20615e-07
5.10509 0.40625 3.10519e-07
5.89049 0.40625 -2.20523e-07
6.67588 0.40625 -2.05404e-07
7.46128 0.40625 3.57103e-07
8.24668 0.40625 -2.37007e-07
9.03208 0.40625 -1.93077e-07
9.81748 0.40625 -3.37317e-07
10.6029 0.40625 -4.48006e-09
11.3883 0.40625 1.24243e-11
12.1737 0.40625 3.0699e-07
12.9591 0.40625 2.82752e-07
13.7445 0.40625 -1.82992e-07
14.5299 0.40625 3.87953e-07
15.3153 0.40625 -1.1287e-07
16.1007 0.40625 -1.4048e-07
16.8861 0.40625 -1.2058e-07
17.6715 0.40625 -7.8251e-08
18.4569 0.40625 7.99019e-08
19.2423 0.40625 2.50027e-07
20.0277 0.40625 7.80045e-08
20.8131 0.40625 -3.43505e-07
21.5984 0.40625 -8.1366e-08
22.3838 0.40625 -5.90482e-07
23.1692 0.40625 3.24632e-08
23.9546 0.40625 1.19274e-07
24.74 0.40625 7.86402e-08

0.392699 0.46875 7.50607e-07
1.1781 0.46875 7.89348e-08
1.9635 0.46875 -1.65016e-07
2.74889 0.46875 5.65231e-08
3.53429 0.46875 1.11627e-08
4.31969 0.46875 -1.33763e-07
5.10509 0.46875 3.97318e-07
5.89049 0.46875 -1.22002e-07
6.67588 0.46875 -2.84352e-07
7.46128 0.46875 2.43311e-07
8.24668 0.46875 -2.46852e-07
9.03208 0.46875 -2.0365e-07
9.81748 0.46875 -3.67639e-07
10.6029 0.46875 5.68447e-08
11.3883 0.46875 2.61259e-08
12.1737 0.46875 2.83734e-07
12.9591 0.46875 2.57994e-07
13.7445 0.46875 -2.12e-07
14.5299 0.46875 4.42136e-07
15.3153 0.46875 -6.69288e-08
16.1007 0.46875 -2.28211e-07
16.8861 0.46875 -1.05185e-07
17.6715 0.46875 -8.42514e-08
18.4569 0.46875 1.13639e-07
19.2423 0.46875 3.29614e-07
20.0277 0.46875 -3.50211e-08
20.8131 0.46875 -3.86498e-07
21.5984 0.46875 2.41937e-08
22.3838 0.46875 -5.75454e-07
23.1692 0.46875 -1.62164e-07
23.9546 0.46875 1.024e-07
24.74 0.46875 1.72432e-07

0.392699 0.53125 7.05219e-07
1.1781 0.53125 1.07764e-07
1.9635 0.53125 -3.93077e-08
2.74889 0.53125 -7.26988e-09
3.53429 0.53125 -7.58187e-08
4.31969 0.53125 -1.38401e-07
5.10509 0.53125 4.75597e-07
5.89049 0.53125 -1.20669e-08
6.67588 0.53125 -3.98957e-07
7.46128 0.53125 9.53816e-08
8.24668 0.53125 -2.35078e-07
9.03208 0.53125 -1.64995e-07
9.81748 0.53125 -3.60739e-07
10.6029 0.53125 1.02925e-07
11.3883 0.53125 1.54516e-07
12.1737 0.53125 2.16636e-07
12.9591 0.53125 1.9026e-07
13.7445 0.53125 -2.26406e-07
14.5299 0.53125 3.78093e-07
15.3153 0.53125 2.16648e-08
16.1007 0.53125 -2.63522e-07
16.8861 0.53125 -7.51923e-08
17.6715 0.53125 -6.04657e-08
18.4569 0.53125 1.17155e-07
19.2423 0.53125 3.5129e-07
20.0277 0.53125 -1.39213e-07
20.8131 0.53125 -3.47439e-07
21.5984 0.53125 1.19117e-07
22.3838 0.53125 -6.0692e-07
23.1692 0.53125 -3.1382e-07
23.9546 0.53125 1.13005e-07
24.74 0.53125 2.86914e-07

0.392699 0.59375 6.31828e-07
1.1781 0.59375 1.49099e-07
1.9635 0.59375 8.84726e-08
2.74889 0.59375 -1.09645e-07
3.53429 0.59375 -1.84548e-07
4.31969 0.59375 -1.27913e-07
5.10509 0.59375 5.11523e-07
5.89049 0.59375 7.29933e-08
6.67588 0.59375 -4.90676e-07
7.46128 0.59375 -3.24996e-08
8.24668 0.59375 -2.4621e-07
9.03208 0.59375 -1.28541e-07
9.81748 0.59375 -2.50255e-07
10.6029 0.59375 1.28786e-07
11.3883 0.59375 3.22097e-07
12.1737 0.59375 1.58001e-07
12.9591 0.59375 8.20045e-08
13.7445 0.59375 -2.05664e-07
14.5299 0.59375 2.21225e-07
15.3153 0.59375 7.35634e-08
16.1007 0.59375 -2.37027e-07
16.8861 0.59375 -6.48086e-08
17.6715 0.59375 -5.27977e-08
18.4569 0.59375 1.45849e-07
19.2423 0.59375 3.19786e-07
20.0277 0.59375 -2.30497e-07
20.8131 0.59375 -2.25654e-07
21.5984 0.59375 1.58523e-07
22.3838 0.59375 -6.83706e-07
23.1692 0.59375 -3.35534e-07
23.9546 0.59375 1.75846e-07
24.74 0.59375 3.3958e-07

0.392699 0.65625 5.28446e-07
1.1781 0.65625 2.39215e-07
1.9635 0.65625 1.72232e-07
2.74889 0.65625 -2.2681e-07
3.53429 0.65625 -2.82879e-07
4.31969 0.65625 -9.04826e-08
5.10509 0.65625 4.89141e-07
5.89049 0.65625 1.03611e-07
6.67588 0.65625 -5.01642e-07
7.46128 0.65625 -1.07783e-07
8.24668 0.65625 -2.87511e-07
9.03208 0.65625 -1.5363e-07
9.81748 0.65625 -2.56364e-08
10.6029 0.65625 1.45596e-07
11.3883 0.65625 3.81134e-07
12.1737 0.65625 1.71492e-07
12.9591 0.65625 -4.2953e-10
13.7445 0.65625 -1.76793e-07
14.5299 0.65625 9.74669e-09
15.3153 0.65625 6.47965e-08
16.1007 0.65625 -1.73358e-07
16.8861 0.65625 -6.32136e-08
17.6715 0.65625 -6.81691e-08
18.4569 0.65625 1.85604e-07
19.2423 0.65625 2.86999e-07
20.0277 0.65625 -2.86051e-07
20.8131 0.65625 -5.75514e-08
21.5984 0.65625 1.0954e-07
22.3838 0.65625 -7.90105e-07
23.1692 0.65625 -2.63154e-07
23.9546 0.65625 3.04671e-07
24.74 0.65625 3.38771e-07

0.392699 0.71875 3.9848e-07
1.1781 0.71875 3.80751e-07
1.9635 0.71875 1.83299e-07
2.74889 0.71875 -3.28631e-07
3.53429 0.71875 -3.14141e-07
4.31969 0.71875 -3.1537e-08
5.10509 0.71875 4.05602e-07
5.89049 0.71875 4.29412e-08
6.67588 0.71875 -4.16271e-07
7.46128 0.71875 -1.12933e-07
8.24668 0.71875 -3.43686e-07
9.03208 0.71875 -2.03794e-07
9.81748 0.71875 2.49571e-07
10.6029 0.71875 1.35152e-07
11.3883 0.71875 2.93433e-07
12.1737 0.71875 2.2967e-07
12.9591 0.71875 -3.1082e-08
13.7445 0.71875 -1.29742e-07
14.5299 0.71875 -1.78933e-07
15.3153 0.71875 6.43863e-09
16.1007 0.71875 -1.29723e-07
16.8861 0.71875 -5.93819e-08
17.6715 0.71875 -6.57821e-08
18.4569 0.71875 2.10923e-07
19.2423 0.71875 2.6683e-07
20.0277 0.71875 -2.93622e-07
20.8131 0.71875 1.27338e-07
21.5984 0.71875 1.09314e-08
22.3838 0.71875 -9.22823e-07
23.1692 0.71875 -1.88768e-07
23.9546 0.71875 4.65611e-07
24.74 0.71875 3.21224e-07

0.392699 0.78125 2.99671e-07
1.1781 0.78125 5.4492e-07
1.9635 0.78125 9.63001e-08
2.74889 0.78125 -4.107e-07
3.53429 0.78125 -2.24579e-07
4.31969 0.78125 5.32703e-08
5.10509 0.78125 2.65264e-07
5.89049 0.78125 -9.58567e-08
6.67588 0.78125 -2.92957e-07
7.46128 0.78125 -7.20282e-08
8.24668 0.78125 -3.67589e-07
9.03208 0.78125 -1.93988e-07
9.81748 0.78125 4.67011e-07
10.6029 0.78125 8.36538e-08
11.3883 0.78125 1.43459e-07
12.1737 0.78125 2.6117e-07
12.9591 0.78125 -4.45316e-08
13.7445 0.78125 -4.43295e-08
14.5299 0.78125 -2.84289e-07
15.3153 0.78125 -8.34691e-08
16.1007 0.78125 -1.21588e-07
16.8861 0.78125 -3.67789e-08
17.6715 0.78125 -3.67566e-08
18.4569 0.78125 2.25797e-07
19.2423 0.78125 2.38973e-07
20.0277 0.78125 -2.81419e-07
20.8131 0.78125 3.11443e-07
21.5984 0.78125 -7.43239e-08
22.3838 0.78125 -1.03109e-06
23.1692 0.78125 -1.66827e-07
23.9546 0.78125 5.70672e-07
24.74 0.78125 2.8029e-07

0.392699 0.84375 2.81514e-07
1.1781 0.84375 6.4929e-07
1.9635 0.84375 -5.14933e-08
2.74889 0.84375 -4.98052e-07
3.53429 0.84375 -6.03765e-08
4.31969 0.84375 1.66917e-07
5.10509 0.84375 1.21894e-07
5.89049 0.84375 -2.68316e-07
6.67588 0.84375 -2.04065e-07
7.46128 0.84375 1.22012e-08
8.24668 0.84375 -3.61998e-07
9.03208 0.84375 -9.79748e-08
9.81748 0.84375 5.56608e-07
10.6029 0.84375 -2.11809e-08
11.3883 0.84375 5.40233e-08
12.1737 0.84375 2.5679e-07
12.9591 0.84375 -8.74769e-08
13.7445 0.84375 2.68573e-08
14.5299 0.84375 -2.64252e-07
15.3153 0.84375 -1.60633e-07
16.1007 0.84375 -1.18552e-07
16.8861 0.84375 1.831e-10
17.6715 0.84375 -3.01066e-08
18.4569 0.84375 2.37154e-07
19.2423 0.84375 1.82588e-07
20.0277 0.84375 -2.8578e-07
20.8131 0.84375 4.67651e-07
21.5984 0.84375 -6.30543e-08
22.3838 0.84375 -1.0747e-06
23.1692 0.84375 -1.86513e-07
23.9546 0.84375 5.7812e-07
24.74 0.84375 2.2284e-07

0.392699 0.90625 2.77251e-07
1.1781 0.90625 6.41258e-07
1.9635 0.90625 -1.35873e-07
2.74889 0.90625 -5.83221e-07
3.53429 0.90625 6.75228e-08
4.31969 0.90625 2.77927e-07
5.10509 0.90625 1.87628e-08
5.89049 0.90625 -4.00829e-07
6.67588 0.90625 -1.50737e-07
7.46128 0.90625 8.4876e-08
8.24668 0.90625 -3.16299e-07
9.03208 0.90625 5.61165e-08
9.81748 0.90625 4.88785e-07
10.6029 0.90625 -1.62931e-07
11.3883 0.90625 5.185e-08
12.1737 0.90625 2.49637e-07
12.9591 0.90625 -1.60859e-07
13.7445 0.90625 4.3914e-08
14.5299 0.90625 -1.19317e-07
15.3153 0.90625 -1.9785e-07
16.1007 0.90625 -1.45973e-07
16.8861 0.90625 1.8073e-08
17.6715 0.90625 -3.47453e-08
18.4569 0.90625 2.45742e-07
19.2423 0.90625 9.59598e-08
20.0277 0.90625 -2.89217e-07
20.8131 0.90625 5.5008e-07
21.5984 0.90625 3.12991e-08
22.3838 0.90625 -1.01702e-06
23.1692 0.90625 -1.87749e-07
23.9546 0.90625 5.19122e-07
24.74 0.90625 1.6731e-07

0.392699 0.96875 2.07111e-07
1.1781 0.96875 5.3092e-07
1.9635 0.96875 -5.91757e-08
2.74889 0.96875 -6.04561e-07
3.53429 0.96875 6.23496e-08
4.31969 0.96875 3.50377e-07
5.10509 0.96875 -3.35934e-08
5.89049 0.96875 -4.5008e-07
6.67588 0.96875 -1.09404e-07
7.46128 0.96875 8.6583e-08
8.24668 0.96875 -2.32849e-07
9.03208 0.96875 2.29858e-07
9.81748 0.96875 2.95227e-07
10.6029 0.96875 -3.09644e-07
11.3883 0.96875 1.01146e-07
12.1737 0.96875 2.30365e-07
12.9591 0.96875 -2.02551e-07
13.7445 0.96875 3.85277e-08
14.5299 0.96875 6.28076e-08
15.3153 0.96875 -1.9634e-07
16.1007 0.96875 -1.98282e-07
16.8861 0.96875 -2.26996e-09
17.6715 0.96875 -6.86796e-08
18.4569 0.96875 2.86431e-07
19.2423 0.96875 2.95171e-08
20.0277 0.96875 -3.07243e-07
20.8131 0.96875 5.23095e-07
21.5984 0.96875 1.37739e-07
22.3838 0.96875 -8.64159e-07
23.1692 0.96875 -1.30967e-07
23.9546 0.96875 4.75339e-07
24.74 0.96875 1.09637e-07

0.392699 1.03125 6.26812e-08
1.1781 1.03125 3.66762e-07
1.9635 1.03125 1.41538e-07
2.74889 1.03125 -5.68601e-07
3.53429 1.03125 -2.60753e-08
4.31969 1.03125 3.73082e-07
5.10509 1.03125 -4.19577e-08
5.89049 1.03125 -4.37336e-07
6.67588 1.03125 -1.13739e-07
7.46128 1.03125 5.41362e-08
8.24668 1.03125 -1.1875e-07
9.03208 1.03125 3.48436e-07
9.81748 1.03125 8.59585e-08
10.6029 1.03125 -4.12708e-07
11.3883 1.03125 1.55613e-07
12.1737 1.03125 1.79935e-07
12.9591 1.03125 -1.9208e-07
13.7445 1.03125 4.26989e-08
14.5299 1.03125 1.70306e-07
15.3153 1.03125 -1.70469e-07
16.1007 1.03125 -2.07025e-07
16.8861 1.03125 -2.41636e-08
17.6715 1.03125 -1.64064e-07
18.4569 1.03125 3.35423e-07
19.2423 1.03125 -5.09081e-09
20.0277 1.03125 -3.37812e-07
20.8131 1.03125 4.2089e-07
21.5984 1.03125 1.98811e-07
22.3838 1.03125 -6.57086e-07
23.1692 1.03125 -1.8951e-08
23.9546 1.03125 4.76375e-07
24.74 1.03125 7.48197e-08

0.392699 1.09375 -1.21881e-07
1.1781 1.09375 2.3077e-07
1.9635 1.09375 3.54438e-07
2.74889 1.09375 -5.08958e-07
3.53429 1.09375 -7.08644e-08
4.31969 1.09375 3.68268e-07
5.10509 1.09375 -7.12738e-08
5.89049 1.09375 -4.10516e-07
6.67588 1.09375 -1.7766e-07
7.46128 1.09375 5.07897e-08
8.24668 1.09375 9.74655e-09
9.03208 1.09375 3.4179e-07
9.81748 1.09375 -5.55694e-08
10.6029 1.09375 -4.23702e-07
11.3883 1.09375 2.17038e-07
12.1737 1.09375 1.08919e-07
12.9591 1.09375 -1.77466e-07
13.7445 1.09375 6.10546e-08
14.5299 1.09375 1.7715e-07
15.3153 1.09375 -1.35793e-07
16.1007 1.09375 -1.68396e-07
16.8861 1.09375 -1.68987e-09
17.6715 1.09375 -2.48827e-07
18.4569 1.09375 3.22609e-07
19.2423 1.09375 -7.21037e-08
20.0277 1.09375 -3.63919e-07
20.8131 1.09375 3.27932e-07
21.5984 1.09375 2.03279e-07
22.3838 1.09375 -4.46649e-07
23.1692 1.09375 1.41497e-07
23.9546 1.09375 5.12657e-07
24.74 1.09375 2.39457e-08

0.392699 1.15625 -2.41101e-07
1.1781 1.15625 1.69647e-07
1.9635 1.15625 4.59776e-07
2.74889 1.15625 -4.42593e-07
3.53429 1.15625 2.81308e-09
4.31969 1.15625 3.33973e-07
5.10509 1.15625 -1.63944e-07
5.89049 1.15625 -3.42412e-07
6.67588 1.15625 -2.62904e-07
7.46128 1.15625 5.32787e-08
8.24668 1.15625 1.38255e-07
9.03208 1.15625 2.53936e-07
9.81748 1.15625 -1.24766e-07
10.6029 1.15625 -3.78469e-07
11.3883 1.15625 2.97726e-07
12.1737 1.15625 3.62333e-08
12.9591 1.15625 -2.08804e-07
13.7445 1.15625 9.71334e-08
14.5299 1.15625 1.03545e-07
15.3153 1.15625 -8.32795e-08
16.1007 1.15625 -1.3452e-07
16.8861 1.15625 2.52194e-08
17.6715 1.15625 -2.15567e-07
18.4569 1.15625 2.58079e-07
19.2423 1.15625 -1.80471e-07
20.0277 1.15625 -3.89944e-07
20.8131 1.15625 2.89004e-07
21.5984 1.15625 1.72841e-07
22.3838 1.15625 -2.96764e-07
23.1692 1.15625 3.56526e-07
23.9546 1.15625 5.28361e-07
24.74 1.15625 -1.08136e-07

0.392699 1.21875 -2.56172e-07
1.1781 1.21875 1.96055e-07
1.9635 1.21875 4.23601e-07
2.74889 1.21875 -3.71606e-07
3.53429 1.21875 1.62853e-07
4.31969 1.21875 2.28049e-07
5.10509 1.21875 -2.88322e-07
5.89049 1.21875 -1.69567e-07
6.67588 1.21875 -3.13209e-07
7.46128 1.21875 -3.64465e-08
8.24668 1.21875 2.60289e-07
9.03208 1.21875 2.07694e-07
9.81748 1.21875 -1.79893e-07
10.6029 1.21875 -3.44628e-07
11.3883 1.21875 4.04983e-07
12.1737 1.21875 -2.70966e-08
12.9591 1.21875 -2.94944e-07
13.7445 1.21875 1.12247e-07
14.5299 1.21875 1.38895e-08
15.3153 1.21875 1.08833e-08
16.1007 1.21875 -1.29649e-07
16.8861 1.21875 3.45957e-08
17.6715 1.21875 -7.88239e-08
18.4569 1.21875 1.91022e-07
19.2423 1.21875 -2.7453e-07
20.0277 1.21875 -4.21961e-07
20.8131 1.21875 2.73463e-07
21.5984 1.21875 1.42506e-07
22.3838 1.21875 -2.1319e-07
23.1692 1.21875 5.63324e-07
23.9546 1.21875 4.83888e-07
24.74 1.21875 -3.00989e-07

0.392699 1.28125 -2.26359e-07
1.1781 1.28125 2.54518e-07
1.9635 1.28125 3.16101e-07
2.74889 1.28125 -2.85103e-07
3.53429 1.28125 3.22624e-07
4.31969 1.28125 6.13789e-08
5.10509 1.28125 -3.84684e-07
5.89049 1.28125 9.12839e-08
6.67588 1.28125 -3.37793e-07
7.46128 1.28125 -2.42433e-07
8.24668 1.28125 3.6752e-07
9.03208 1.28125 2.5102e-07
9.81748 1.28125 -2.46856e-07
10.6029 1.28125 -3.45935e-07
11.3883 1.28125 5.11816e-07
12.1737 1.28125 -7.03309e-08
12.9591 1.28125 -3.83781e-07
13.7445 1.28125 7.63973e-08
14.5299 1.28125 -3.2169e-08
15.3153 1.28125 1.20178e-07
16.1007 1.28125 -1.09084e-07
16.8861 1.28125 2.69225e-08
17.6715 1.28125 2.74221e-08
18.4569 1.28125 1.65757e-07
19.2423 1.28125 -2.76165e-07
20.0277 1.28125 -4.73105e-07
20.8131 1.28125 2.14146e-07
21.5984 1.28125 1.61194e-07
22.3838 1.28125 -1.62785e-07
23.1692 1.28125 6.6503e-07
23.9546 1.28125 3.97403e-07
24.74 1.28125 -4.43007e-07

0.392699 1.34375 -1.74817e-07
1.1781 1.34375 3.02641e-07
1.9635 1.34375 1.81509e-07
2.74889 1.34375 -1.95156e-07
3.53429 1.34375 4.29024e-07
4.31969 1.34375 -9.50388e-08
5.10509 1.34375 -4.3809e-07
5.89049 1.34375 3.33463e-07
6.67588 1.34375 -3.4739e-07
7.46128 1.34375 -4.84401e-07
8.24668 1.34375 4.41196e-07
9.03208 1.34375 3.60796e-07
9.81748 1.34375 -2.84396e-07
10.6029 1.34375 -3.66445e-07
11.3883 1.34375 5.45284e-07
12.1737 1.34375 -1.09443e-07
12.9591 1.34375 -4.018e-07
13.7445 1.34375 -3.41363e-09
14.5299 1.34375 -2.92511e-08
15.3153 1.34375 2.49733e-07
16.1007 1.34375 -4.10671e-08
16.8861 1.34375 -5.42871e-09
17.6715 1.34375 2.04797e-08
18.4569 1.34375 1.82431e-07
19.2423 1.34375 -1.94449e-07
20.0277 1.34375 -5.49392e-07
20.8131 1.34375 1.45586e-07
21.5984 1.34375 2.16624e-07
22.3838 1.34375 -1.31198e-07
23.1692 1.34375 6.09283e-07
23.9546 1.34375 2.78929e-07
24.74 1.34375 -4.34745e-07

0.392699 1.40625 -9.25679e-08
1.1781 1.40625 3.45357e-07
1.9635 1.40625 8.1951e-09
2.74889 1.40625 -1.47664e-07
3.53429 1.40625 4.86598e-07
4.31969 1.40625 -1.76691e-07
5.10509 1.40625 -4.69716e-07
5.89049 1.40625 4.64799e-07
6.67588 1.40625 -3.07003e-07
7.46128 1.40625 -6.50551e-07
8.24668 1.40625 4.53559e-07
9.03208 1.40625 4.6357e-07
9.81748 1.40625 -2.52676e-07
10.6029 1.40625 -3.60825e-07
11.3883 1.40625 4.69544e-07
12.1737 1.40625 -1.59111e-07
12.9591 1.40625 -3.38099e-07
13.7445 1.40625 -9.47392e-08
14.5299 1.40625 2.55798e-08
15.3153 1.40625 4.04984e-07
16.1007 1.40625 2.44811e-08
16.8861 1.40625 -5.75496e-08
17.6715 1.40625 -9.65959e-08
18.4569 1.40625 1.84563e-07
19.2423 1.40625 -3.53733e-08
20.0277 1.40625 -6.15457e-07
20.8131 1.40625 8.04738e-08
21.5984 1.40625 2.79986e-07
22.3838 1.40625 -1.14111e-07
23.1692 1.40625 4.28881e-07
23.9546 1.40625 1.58366e-07
24.74 1.40625 -3.00307e-07

0.392699 1.46875 -6.07483e-09
1.1781 1.46875 3.75359e-07
1.9635 1.46875 -1.96609e-07
2.74889 1.46875 -1.54847e-07
3.53429 1.46875 4.9671e-07
4.31969 1.46875 -1.87201e-07
5.10509 1.46875 -4.52225e-07
5.89049 1.46875 4.82636e-07
6.67588 1.46875 -2.55025e-07
7.46128 1.46875 -6.70383e-07
8.24668 1.46875 4.31345e-07
9.03208 1.46875 4.69145e-07
9.81748 1.46875 -1.4541e-07
10.6029 1.46875 -3.18421e-07
11.3883 1.46875 3.20768e-07
12.1737 1.46875 -1.70391e-07
12.9591 1.46875 -2.42782e-07
13.7445 1.46875 -1.50117e-07
14.5299 1.46875 6.22981e-08
15.3153 1.46875 5.31197e-07
16.1007 1.46875 8.48046e-08
16.8861 1.46875 -1.19182e-07
17.6715 1.46875 -2.49607e-07
18.4569 1.46875 1.42407e-07
19.2423 1.46875 1.525e-07
20.0277 1.46875 -6.15824e-07
20.8131 1.46875 1.01746e-08
21.5984 1.46875 3.25332e-07
22.3838 1.46875 -9.64213e-08
23.1692 1.46875 1.70548e-07
23.9546 1.46875 8.64523e-08
24.74 1.46875 -1.03659e-07

0.392699 1.53125 5.05039e-08
1.1781 1.53125 3.92728e-07
1.9635 1.53125 -3.60326e-07
2.74889 1.53125 -2.13782e-07
3.53429 1.53125 4.46253e-07
4.31969 1.53125 -1.42464e-07
5.10509 1.53125 -3.50782e-07
5.89049 1.53125 4.16175e-07
6.67588 1.53125 -2.41224e-07
7.46128 1.53125 -5.51228e-07
8.24668 1.53125 3.7698e-07
9.03208 1.53125 3.95801e-07
9.81748 1.53125 -2.30741e-09
10.6029 1.53125 -2.62082e-07
11.3883 1.53125 1.74203e-07
12.1737 1.53125 -1.33311e-07
12.9591 1.53125 -1.85138e-07
13.7445 1.53125 -1.71878e-07
14.5299 1.53125 7.26528e-08
15.3153 1.53125 5.76007e-07
16.1007 1.53125 1.36572e-07
16.8861 1.53125 -1.56311e-07
17.6715 1.53125 -3.81068e-07
18.4569 1.53125 7.16408e-08
19.2423 1.53125 3.28591e-07
20.0277 1.53125 -5.6522e-07
20.8131 1.53125 -9.15192e-08
21.5984 1.53125 3.76426e-07
22.3838 1.53125 -5.53217e-08
23.1692 1.53125 -9.44401e-08
23.9546 1.53125 8.2409e-08
24.74 1.53125 6.47627e-08

0.392699 1.59375 9.35958e-08
1.1781 1.59375 3.60815e-07
1.9635 1.59375 -4.36281e-07
2.74889 1.59375 -2.83452e-07
3.53429 1.59375 3.60782e-07
4.31969 1.59375 -4.59924e-08
5.10509 1.59375 -2.09761e-07
5.89049 1.59375 3.06001e-07
6.67588 1.59375 -2.58119e-07
7.46128 1.59375 -3.64165e-07
8.24668 1.59375 2.82516e-07
9.03208 1.59375 2.87739e-07
9.81748 1.59375 1.14423e-07
10.6029 1.59375 -1.92104e-07
11.3883 1.59375 8.99796e-08
12.1737 1.59375 -1.01466e-07
12.9591 1.59375 -1.8719e-07
13.7445 1.59375 -1.74067e-07
14.5299 1.59375 5.42411e-08
15.3153 1.59375 5.45892e-07
16.1007 1.59375 1.82391e-07
16.8861 1.59375 -1.59717e-07
17.6715 1.59375 -4.78144e-07
18.4569 1.59375 3.45587e-08
19.2423 1.59375 4.86692e-07
20.0277 1.59375 -5.14215e-07
20.8131 1.59375 -2.15498e-07
21.5984 1.59375 4.40164e-07
22.3838 1.59375 8.92604e-09
23.1692 1.59375 -2.95892e-07
23.9546 1.59375 1.10722e-07
24.74 1.59375 1.53584e-07

0.392699 1.65625 1.38336e-07
1.1781 1.65625 2.99149e-07
1.9635 1.65625 -4.29806e-07
2.74889 1.65625 -3.24941e-07
3.53429 1.65625 2.70182e-07
4.31969 1.65625 7.13749e-08
5.10509 1.65625 -9.11403e-08
5.89049 1.65625 1.80685e-07
6.67588 1.65625 -2.82409e-07
7.46128 1.65625 -1.98953e-07
8.24668 1.65625 1.64819e-07
9.03208 1.65625 2.21608e-07
9.81748 1.65625 1.57177e-07
10.6029 1.65625 -1.42966e-07
11.3883 1.65625 7.81478e-08
12.1737 1.65625 -1.06366e-07
12.9591 1.65625 -1.98278e-07
13.7445 1.65625 -1.49399e-07
14.5299 1.65625 4.83544e-08
15.3153 1.65625 4.72096e-07
16.1007 1.65625 1.73314e-07
16.8861 1.65625 -1.54466e-07
17.6715 1.65625 -5.07255e-07
18.4569 1.65625 4.54683e-08
19.2423 1.65625 5.88935e-07
20.0277 1.65625 -4.62179e-07
20.8131 1.65625 -3.09764e-07
21.5984 1.65625 4.6135e-07
22.3838 1.65625 5.03317e-08
23.1692 1.65625 -3.59538e-07
23.9546 1.65625 1.46217e-07
24.74 1.65625 1.40041e-07

0.392699 1.71875 1.71357e-07
1.1781 1.71875 2.3014e-07
1.9635 1.71875 -3.79228e-07
2.74889 1.71875 -2.98342e-07
3.53429 1.71875 2.01148e-07
4.31969 1.71875 1.31942e-07
5.10509 1.71875 -2.52651e-08
5.89049 1.71875 7.04095e-08
6.67588 1.71875 -2.73721e-07
7.46128 1.71875 -9.70371e-08
8.24668 1.71875 4.539e-08
9.03208 1.71875 2.24981e-07
9.81748 1.71875 1.51048e-07
10.6029 1.71875 -1.15208e-07
11.3883 1.71875 1.00584e-07
12.1737 1.71875 -1.45115e-07
12.9591 1.71875 -1.85332e-07
13.7445 1.71875 -9.31133e-08
14.5299 1.71875 6.31989e-08
15.3153 1.71875 3.41288e-07
16.1007 1.71875 1.14593e-07
16.8861 1.71875 -1.32566e-07
17.6715 1.71875 -4.57029e-07
18.4569 1.71875 7.87926e-08
19.2423 1.71875 5.98157e-07
20.0277 1.71875 -3.61629e-07
20.8131 1.71875 -3.36363e-07
21.5984 1.71875 3.73424e-07
22.3838 1.71875 6.23538e-08
23.1692 1.71875 -2.96694e-07
23.9546 1.71875 1.45117e-07
24.74 1.71875 8.02765e-08

0.392699 1.78125 1.65494e-07
1.1781 1.78125 1.67399e-07
1.9635 1.78125 -3.02484e-07
2.74889 1.78125 -2.0713e-07
3.53429 1.78125 1.46167e-07
4.31969 1.78125 1.05471e-07
5.10509 1.78125 4.79652e-09
5.89049 1.78125 1.43761e-08
6.67588 1.78125 -2.12414e-07
7.46128 1.78125 -4.55651e-08
8.24668 1.78125 -3.53163e-08
9.03208 1.78125 2.22066e-07
9.81748 1.78125 1.1179e-07
10.6029 1.78125 -9.07976e-08
11.3883 1.78125 1.27515e-07
12.1737 1.78125 -1.67406e-07
12.9591 1.78125 -1.51005e-07
13.7445 1.78125 -2.10348e-08
14.5299 1.78125 6.22288e-08
15.3153 1.78125 1.72579e-07
16.1007 1.78125 6.65128e-08
16.8861 1.78125 -9.58739e-08
17.6715 1.78125 -3.47787e-07
18.4569 1.78125 9.89634e-08
19.2423 1.78125 4.94016e-07
20.0277 1.78125 -2.10108e-07
20.8131 1.78125 -2.98521e-07
21.5984 1.78125 2.07767e-07
22.3838 1.78125 5.82525e-08
23.1692 1.78125 -1.73189e-07
23.9546 1.78125 1.07656e-07
24.74 1.78125 1.6926e-08

0.392699 1.84375 1.17436e-07
1.1781 1.84375 1.09128e-07
1.9635 1.84375 -2.09943e-07
2.74889 1.84375 -1.06405e-07
3.53429 1.84375 1.0413e-07
4.31969 1.84375 4.24937e-08
5.10509 1.84375 1.19037e-08
5.89049 1.84375 -8.92729e-10
6.67588 1.84375 -1.24232e-07
7.46128 1.84375 -1.64031e-08
8.24668 1.84375 -3.93667e-08
9.03208 1.84375 1.57024e-07
9.81748 1.84375 4.77897e-08
10.6029 1.84375 -4.95639e-08
11.3883 1.84375 1.20426e-07
12.1737 1.84375 -1.41714e-07
12.9591 1.84375 -9.94226e-08
13.7445 1.84375 3.33837e-08
14.5299 1.84375 3.00237e-08
15.3153 1.84375 3.20426e-08
16.1007 1.84375 4.78319e-08
16.8861 1.84375 -4.86541e-08
17.6715 1.84375 -2.09724e-07
18.4569 1.84375 8.16017e-08
19.2423 1.84375 3.08911e-07
20.0277 1.84375 -8.04987e-08
20.8131 1.84375 -2.08506e-07
21.5984 1.84375 7.8822e-08
22.3838 1.84375 3.88032e-08
23.1692 1.84375 -7.04239e-08
23.9546 1.84375 6.2569e-08
24.74 1.84375 -2.19235e-08

0.392699 1.90625 5.214e-08
1.1781 1.90625 4.7751e-08
1.9635 1.90625 -9.83678e-08
2.74889 1.90625 -2.78646e-08
3.53429 1.90625 4.70907e-08
4.31969 1.90625 1.03904e-09
5.10509 1.90625 7.8108e-09
5.89049 1.90625 -7.33089e-09
6.67588 1.90625 -4.16128e-08
7.46128 1.90625 2.36458e-09
8.24668 1.90625 -1.35155e-08
9.03208 1.90625 6.56213e-08
9.81748 1.90625 1.14724e-09
10.6029 1.90625 -1.2686e-08
11.3883 1.90625 6.37064e-08
12.1737 1.90625 -7.32371e-08
12.9591 1.90625 -3.4823e-08
13.7445 1.90625 3.22541e-08
14.5299 1.90625 -2.18437e-09
15.3153 1.90625 -1.37026e-08
16.1007 1.90625 2.73954e-08
16.8861 1.90625 -2.15487e-08
17.6715 1.90625 -7.26638e-08
18.4569 1.90625 4.70356e-08
19.2423 1.90625 1.1433e-07
20.0277 1.90625 -2.35397e-08
20.8131 1.90625 -9.21684e-08
21.5984 1.90625 2.12103e-08
22.3838 1.90625 1.60304e-08
23.1692 1.90625 -1.61317e-08
23.9546 1.90625 2.51788e-08
24.74 1.90625 -2.13939e-08

0.392699 1.96875 5.05534e-09
1.1781 1.96875 1.07196e-09
1.9635 1.96875 -1.14576e-08
2.74889 1.96875 5.55964e-09
3.53429 1.96875 3.80764e-09
4.31969 1.96875 -3.46239e-09
5.10509 1.96875 2.12665e-09
5.89049 1.96875 -1.23628e-09
6.67588 1.96875 -4.31863e-10
7.46128 1.96875 -2.39161e-09
8.24668 1.96875 -3.24548e-10
9.03208 1.96875 3.70831e-09
9.81748 1.96875 -3.22113e-09
10.6029 1.96875 2.91705e-09
11.3883 1.96875 5.68831e-09
12.1737 1.96875 -3.69184e-09
12.9591 1.96875 -3.89565e-09
13.7445 1.96875 3.81196e-10
14.5299 1.96875 -2.61033e-09
15.3153 1.96875 -3.85998e-09
16.1007 1.96875 6.60038e-09
16.8861 1.96875 -1.94909e-09
17.6715 1.96875 -3.23422e-09
18.4569 1.96875 8.42014e-09
19.2423 1.96875 4.32776e-09
20.0277 1.96875 -8.24851e-09
20.8131 1.96875 -6.0162e-09
21.5984 1.96875 5.67092e-09
22.3838 1.96875 5.43825e-10
23.1692 1.96875 -1.28664e-09
23.9546 1.96875 3.00239e-09
24.74 1.96875 -1.58412e-09

