0.392699 0.03125 -4.23374e-10
1.1781 0.03125 -5.36479e-10
1.9635 0.03125 -9.25613e-10
2.74889 0.03125 1.9456e-10
3.53429 0.03125 9.67261e-10
4.31969 0.03125 -3.30029e-09
5.10509 0.03125 2.25037e-09
5.89049 0.03125 2.2088e-09
6.67588 0.03125 -6.56272e-10
7.46128 0.03125 1.6375e-09
8.24668 0.03125 1.8908e-09
9.03208 0.03125 8.26217e-10
9.81748 0.03125 -2.18236e-09
10.6029 0.03125 -1.23421e-09
11.3883 0.03125 -2.39867e-09
12.1737 0.03125 -9.4787e-10
12.9591 0.03125 3.31399e-09
13.7445 0.03125 -2.88698e-09
14.5299 0.03125 -9.17096e-10
15.3153 0.03125 3.22608e-09
16.1007 0.03125 5.83938e-10
16.8861 0.03125 2.08131e-09
17.6715 0.03125 -5.89258e-10
18.4569 0.03125 -4.124e-09
19.2423 0.03125 -1.15451e-09
20.0277 0.03125 2.67864e-09
20.8131 0.03125 3.71105e-09
21.5984 0.03125 -2.08083e-09
22.3838 0.03125 -4.4415e-09
23.1692 0.03125 4.07501e-09
23.9546 0.03125 8.52214e-10
24.74 0.03125 -1.62854e-09

0.392699 0.09375 2.6264e-08
1.1781 0.09375 -2.01019e-10
1.9635 0.09375 -2.00891e-08
2.74889 0.09375 7.39909e-09
3.53429 0.09375 2.37004e-08
4.31969 0.09375 -5.98852e-08
5.10509 0.09375 2.49866e-08
5.89049 0.09375 4.27284e-09
6.67588 0.09375 -2.71511e-08
7.46128 0.09375 4.68887e-08
8.24668 0.09375 2.17426e-08
9.03208 0.09375 9.08452e-09
9.81748 0.09375 -5.66059e-08
10.6029 0.09375 -2.23745e-08
11.3883 0.09375 -6.2343e-09
12.1737 0.09375 4.80917e-09
12.9591 0.09375 5.52764e-08
13.7445 0.09375 -4.12403e-08
14.5299 0.09375 -2.46357e-09
15.3153 0.09375 4.61521e-08
16.1007 0.09375 3.16647e-10
16.8861 0.09375 5.1518e-09
17.6715 0.09375 3.76653e-09
18.4569 0.09375 -3.33089e-08
19.2423 0.09375 -1.37741e-08
20.0277 0.09375 2.48334e-08
20.8131 0.09375 4.88083e-08
21.5984 0.09375 -8.88848e-09
22.3838 0.09375 -1.33274e-07
23.1692 0.09375 3.29206e-08
23.9546 0.09375 5.3059e-08
24.74 0.09375 -1.45609e-08

0.392699 0.15625 8.21712e-08
1.1781 0.15625 3.96198e-08
1.9635 0.15625 -4.59301e-08
2.74889 0.15625 -7.88868e-09
3.53429 0.15625 6.95635e-08
4.31969 0.15625 -1.26086e-07
5.10509 0.15625 5.33988e-08
5.89049 0.15625 1.04397e-08
6.67588 0.15625 -9.38227e-08
7.46128 0.15625 1.0006e-07
8.24668 0.15625 5.23234e-08
9.03208 0.15625 3.87579e-08
9.81748 0.15625 -1.27846e-07
10.6029 0.15625 -7.46448e-08
11.3883 0.15625 -1.85241e-08
12.1737 0.15625 1.26063e-08
12.9591 0.15625 1.42953e-07
13.7445 0.15625 -7.06963e-08
14.5299 0.15625 -6.13899e-09
15.3153 0.15625 9.18329e-08
16.1007 0.15625 6.4971e-09
16.8861 0.15625 -7.80354e-09
17.6715 0.15625 1.0874e-08
18.4569 0.15625 -5.51969e-08
19.2423 0.15625 -3.35735e-08
20.0277 0.15625 4.6415e-08
20.8131 0.15625 9.07261e-08
21.5984 0.15625 2.99114e-08
22.3838 0.15625 -3.16461e-07
23.1692 0.15625 4.53644e-09
23.9546 0.15625 1.28797e-07
24.74 0.15625 -3.07561e-08

0.392699 0.21875 1.67218e-07
1.1781 0.21875 1.2725e-07
1.9635 0.21875 -5.87869e-08
2.74889 0.21875 -4.38327e-08
3.53429 0.21875 1.07785e-07
4.31969 0.21875 -1.69154e-07
5.10509 0.21875 9.14407e-08
5.89049 0.21875 2.48869e-08
6.67588 0.21875 -1.89349e-07
7.46128 0.21875 1.39881e-07
8.24668 0.21875 7.02026e-08
9.03208 0.21875 7.04651e-08
9.81748 0.21875 -1.85303e-07
10.6029 0.21875 -1.37473e-07
11.3883 0.21875 -4.71646e-08
12.1737 0.21875 2.02897e-08
12.9591 0.21875 2.4037e-07
13.7445 0.21875 -7.47599e-08
14.5299 0.21875 1.61893e-08
15.3153 0.21875 1.11847e-07
16.1007 0.21875 1.47299e-08
16.8861 0.21875 -4.0921e-08
17.6715 0.21875 6.88322e-09
18.4569 0.21875 -6.07824e-08
19.2423 0.21875 -4.23537e-08
20.0277 0.21875 8.5464e-08
20.8131 0.21875 8.20442e-08
21.5984 0.21875 8.41137e-08
22.3838 0.21875 -4.61987e-07
23.1692 0.21875 -7.75746e-08
23.9546 0.21875 1.78635e-07
24.74 0.21875 -6.0346e-08

0.392699 0.28125 2.71788e-07
1.1781 0.28125 2.48721e-07
1.9635 0.28125 -5.94291e-08
2.74889 0.28125 -7.59576e-08
3.53429 0.28125 1.23098e-07
4.31969 0.28125 -1.88414e-07
5.10509 0.28125 1.35601e-07
5.89049 0.28125 4.99121e-08
6.67588 0.28125 -2.80669e-07
7.46128 0.28125 1.65235e-07
8.24668 0.28125 6.67475e-08
9.03208 0.28125 7.19741e-08
9.81748 0.28125 -2.29751e-07
10.6029 0.28125 -1.78211e-07
11.3883 0.28125 -8.44842e-08
12.1737 0.28125 2.59227e-08
12.9591 0.28125 3.26462e-07
13.7445 0.28125 -7.10071e-08
14.5299 0.28125 7.63834e-08
15.3153 0.28125 1.08083e-07
16.1007 0.28125 1.29985e-08
16.8861 0.28125 -7.50605e-08
17.6715 0.28125 -1.96864e-08
18.4569 0.28125 -6.52976e-08
19.2423 0.28125 -2.31501e-08
20.0277 0.28125 1.5638e-07
20.8131 0.28125 1.57351e-08
21.5984 0.28125 1.11048e-07
22.3838 0.28125 -5.26495e-07
23.1692 0.28125 -1.71991e-07
23.9546 0.28125 1.81198e-07
24.74 0.28125 -1.15229e-07

0.392699 0.34375 3.62235e-07
1.1781 0.34375 3.77171e-07
1.9635 0.34375 -4.12554e-08
2.74889 0.34375 -8.98696e-08
3.53429 0.34375 1.25588e-07
4.31969 0.34375 -1.99815e-07
5.10509 0.34375 1.69556e-07
5.89049 0.34375 9.06549e-08
6.67588 0.34375 -3.32509e-07
7.46128 0.34375 1.73371e-07
8.24668 0.34375 4.47234e-08
9.03208 0.34375 3.87249e-08
9.81748 0.34375 -2.77769e-07
10.6029 0.34375 -1.85983e-07
11.3883 0.34375 -1.15374e-07
12.1737 0.34375 3.00296e-08
12.9591 0.34375 3.91536e-07
13.7445 0.34375 -8.33246e-08
14.5299 0.34375 1.53791e-07
15.3153 0.34375 1.14744e-07
16.1007 0.34375 -7.13482e-09
16.8861 0.34375 -9.81936e-08
17.6715 0.34375 -6.86591e-08
18.4569 0.34375 -8.47986e-08
19.2423 0.34375 3.4683e-08
20.0277 0.34375 2.41338e-07
20.8131 0.34375 -8.83052e-08
21.5984 0.34375 1.0488e-07
22.3838 0.34375 -5.07775e-07
23.1692 0.34375 -2.58548e-07
23.9546 0.34375 1.40078e-07
24.74 0.34375 -1.77611e-07

0.392699 0.40625 4.19685e-07
1.1781 0.40625 4.75905e-07
1.9635 0.40625 3.89083e-09
2.74889 0.40625 -8.31877e-08
3.53429 0.40625 1.26359e-07
4.31969 0.40625 -2.21441e-07
5.10509 0.40625 1.78914e-07
5.89049 0.40625 1.58533e-07
6.67588 0.40625 -3.29576e-07
7.46128 0.40625 1.48705e-07
8.24668 0.40625 1.50281e-09
9.03208 0.40625 -9.89524e-10
9.81748 0.40625 -3.29766e-07
10.6029 0.40625 -1.77104e-07
11.3883 0.40625 -1.17073e-07
12.1737 0.40625 3.8366e-08
12.9591 0.40625 4.28511e-07
13.7445 0.40625 -1.14678e-07
14.5299 0.40625 2.01892e-07
15.3153 0.40625 1.53976e-07
16.1007 0.40625 -3.76999e-08
16.8861 0.40625 -1.11637e-07
17.6715 0.40625 -1.15233e-07
18.4569 0.40625 -1.16941e-07
19.2423 0.40625 1.20388e-07
20.0277 0.40625 3.02211e-07
20.8131 0.40625 -1.99059e-07
21.5984 0.40625 8.8806e-08
22.3838 0.40625 -4.27481e-07
23.1692 0.40625 -3.35684e-07
23.9546 0.40625 5.64939e-08
24.74 0.40625 -2.14341e-07

0.392699 0.46875 4.52636e-07
1.1781 0.46875 5.13201e-07
1.9635 0.46875 7.73972e-08
2.74889 0.46875 -5.40664e-08
3.53429 0.46875 1.14684e-07
4.31969 0.46875 -2.62423e-07
5.10509 0.46875 1.60675e-07
5.89049 0.46875 2.56811e-07
6.67588 0.46875 -2.84316e-07
7.46128 0.46875 8.04968e-08
8.24668 0.46875 -6.74589e-08
9.03208 0.46875 -2.59888e-08
9.81748 0.46875 -3.57652e-07
10.6029 0.46875 -1.74254e-07
11.3883 0.46875 -7.04807e-08
12.1737 0.46875 6.18959e-08
12.9591 0.46875 4.29625e-07
13.7445 0.46875 -1.41746e-07
14.5299 0.46875 1.81998e-07
15.3153 0.46875 2.04735e-07
16.1007 0.46875 -6.13469e-08
16.8861 0.46875 -1.1774e-07
17.6715 0.46875 -1.31763e-07
18.4569 0.46875 -1.46308e-07
19.2423 0.46875 2.08429e-07
20.0277 0.46875 3.1292e-07
20.8131 0.46875 -2.92898e-07
21.5984 0.46875 9.30246e-08
22.3838 0.46875 -3.24401e-07
23.1692 0.46875 -4.07281e-07
23.9546 0.46875 -5.39222e-08
24.74 0.46875 -2.03531e-07

0.392699 0.53125 4.70575e-07
1.1781 0.53125 4.88634e-07
1.9635 0.53125 1.69563e-07
2.74889 0.53125 -8.1257e-09
3.53429 0.53125 7.38573e-08
4.31969 0.53125 -3.13396e-07
5.10509 0.53125 1.23529e-07
5.89049 0.53125 3.59557e-07
6.67588 0.53125 -2.25215e-07
7.46128 0.53125 -1.16324e-08
8.24668 0.53125 -1.49893e-07
9.03208 0.53125 -5.49191e-08
9.81748 0.53125 -3.33045e-07
10.6029 0.53125 -1.77647e-07
11.3883 0.53125 2.1257e-08
12.1737 0.53125 1.15347e-07
12.9591 0.53125 3.89526e-07
13.7445 0.53125 -1.3985e-07
14.5299 0.53125 9.83788e-08
15.3153 0.53125 2.19623e-07
16.1007 0.53125 -6.91972e-08
16.8861 0.53125 -1.11462e-07
17.6715 0.53125 -1.25527e-07
18.4569 0.53125 -1.5767e-07
19.2423 0.53125 2.82356e-07
20.0277 0.53125 2.65719e-07
20.8131 0.53125 -3.5081e-07
21.5984 0.53125 1.3785e-07
22.3838 0.53125 -2.47278e-07
23.1692 0.53125 -4.7602e-07
23.9546 0.53125 -1.46321e-07
24.74 0.53125 -1.45993e-07

0.392699 0.59375 4.57097e-07
1.1781 0.59375 4.37431e-07
1.9635 0.59375 2.70781e-07
2.74889 0.59375 3.63698e-08
3.53429 0.59375 -1.90195e-10
4.31969 0.59375 -3.5531e-07
5.10509 0.59375 8.21306e-08
5.89049 0.59375 4.26765e-07
6.67588 0.59375 -1.74666e-07
7.46128 0.59375 -8.98209e-08
8.24668 0.59375 -2.12307e-07
9.03208 0.59375 -1.25169e-07
9.81748 0.59375 -2.56988e-07
10.6029 0.59375 -1.5439e-07
11.3883 0.59375 1.18051e-07
12.1737 0.59375 1.92675e-07
12.9591 0.59375 3.2047e-07
13.7445 0.59375 -1.0124e-07
14.5299 0.59375 -1.1225e-08
15.3153 0.59375 1.69793e-07
16.1007 0.59375 -7.06309e-08
16.8861 0.59375 -9.26305e-08
17.6715 0.59375 -1.23773e-07
18.4569 0.59375 -1.48802e-07
19.2423 0.59375 3.44344e-07
20.0277 0.59375 1.71287e-07
20.8131 0.59375 -3.56893e-07
21.5984 0.59375 2.19797e-07
22.3838 0.59375 -2.29696e-07
23.1692 0.59375 -5.47047e-07
23.9546 0.59375 -1.73045e-07
24.74 0.59375 -4.93895e-08

0.392699 0.65625 3.9815e-07
1.1781 0.65625 3.98553e-07
1.9635 0.65625 3.69435e-07
2.74889 0.65625 6.03002e-08
3.53429 0.65625 -9.34627e-08
4.31969 0.65625 -3.67303e-07
5.10509 0.65625 5.71758e-08
5.89049 0.65625 4.24112e-07
6.67588 0.65625 -1.46211e-07
7.46128 0.65625 -1.24657e-07
8.24668 0.65625 -2.23992e-07
9.03208 0.65625 -2.47965e-07
9.81748 0.65625 -1.55492e-07
10.6029 0.65625 -7.01552e-08
11.3883 0.65625 1.65974e-07
12.1737 0.65625 2.57851e-07
12.9591 0.65625 2.49006e-07
13.7445 0.65625 -3.10808e-08
14.5299 0.65625 -1.07961e-07
15.3153 0.65625 6.72739e-08
16.1007 0.65625 -8.29092e-08
16.8861 0.65625 -7.11012e-08
17.6715 0.65625 -1.31131e-07
18.4569 0.65625 -1.28667e-07
19.2423 0.65625 3.96813e-07
20.0277 0.65625 5.62978e-08
20.8131 0.65625 -3.04136e-07
21.5984 0.65625 3.18245e-07
22.3838 0.65625 -2.6888e-07
23.1692 0.65625 -6.32658e-07
23.9546 0.65625 -1.36456e-07
24.74 0.65625 8.10305e-08

0.392699 0.71875 2.9763e-07
1.1781 0.71875 3.97053e-07
1.9635 0.71875 4.53849e-07
2.74889 0.71875 4.32855e-08
3.53429 0.71875 -1.81438e-07
4.31969 0.71875 -3.31581e-07
5.10509 0.71875 6.73481e-08
5.89049 0.71875 3.40913e-07
6.67588 0.71875 -1.52021e-07
7.46128 0.71875 -1.10246e-07
8.24668 0.71875 -1.88914e-07
9.03208 0.71875 -3.82612e-07
9.81748 0.71875 -4.46363e-08
10.6029 0.71875 6.09482e-08
11.3883 0.71875 1.45939e-07
12.1737 0.71875 2.80066e-07
12.9591 0.71875 1.82902e-07
13.7445 0.71875 4.89042e-08
14.5299 0.71875 -1.59741e-07
15.3153 0.71875 -4.32082e-08
16.1007 0.71875 -1.15368e-07
16.8861 0.71875 -6.1825e-08
17.6715 0.71875 -1.35879e-07
18.4569 0.71875 -1.00077e-07
19.2423 0.71875 4.36277e-07
20.0277 0.71875 -5.74974e-08
20.8131 0.71875 -2.10006e-07
21.5984 0.71875 4.19242e-07
22.3838 0.71875 -3.27701e-07
23.1692 0.71875 -7.33557e-07
23.9546 0.71875 -7.98606e-08
24.74 0.71875 2.19928e-07

0.392699 0.78125 1.80181e-07
1.1781 0.78125 4.33482e-07
1.9635 0.78125 5.16411e-07
2.74889 0.78125 -2.78589e-08
3.53429 0.78125 -2.51735e-07
4.31969 0.78125 -2.4236e-07
5.10509 0.78125 1.17436e-07
5.89049 0.78125 2.03874e-07
6.67588 0.78125 -1.96551e-07
7.46128 0.78125 -6.60166e-08
8.24668 0.78125 -1.42786e-07
9.03208 0.78125 -4.61967e-07
9.81748 0.78125 7.44906e-08
10.6029 0.78125 1.77994e-07
11.3883 0.78125 7.92817e-08
12.1737 0.78125 2.64594e-07
12.9591 0.78125 1.16331e-07
13.7445 0.78125 1.0146e-07
14.5299 0.78125 -1.52217e-07
15.3153 0.78125 -1.18045e-07
16.1007 0.78125 -1.60785e-07
16.8861 0.78125 -6.31575e-08
17.6715 0.78125 -1.34925e-07
18.4569 0.78125 -6.22506e-08
19.2423 0.78125 4.57689e-07
20.0277 0.78125 -1.62646e-07
20.8131 0.78125 -1.12353e-07
21.5984 0.78125 5.15399e-07
22.3838 0.78125 -3.59574e-07
23.1692 0.78125 -8.19291e-07
23.9546 0.78125 -4.07362e-08
24.74 0.78125 3.16945e-07

0.392699 0.84375 8.40636e-08
1.1781 0.84375 4.68097e-07
1.9635 0.84375 5.54665e-07
2.74889 0.84375 -1.32049e-07
3.53429 0.84375 -3.12163e-07
4.31969 0.84375 -1.25198e-07
5.10509 0.84375 1.93695e-07
5.89049 0.84375 6.32466e-08
6.67588 0.84375 -2.66409e-07
7.46128 0.84375 -1.54197e-08
8.24668 0.84375 -1.21442e-07
9.03208 0.84375 -4.45427e-07
9.81748 0.84375 1.98411e-07
10.6029 0.84375 2.17854e-07
11.3883 0.84375 -4.82341e-09
12.1737 0.84375 2.42434e-07
12.9591 0.84375 5.92189e-08
13.7445 0.84375 9.11138e-08
14.5299 0.84375 -9.80493e-08
15.3153 0.84375 -1.34018e-07
16.1007 0.84375 -1.97758e-07
16.8861 0.84375 -6.10316e-08
17.6715 0.84375 -1.40571e-07
18.4569 0.84375 -2.14732e-08
19.2423 0.84375 4.5476e-07
20.0277 0.84375 -2.52023e-07
20.8131 0.84375 -5.2602e-08
21.5984 0.84375 5.99617e-07
22.3838 0.84375 -3.36107e-07
23.1692 0.84375 -8.48441e-07
23.9546 0.84375 -2.40134e-08
24.74 0.84375 3.44653e-07

0.392699 0.90625 3.09743e-08
1.1781 0.90625 4.34079e-07
1.9635 0.90625 5.69787e-07
2.74889 0.90625 -2.0639e-07
3.53429 0.90625 -3.68001e-07
4.31969 0.90625 -2.48912e-08
5.10509 0.90625 2.64392e-07
5.89049 0.90625 -4.36434e-08
6.67588 0.90625 -3.21556e-07
7.46128 0.90625 2.02067e-08
8.24668 0.90625 -1.38637e-07
9.03208 0.90625 -3.34894e-07
9.81748 0.90625 3.09137e-07
10.6029 0.90625 1.60162e-07
11.3883 0.90625 -9.00959e-08
12.1737 0.90625 2.30678e-07
12.9591 0.90625 2.81119e-08
13.7445 0.90625 1.99655e-08
14.5299 0.90625 -2.3544e-08
15.3153 0.90625 -9.15586e-08
16.1007 0.90625 -2.11415e-07
16.8861 0.90625 -5.45594e-08
17.6715 0.90625 -1.67367e-07
18.4569 0.90625 1.52014e-08
19.2423 0.90625 4.27511e-07
20.0277 0.90625 -3.10065e-07
20.8131 0.90625 -4.59171e-08
21.5984 0.90625 6.48271e-07
22.3838 0.90625 -2.65396e-07
23.1692 0.90625 -7.97911e-07
23.9546 0.90625 -7.20542e-09
24.74 0.90625 3.30527e-07

0.392699 0.96875 1.5096e-08
1.1781 0.96875 2.94253e-07
1.9635 0.96875 5.63425e-07
2.74889 0.96875 -1.94796e-07
3.53429 0.96875 -4.08446e-07
4.31969 0.96875 2.97944e-08
5.10509 0.96875 2.99411e-07
5.89049 0.96875 -1.03422e-07
6.67588 0.96875 -3.33932e-07
7.46128 0.96875 2.40844e-08
8.24668 0.96875 -1.80562e-07
9.03208 0.96875 -1.69027e-07
9.81748 0.96875 3.85658e-07
10.6029 0.96875 3.21098e-08
11.3883 0.96875 -1.59007e-07
12.1737 0.96875 2.20127e-07
12.9591 0.96875 1.94928e-08
13.7445 0.96875 -6.4201e-08
14.5299 0.96875 4.55841e-08
15.3153 0.96875 -2.21121e-08
16.1007 0.96875 -2.01693e-07
16.8861 0.96875 -3.6201e-08
17.6715 0.96875 -2.21777e-07
18.4569 0.96875 3.70125e-08
19.2423 0.96875 3.90545e-07
20.0277 0.96875 -3.29794e-07
20.8131 0.96875 -8.13697e-08
21.5984 0.96875 6.36004e-07
22.3838 0.96875 -1.80049e-07
23.1692 0.96875 -6.79815e-07
23.9546 0.96875 3.80375e-08
24.74 0.96875 3.2528e-07

0.392699 1.03125 1.23845e-08
1.1781 1.03125 7.7935e-08
1.9635 1.03125 5.43962e-07
2.74889 1.03125 -1.13072e-07
3.53429 1.03125 -4.14796e-07
4.31969 1.03125 5.2026e-08
5.10509 1.03125 2.88729e-07
5.89049 1.03125 -1.16927e-07
6.67588 1.03125 -3.20973e-07
7.46128 1.03125 -1.2488e-08
8.24668 1.03125 -2.07091e-07
9.03208 1.03125 -5.80083e-09
9.81748 1.03125 4.146e-07
10.6029 1.03125 -1.13623e-07
11.3883 1.03125 -1.89031e-07
12.1737 1.03125 2.05133e-07
12.9591 1.03125 1.09854e-08
13.7445 1.03125 -1.13993e-07
14.5299 1.03125 8.6402e-08
15.3153 1.03125 3.07387e-08
16.1007 1.03125 -1.77273e-07
16.8861 1.03125 6.90989e-09
17.6715 1.03125 -2.81956e-07
18.4569 1.03125 4.13382e-08
19.2423 1.03125 3.4649e-07
20.0277 1.03125 -3.33115e-07
20.8131 1.03125 -1.3165e-07
21.5984 1.03125 5.66741e-07
22.3838 1.03125 -1.13633e-07
23.1692 1.03125 -5.22611e-07
23.9546 1.03125 1.23115e-07
24.74 1.03125 3.54292e-07

0.392699 1.09375 -1.38821e-08
1.1781 1.09375 -1.36439e-07
1.9635 1.09375 5.22467e-07
2.74889 1.09375 -2.99677e-08
3.53429 1.09375 -3.73835e-07
4.31969 1.09375 8.68593e-08
5.10509 1.09375 2.32113e-07
5.89049 1.09375 -1.01021e-07
6.67588 1.09375 -3.08375e-07
7.46128 1.09375 -8.50608e-08
8.24668 1.09375 -1.88859e-07
9.03208 1.09375 1.12269e-07
9.81748 1.09375 3.97087e-07
10.6029 1.09375 -2.38053e-07
11.3883 1.09375 -1.66778e-07
12.1737 1.09375 2.02321e-07
12.9591 1.09375 -1.81909e-08
13.7445 1.09375 -1.1927e-07
14.5299 1.09375 8.26173e-08
15.3153 1.09375 5.08892e-08
16.1007 1.09375 -1.45359e-07
16.8861 1.09375 5.57548e-08
17.6715 1.09375 -3.05905e-07
18.4569 1.09375 4.84592e-08
19.2423 1.09375 2.87982e-07
20.0277 1.09375 -3.56525e-07
20.8131 1.09375 -1.73556e-07
21.5984 1.09375 4.76092e-07
22.3838 1.09375 -8.77512e-08
23.1692 1.09375 -3.53872e-07
23.9546 1.09375 2.5114e-07
24.74 1.09375 3.94875e-07

0.392699 1.15625 -8.43921e-08
1.1781 1.15625 -2.67569e-07
1.9635 1.15625 5.00442e-07
2.74889 1.15625 -6.26303e-09
3.53429 1.15625 -2.82032e-07
4.31969 1.15625 1.61771e-07
5.10509 1.15625 1.22739e-07
5.89049 1.15625 -7.47184e-08
6.67588 1.15625 -2.76449e-07
7.46128 1.15625 -1.79805e-07
8.24668 1.15625 -1.47089e-07
9.03208 1.15625 1.84712e-07
9.81748 1.15625 3.59666e-07
10.6029 1.15625 -3.36212e-07
11.3883 1.15625 -1.05946e-07
12.1737 1.15625 2.26819e-07
12.9591 1.15625 -7.20639e-08
13.7445 1.15625 -9.92592e-08
14.5299 1.15625 2.85668e-08
15.3153 1.15625 5.39054e-08
16.1007 1.15625 -1.01809e-07
16.8861 1.15625 7.08819e-08
17.6715 1.15625 -2.75244e-07
18.4569 1.15625 7.94089e-08
19.2423 1.15625 2.30022e-07
20.0277 1.15625 -4.07495e-07
20.8131 1.15625 -2.04774e-07
21.5984 1.15625 4.0159e-07
22.3838 1.15625 -1.09408e-07
23.1692 1.15625 -1.93377e-07
23.9546 1.15625 4.10411e-07
24.74 1.15625 3.96021e-07

0.392699 1.21875 -1.874e-07
1.1781 1.21875 -2.82504e-07
1.9635 1.21875 4.71679e-07
2.74889 1.21875 -5.26054e-08
3.53429 1.21875 -1.48408e-07
4.31969 1.21875 2.59449e-07
5.10509 1.21875 -4.18279e-08
5.89049 1.21875 -4.53628e-08
6.67588 1.21875 -1.79551e-07
7.46128 1.21875 -2.86264e-07
8.24668 1.21875 -1.36599e-07
9.03208 1.21875 2.41467e-07
9.81748 1.21875 3.37813e-07
10.6029 1.21875 -4.20504e-07
11.3883 1.21875 -3.55726e-08
12.1737 1.21875 2.70089e-07
12.9591 1.21875 -1.31001e-07
13.7445 1.21875 -8.60578e-08
14.5299 1.21875 -6.39389e-08
15.3153 1.21875 6.33801e-08
16.1007 1.21875 -4.01322e-08
16.8861 1.21875 5.18336e-08
17.6715 1.21875 -2.1136e-07
18.4569 1.21875 1.2108e-07
19.2423 1.21875 2.01064e-07
20.0277 1.21875 -4.53676e-07
20.8131 1.21875 -2.40635e-07
21.5984 1.21875 3.51486e-07
22.3838 1.21875 -1.53972e-07
23.1692 1.21875 -5.79725e-08
23.9546 1.21875 5.5495e-07
24.74 1.21875 3.38333e-07

0.392699 1.28125 -2.80523e-07
1.1781 1.28125 -2.06235e-07
1.9635 1.28125 4.27845e-07
2.74889 1.28125 -1.35706e-07
3.53429 1.28125 -8.99461e-10
4.31969 1.28125 3.44501e-07
5.10509 1.28125 -2.33513e-07
5.89049 1.28125 -1.26176e-08
6.67588 1.28125 -1.5983e-08
7.46128 1.28125 -3.9597e-07
8.24668 1.28125 -1.85173e-07
9.03208 1.28125 3.00863e-07
9.81748 1.28125 3.47904e-07
10.6029 1.28125 -4.86109e-07
11.3883 1.28125 1.95686e-08
12.1737 1.28125 2.98519e-07
12.9591 1.28125 -1.6483e-07
13.7445 1.28125 -9.76267e-08
14.5299 1.28125 -1.6516e-07
15.3153 1.28125 8.70954e-08
16.1007 1.28125 4.16854e-08
16.8861 1.28125 4.13266e-08
17.6715 1.28125 -1.5848e-07
18.4569 1.28125 1.30554e-07
19.2423 1.28125 2.19545e-07
20.0277 1.28125 -4.5857e-07
20.8131 1.28125 -2.96232e-07
21.5984 1.28125 3.12287e-07
22.3838 1.28125 -1.76726e-07
23.1692 1.28125 3.73447e-08
23.9546 1.28125 6.18471e-07
24.74 1.28125 2.52523e-07

0.392699 1.34375 -3.21769e-07
1.1781 1.34375 -7.32232e-08
1.9635 1.34375 3.67478e-07
2.74889 1.34375 -2.24847e-07
3.53429 1.34375 1.17404e-07
4.31969 1.34375 3.97692e-07
5.10509 1.34375 -3.97671e-07
5.89049 1.34375 1.3976e-08
6.67588 1.34375 1.60735e-07
7.46128 1.34375 -4.86629e-07
8.24668 1.34375 -2.6789e-07
9.03208 1.34375 3.51678e-07
9.81748 1.34375 3.82414e-07
10.6029 1.34375 -5.0492e-07
11.3883 1.34375 4.88613e-08
12.1737 1.34375 2.74828e-07
12.9591 1.34375 -1.5972e-07
13.7445 1.34375 -1.24916e-07
14.5299 1.34375 -2.51184e-07
15.3153 1.34375 1.26421e-07
16.1007 1.34375 1.41781e-07
16.8861 1.34375 7.18702e-08
17.6715 1.34375 -1.47127e-07
18.4569 1.34375 7.35656e-08
19.2423 1.34375 2.76649e-07
20.0277 1.34375 -4.17896e-07
20.8131 1.34375 -3.60594e-07
21.5984 1.34375 2.72546e-07
22.3838 1.34375 -1.4992e-07
23.1692 1.34375 8.31112e-08
23.9546 1.34375 5.59815e-07
24.74 1.34375 1.77454e-07

0.392699 1.40625 -3.0185e-07
1.1781 1.40625 9.09869e-08
1.9635 1.40625 2.96828e-07
2.74889 1.40625 -3.13674e-07
3.53429 1.40625 1.71787e-07
4.31969 1.40625 4.15904e-07
5.10509 1.40625 -4.86853e-07
5.89049 1.40625 2.46988e-08
6.67588 1.40625 2.88482e-07
7.46128 1.40625 -5.27626e-07
8.24668 1.40625 -3.29006e-07
9.03208 1.40625 3.66306e-07
9.81748 1.40625 4.15984e-07
10.6029 1.40625 -4.5365e-07
11.3883 1.40625 5.30083e-08
12.1737 1.40625 1.96195e-07
12.9591 1.40625 -1.24616e-07
13.7445 1.40625 -1.48949e-07
14.5299 1.40625 -3.11435e-07
15.3153 1.40625 1.80431e-07
16.1007 1.40625 2.44411e-07
16.8861 1.40625 1.3419e-07
17.6715 1.40625 -1.7172e-07
18.4569 1.40625 -5.50348e-08
19.2423 1.40625 3.415e-07
20.0277 1.40625 -3.35957e-07
20.8131 1.40625 -4.10889e-07
21.5984 1.40625 2.25579e-07
22.3838 1.40625 -7.47219e-08
23.1692 1.40625 7.73824e-08
23.9546 1.40625 3.99263e-07
24.74 1.40625 1.31697e-07

0.392699 1.46875 -2.4079e-07
1.1781 1.46875 2.53231e-07
1.9635 1.46875 2.23953e-07
2.74889 1.46875 -3.97648e-07
3.53429 1.46875 1.56633e-07
4.31969 1.46875 3.94003e-07
5.10509 1.46875 -4.85272e-07
5.89049 1.46875 3.62755e-08
6.67588 1.46875 3.29794e-07
7.46128 1.46875 -5.10593e-07
8.24668 1.46875 -3.25238e-07
9.03208 1.46875 3.27168e-07
9.81748 1.46875 4.27647e-07
10.6029 1.46875 -3.42488e-07
11.3883 1.46875 3.58771e-08
12.1737 1.46875 1.04606e-07
12.9591 1.46875 -8.21546e-08
13.7445 1.46875 -1.55467e-07
14.5299 1.46875 -3.43144e-07
15.3153 1.46875 2.25276e-07
16.1007 1.46875 3.25753e-07
16.8861 1.46875 2.00223e-07
17.6715 1.46875 -2.0429e-07
18.4569 1.46875 -2.23407e-07
19.2423 1.46875 3.83479e-07
20.0277 1.46875 -2.15954e-07
20.8131 1.46875 -4.36793e-07
21.5984 1.46875 1.65915e-07
22.3838 1.46875 3.49342e-08
23.1692 1.46875 2.77073e-08
23.9546 1.46875 1.99904e-07
24.74 1.46875 1.16826e-07

0.392699 1.53125 -1.66335e-07
1.1781 1.53125 3.70988e-07
1.9635 1.53125 1.61229e-07
2.74889 1.53125 -4.57464e-07
3.53429 1.53125 8.84079e-08
4.31969 1.53125 3.34908e-07
5.10509 1.53125 -4.04214e-07
5.89049 1.53125 6.79419e-08
6.67588 1.53125 2.8274e-07
7.46128 1.53125 -4.45569e-07
8.24668 1.53125 -2.65022e-07
9.03208 1.53125 2.44851e-07
9.81748 1.53125 4.12944e-07
10.6029 1.53125 -2.11886e-07
11.3883 1.53125 1.13414e-08
12.1737 1.53125 4.26876e-08
12.9591 1.53125 -5.39079e-08
13.7445 1.53125 -1.53018e-07
14.5299 1.53125 -3.46462e-07
15.3153 1.53125 2.40385e-07
16.1007 1.53125 3.64965e-07
16.8861 1.53125 2.51026e-07
17.6715 1.53125 -2.23562e-07
18.4569 1.53125 -3.84032e-07
19.2423 1.53125 3.99381e-07
20.0277 1.53125 -7.00815e-08
20.8131 1.53125 -4.518e-07
21.5984 1.53125 9.60621e-08
22.3838 1.53125 1.58707e-07
23.1692 1.53125 -4.20655e-08
23.9546 1.53125 3.13369e-08
24.74 1.53125 1.17455e-07

0.392699 1.59375 -9.5025e-08
1.1781 1.59375 4.18803e-07
1.9635 1.59375 1.14463e-07
2.74889 1.59375 -4.74942e-07
3.53429 1.59375 -3.09983e-09
4.31969 1.59375 2.6408e-07
5.10509 1.59375 -2.75696e-07
5.89049 1.59375 1.11826e-07
6.67588 1.59375 1.78162e-07
7.46128 1.59375 -3.51769e-07
8.24668 1.59375 -1.92906e-07
9.03208 1.59375 1.50232e-07
9.81748 1.59375 3.76436e-07
10.6029 1.59375 -1.07258e-07
11.3883 1.59375 2.37847e-09
12.1737 1.59375 2.01006e-08
12.9591 1.59375 -5.22707e-08
13.7445 1.59375 -1.53093e-07
14.5299 1.59375 -3.23258e-07
15.3153 1.59375 2.26155e-07
16.1007 1.59375 3.56292e-07
16.8861 1.59375 2.78912e-07
17.6715 1.59375 -2.29778e-07
18.4569 1.59375 -4.96309e-07
19.2423 1.59375 4.07039e-07
20.0277 1.59375 7.64116e-08
20.8131 1.59375 -4.63292e-07
21.5984 1.59375 2.8174e-08
22.3838 1.59375 2.61451e-07
23.1692 1.59375 -1.01881e-07
23.9546 1.59375 -6.21949e-08
24.74 1.59375 1.08854e-07

0.392699 1.65625 -3.90491e-08
1.1781 1.65625 4.02428e-07
1.9635 1.65625 8.0755e-08
2.74889 1.65625 -4.4414e-07
3.53429 1.65625 -8.07269e-08
4.31969 1.65625 2.03879e-07
5.10509 1.65625 -1.42899e-07
5.89049 1.65625 1.41293e-07
6.67588 1.65625 6.14478e-08
7.46128 1.65625 -2.50842e-07
8.24668 1.65625 -1.50254e-07
9.03208 1.65625 7.71997e-08
9.81748 1.65625 3.30656e-07
10.6029 1.65625 -5.24948e-08
11.3883 1.65625 1.8085e-08
12.1737 1.65625 1.64224e-08
12.9591 1.65625 -7.05194e-08
13.7445 1.65625 -1.52558e-07
14.5299 1.65625 -2.69134e-07
15.3153 1.65625 1.99536e-07
16.1007 1.65625 3.04243e-07
16.8861 1.65625 2.70317e-07
17.6715 1.65625 -2.27536e-07
18.4569 1.65625 -5.29622e-07
19.2423 1.65625 4.06975e-07
20.0277 1.65625 1.89167e-07
20.8131 1.65625 -4.49739e-07
21.5984 1.65625 -2.35801e-08
22.3838 1.65625 2.98919e-07
23.1692 1.65625 -1.32189e-07
23.9546 1.65625 -7.37252e-08
24.74 1.65625 8.03285e-08

0.392699 1.71875 -6.40842e-09
1.1781 1.71875 3.45303e-07
1.9635 1.71875 5.04068e-08
2.74889 1.71875 -3.73808e-07
3.53429 1.71875 -1.10011e-07
4.31969 1.71875 1.54832e-07
5.10509 1.71875 -4.521e-08
5.89049 1.71875 1.37284e-07
6.67588 1.71875 -2.56157e-08
7.46128 1.71875 -1.57626e-07
8.24668 1.71875 -1.40569e-07
9.03208 1.71875 3.93267e-08
9.81748 1.71875 2.82111e-07
10.6029 1.71875 -3.87538e-08
11.3883 1.71875 4.91678e-08
12.1737 1.71875 1.39481e-08
12.9591 1.71875 -9.44979e-08
13.7445 1.71875 -1.40941e-07
14.5299 1.71875 -1.83138e-07
15.3153 1.71875 1.61887e-07
16.1007 1.71875 2.18991e-07
16.8861 1.71875 2.25231e-07
17.6715 1.71875 -2.11785e-07
18.4569 1.71875 -4.74344e-07
19.2423 1.71875 3.77515e-07
20.0277 1.71875 2.44172e-07
20.8131 1.71875 -3.83217e-07
21.5984 1.71875 -5.69764e-08
22.3838 1.71875 2.56518e-07
23.1692 1.71875 -1.27052e-07
23.9546 1.71875 -3.73218e-08
24.74 1.71875 4.16447e-08

0.392699 1.78125 4.65632e-09
1.1781 1.78125 2.63859e-07
1.9635 1.78125 1.74637e-08
2.74889 1.78125 -2.76814e-07
3.53429 1.78125 -8.53191e-08
4.31969 1.78125 1.07235e-07
5.10509 1.78125 1.63216e-09
5.89049 1.78125 1.0412e-07
6.67588 1.78125 -6.0949e-08
7.46128 1.78125 -8.3009e-08
8.24668 1.78125 -1.29283e-07
9.03208 1.78125 2.8597e-08
9.81748 1.78125 2.17959e-07
10.6029 1.78125 -4.29291e-08
11.3883 1.78125 7.36684e-08
12.1737 1.78125 9.67738e-09
12.9591 1.78125 -1.05856e-07
13.7445 1.78125 -1.08353e-07
14.5299 1.78125 -8.79679e-08
15.3153 1.78125 1.06077e-07
16.1007 1.78125 1.26341e-07
16.8861 1.78125 1.5878e-07
17.6715 1.78125 -1.75896e-07
18.4569 1.78125 -3.4676e-07
19.2423 1.78125 3.03595e-07
20.0277 1.78125 2.3037e-07
20.8131 1.78125 -2.73044e-07
21.5984 1.78125 -6.89131e-08
22.3838 1.78125 1.66051e-07
23.1692 1.78125 -9.54825e-08
23.9546 1.78125 4.36723e-09
24.74 1.78125 9.02031e-09

0.392699 1.84375 4.48354e-09
1.1781 1.84375 1.69139e-07
1.9635 1.84375 -1.08669e-08
2.74889 1.84375 -1.70784e-07
3.53429 1.84375 -3.56417e-08
4.31969 1.84375 6.07418e-08
5.10509 1.84375 1.12942e-08
5.89049 1.84375 5.8713e-08
6.67588 1.84375 -5.28633e-08
7.46128 1.84375 -3.53021e-08
8.24668 1.84375 -9.07816e-08
9.03208 1.84375 2.91303e-08
9.81748 1.84375 1.32695e-07
10.6029 1.84375 -4.19528e-08
11.3883 1.84375 7.16771e-08
12.1737 1.84375 4.47566e-09
12.9591 1.84375 -8.97098e-08
13.7445 1.84375 -6.05044e-08
14.5299 1.84375 -1.91848e-08
15.3153 1.84375 4.52255e-08
16.1007 1.84375 5.49975e-08
16.8861 1.84375 8.99487e-08
17.6715 1.84375 -1.20674e-07
18.4569 1.84375 -1.91116e-07
19.2423 1.84375 1.99304e-07
20.0277 1.84375 1.5611e-07
20.8131 1.84375 -1.60745e-07
21.5984 1.84375 -5.32998e-08
22.3838 1.84375 8.02504e-08
23.1692 1.84375 -5.58184e-08
23.9546 1.84375 2.42566e-08
24.74 1.84375 -7.00623e-09

0.392699 1.90625 5.01816e-09
1.1781 1.90625 7.32968e-08
1.9635 1.90625 -2.24148e-08
2.74889 1.90625 -6.90924e-08
3.53429 1.90625 -2.75013e-11
4.31969 1.90625 2.13665e-08
5.10509 1.90625 6.4552e-09
5.89049 1.90625 1.87099e-08
6.67588 1.90625 -2.50068e-08
7.46128 1.90625 -1.05775e-08
8.24668 1.90625 -3.85408e-08
9.03208 1.90625 2.25947e-08
9.81748 1.90625 4.8725e-08
10.6029 1.90625 -2.37827e-08
11.3883 1.90625 4.09464e-08
12.1737 1.90625 -2.41758e-09
12.9591 1.90625 -4.57414e-08
13.7445 1.90625 -1.79119e-08
14.5299 1.90625 3.62625e-09
15.3153 1.90625 6.74111e-09
16.1007 1.90625 1.82186e-08
16.8861 1.90625 3.15965e-08
17.6715 1.90625 -5.79514e-08
18.4569 1.90625 -5.93382e-08
19.2423 1.90625 9.25793e-08
20.0277 1.90625 5.7369e-08
20.8131 1.90625 -7.1222e-08
21.5984 1.90625 -2.02584e-08
22.3838 1.90625 2.62443e-08
23.1692 1.90625 -2.16349e-08
23.9546 1.90625 1.85152e-08
24.74 1.90625 -7.33606e-09

0.392699 1.96875 1.72036e-09
1.1781 1.96875 5.32812e-09
1.9635 1.96875 -7.72375e-09
2.74889 1.96875 -2.74127e-09
3.53429 1.96875 4.15239e-09
4.31969 1.96875 -5.1817e-10
5.10509 1.96875 1.10866e-09
5.89049 1.96875 -3.18297e-10
6.67588 1.96875 -6.93131e-10
7.46128 1.96875 -1.17414e-09
8.24668 1.96875 -3.31018e-09
9.03208 1.96875 3.95108e-09
9.81748 1.96875 1.0573e-09
10.6029 1.96875 -1.67049e-09
11.3883 1.96875 3.8341e-09
12.1737 1.96875 2.00085e-11
12.9591 1.96875 -3.23254e-09
13.7445 1.96875 -1.80263e-09
14.5299 1.96875 6.97152e-10
15.3153 1.96875 -1.65279e-09
16.1007 1.96875 2.26652e-09
16.8861 1.96875 1.10856e-09
17.6715 1.96875 -5.71361e-09
18.4569 1.96875 2.2246e-09
19.2423 1.96875 9.25233e-09
20.0277 1.96875 -2.8638e-09
20.8131 1.96875 -7.9628e-09
21.5984 1.96875 1.97263e-09
22.3838 1.96875 1.58363e-09
23.1692 1.96875 -1.9388e-09
23.9546 1.96875 2.93889e-09
24.74 1.96875 5.4236e-11

