0.392699 0.03125 -5.23539e-10
1.1781 0.03125 5.023e-11
1.9635 0.03125 -7.94536e-10
2.74889 0.03125 -4.64819e-10
3.53429 0.03125 1.38963e-09
4.31969 0.03125 -2.82518e-09
5.10509 0.03125 1.20167e-09
5.89049 0.03125 2.23267e-09
6.67588 0.03125 -4.60395e-10
7.46128 0.03125 9.32787e-10
8.24668 0.03125 1.71455e-09
9.03208 0.03125 1.644e-09
9.81748 0.03125 -1.627e-09
10.6029 0.03125 -1.23532e-09
11.3883 0.03125 -2.1532e-09
12.1737 0.03125 -1.88145e-09
12.9591 0.03125 2.97695e-09
13.7445 0.03125 -1.52011e-09
14.5299 0.03125 -1.28611e-09
15.3153 0.03125 2.35845e-09
16.1007 0.03125 6.69021e-10
16.8861 0.03125 1.8033e-09
17.6715 0.03125 3.93353e-10
18.4569 0.03125 -3.39543e-09
19.2423 0.03125 -2.02875e-09
20.0277 0.03125 1.68394e-09
20.8131 0.03125 3.53129e-09
21.5984 0.03125 -3.5564e-10
22.3838 0.03125 -4.50369e-09
23.1692 0.03125 2.46375e-09
23.9546 0.03125 1.3726e-09
24.74 0.03125 -1.32606e-09
0.392699 0.09375 2.23832e-08
1.1781 0.09375 1.28269e-08
1.9635 0.09375 -1.68668e-08
2.74889 0.09375 -3.61912e-09
3.53429 0.09375 3.08007e-08
4.31969 0.09375 -5.23047e-08
5.10509 0.09375 1.4495e-08
5.89049 0.09375 1.12056e-08
6.67588 0.09375 -3.18216e-08
7.46128 0.09375 3.38514e-08
8.24668 0.09375 2.2828e-08
9.03208 0.09375 2.16409e-08
9.81748 0.09375 -4.59427e-08
10.6029 0.09375 -2.9369e-08
11.3883 0.09375 -1.0555e-08
12.1737 0.09375 -4.75975e-09
12.9591 0.09375 5.69359e-08
13.7445 0.09375 -2.5922e-08
14.5299 0.09375 -1.15151e-08
15.3153 0.09375 3.90808e-08
16.1007 0.09375 6.11703e-09
16.8861 0.09375 2.19293e-09
17.6715 0.09375 7.65533e-09
18.4569 0.09375 -2.55354e-08
19.2423 0.09375 -1.92104e-08
20.0277 0.09375 1.3227e-08
20.8131 0.09375 4.33489e-08
21.5984 0.09375 2.10482e-08
22.3838 0.09375 -1.23006e-07
23.1692 0.09375 -2.88044e-09
23.9546 0.09375 5.26263e-08
24.74 0.09375 -9.86296e-09
0.392699 0.15625 6.45888e-08
1.1781 0.15625 6.7409e-08
1.9635 0.15625 -2.69088e-08
2.74889 0.15625 -3.08723e-08
3.53429 0.15625 7.92019e-08
4.31969 0.15625 -1.09225e-07
5.10509 0.15625 2.90487e-08
5.89049 0.15625 3.35687e-08
6.67588 0.15625 -9.95741e-08
7.46128 0.15625 6.56309e-08
8.24668 0.15625 5.01362e-08
9.03208 0.15625 6.55037e-08
9.81748 0.15625 -9.64038e-08
10.6029 0.15625 -8.64568e-08
11.3883 0.15625 -3.29278e-08
12.1737 0.15625 -1.58628e-08
12.9591 0.15625 1.43492e-07
13.7445 0.15625 -3.55542e-08
14.5299 0.15625 -2.29828e-08
15.3153 0.15625 7.76515e-08
16.1007 0.15625 2.15709e-08
16.8861 0.15625 -1.07766e-08
17.6715 0.15625 1.36992e-08
18.4569 0.15625 -4.11624e-08
19.2423 0.15625 -4.15951e-08
20.0277 0.15625 2.53208e-08
20.8131 0.15625 7.12449e-08
21.5984 0.15625 9.2786e-08
22.3838 0.15625 -2.73357e-07
23.1692 0.15625 -7.43404e-08
23.9546 0.15625 1.15879e-07
24.74 0.15625 -2.29075e-08
0.392699 0.21875 1.19419e-07
1.1781 0.21875 1.67594e-07
1.9635 0.21875 -1.17506e-08
2.74889 0.21875 -7.17773e-08
3.53429 0.21875 1.16088e-07
4.31969 0.21875 -1.50653e-07
5.10509 0.21875 5.06287e-08
5.89049 0.21875 7.22664e-08
6.67588 0.21875 -1.8794e-07
7.46128 0.21875 8.2266e-08
8.24668 0.21875 6.49963e-08
9.03208 0.21875 1.0732e-07
9.81748 0.21875 -1.34162e-07
10.6029 0.21875 -1.48223e-07
11.3883 0.21875 -7.13647e-08
12.1737 0.21875 -3.40102e-08
12.9591 0.21875 2.35919e-07
13.7445 0.21875 -2.59866e-08
14.5299 0.21875 -5.60766e-09
15.3153 0.21875 1.00043e-07
16.1007 0.21875 3.89595e-08
16.8861 0.21875 -3.71941e-08
17.6715 0.21875 4.03632e-09
18.4569 0.21875 -4.88928e-08
19.2423 0.21875 -5.50804e-08
20.0277 0.21875 6.33716e-08
20.8131 0.21875 5.56766e-08
21.5984 0.21875 1.66809e-07
22.3838 0.21875 -3.79813e-07
23.1692 0.21875 -1.86724e-07
23.9546 0.21875 1.50961e-07
24.74 0.21875 -5.71813e-08
0.392699 0.28125 1.76736e-07
1.1781 0.28125 2.97634e-07
1.9635 0.28125 2.37683e-08
2.74889 0.28125 -1.02546e-07
3.53429 0.28125 1.31225e-07
4.31969 0.28125 -1.76562e-07
5.10509 0.28125 7.68686e-08
5.89049 0.28125 1.22765e-07
6.67588 0.28125 -2.67004e-07
7.46128 0.28125 8.82335e-08
8.24668 0.28125 6.44165e-08
9.03208 0.28125 1.19197e-07
9.81748 0.28125 -1.7052e-07
10.6029 0.28125 -1.89288e-07
11.3883 0.28125 -1.13452e-07
12.1737 0.28125 -5.38299e-08
12.9591 0.28125 3.17563e-07
13.7445 0.28125 -1.8102e-08
14.5299 0.28125 4.74903e-08
15.3153 0.28125 1.13144e-07
16.1007 0.28125 4.49036e-08
16.8861 0.28125 -6.32219e-08
17.6715 0.28125 -2.52342e-08
18.4569 0.28125 -6.53768e-08
19.2423 0.28125 -5.1013e-08
20.0277 0.28125 1.43209e-07
20.8131 0.28125 2.18061e-09
21.5984 0.28125 1.95169e-07
22.3838 0.28125 -4.18354e-07
23.1692 0.28125 -2.90957e-07
23.9546 0.28125 1.47416e-07
24.74 0.28125 -1.23412e-07
0.392699 0.34375 2.19353e-07
1.1781 0.34375 4.26394e-07
1.9635 0.34375 7.51614e-08
2.74889 0.34375 -1.10892e-07
3.53429 0.34375 1.36486e-07
4.31969 0.34375 -1.94878e-07
5.10509 0.34375 9.19812e-08
5.89049 0.34375 1.79519e-07
6.67588 0.34375 -3.05374e-07
7.46128 0.34375 8.69315e-08
8.24668 0.34375 4.8897e-08
9.03208 0.34375 9.92574e-08
9.81748 0.34375 -2.19798e-07
10.6029 0.34375 -2.05406e-07
11.3883 0.34375 -1.43087e-07
12.1737 0.34375 -6.85337e-08
12.9591 0.34375 3.82546e-07
13.7445 0.34375 -2.89645e-08
14.5299 0.34375 1.08655e-07
15.3153 0.34375 1.39727e-07
16.1007 0.34375 3.55334e-08
16.8861 0.34375 -7.98874e-08
17.6715 0.34375 -6.70788e-08
18.4569 0.34375 -1.04152e-07
19.2423 0.34375 -2.15076e-08
20.0277 0.34375 2.48083e-07
20.8131 0.34375 -7.32217e-08
21.5984 0.34375 1.72542e-07
22.3838 0.34375 -3.90856e-07
23.1692 0.34375 -3.65216e-07
23.9546 0.34375 1.06408e-07
24.74 0.34375 -2.01558e-07
0.392699 0.40625 2.45608e-07
1.1781 0.40625 5.17559e-07
1.9635 0.40625 1.39133e-07
2.74889 0.40625 -9.46693e-08
3.53429 0.40625 1.43819e-07
4.31969 0.40625 -2.16001e-07
5.10509 0.40625 7.97332e-08
5.89049 0.40625 2.44017e-07
6.67588 0.40625 -2.85872e-07
7.46128 0.40625 7.15736e-08
8.24668 0.40625 9.22405e-09
9.03208 0.40625 6.63933e-08
9.81748 0.40625 -2.73317e-07
10.6029 0.40625 -2.1179e-07
11.3883 0.40625 -1.44334e-07
12.1737 0.40625 -6.73064e-08
12.9591 0.40625 4.2563e-07
13.7445 0.40625 -5.34651e-08
14.5299 0.40625 1.34855e-07
15.3153 0.40625 1.85854e-07
16.1007 0.40625 2.01416e-08
16.8861 0.40625 -8.90883e-08
17.6715 0.40625 -1.01742e-07
18.4569 0.40625 -1.57733e-07
19.2423 0.40625 3.24875e-08
20.0277 0.40625 3.39309e-07
20.8131 0.40625 -1.55266e-07
21.5984 0.40625 1.26213e-07
22.3838 0.40625 -3.13214e-07
23.1692 0.40625 -4.08962e-07
23.9546 0.40625 2.55171e-08
24.74 0.40625 -2.61107e-07
0.392699 0.46875 2.7039e-07
1.1781 0.46875 5.46645e-07
1.9635 0.46875 2.09789e-07
2.74889 0.46875 -5.23681e-08
3.53429 0.46875 1.473e-07
4.31969 0.46875 -2.47973e-07
5.10509 0.46875 3.5303e-08
5.89049 0.46875 3.17238e-07
6.67588 0.46875 -2.16787e-07
7.46128 0.46875 3.48105e-08
8.24668 0.46875 -6.11275e-08
9.03208 0.46875 2.98443e-08
9.81748 0.46875 -3.01288e-07
10.6029 0.46875 -2.22943e-07
11.3883 0.46875 -1.07456e-07
12.1737 0.46875 -3.58338e-08
12.9591 0.46875 4.3806e-07
13.7445 0.46875 -6.79993e-08
14.5299 0.46875 1.02345e-07
15.3153 0.46875 2.24903e-07
16.1007 0.46875 8.53606e-09
16.8861 0.46875 -9.37598e-08
17.6715 0.46875 -1.11812e-07
18.4569 0.46875 -2.04973e-07
19.2423 0.46875 1.00566e-07
20.0277 0.46875 3.84642e-07
20.8131 0.46875 -2.34971e-07
21.5984 0.46875 9.3978e-08
22.3838 0.46875 -2.12577e-07
23.1692 0.46875 -4.35398e-07
23.9546 0.46875 -8.44478e-08
24.74 0.46875 -2.80869e-07
0.392699 0.53125 3.00406e-07
1.1781 0.53125 5.16455e-07
1.9635 0.53125 2.80385e-07
2.74889 0.53125 1.16676e-08
3.53429 0.53125 1.30925e-07
4.31969 0.53125 -2.88775e-07
5.10509 0.53125 -2.82962e-08
5.89049 0.53125 3.84555e-07
6.67588 0.53125 -1.29462e-07
7.46128 0.53125 -1.56787e-08
8.24668 0.53125 -1.43021e-07
9.03208 0.53125 -2.5964e-08
9.81748 0.53125 -2.85019e-07
10.6029 0.53125 -2.32021e-07
11.3883 0.53125 -3.89031e-08
12.1737 0.53125 3.63218e-08
12.9591 0.53125 4.14487e-07
13.7445 0.53125 -5.40816e-08
14.5299 0.53125 2.6522e-08
15.3153 0.53125 2.19237e-07
16.1007 0.53125 -1.30454e-09
16.8861 0.53125 -8.95746e-08
17.6715 0.53125 -1.04271e-07
18.4569 0.53125 -2.31596e-07
19.2423 0.53125 1.74531e-07
20.0277 0.53125 3.70393e-07
20.8131 0.53125 -3.02156e-07
21.5984 0.53125 1.06185e-07
22.3838 0.53125 -1.24651e-07
23.1692 0.53125 -4.65327e-07
23.9546 0.53125 -1.87845e-07
24.74 0.53125 -2.51799e-07
0.392699 0.59375 3.17371e-07
1.1781 0.59375 4.54033e-07
1.9635 0.59375 3.5153e-07
2.74889 0.59375 8.21927e-08
3.53429 0.59375 8.42308e-08
4.31969 0.59375 -3.27287e-07
5.10509 0.59375 -8.69907e-08
5.89049 0.59375 4.21074e-07
6.67588 0.59375 -5.81346e-08
7.46128 0.59375 -6.18387e-08
8.24668 0.59375 -1.94974e-07
9.03208 0.59375 -1.20847e-07
9.81748 0.59375 -2.37565e-07
10.6029 0.59375 -2.07245e-07
11.3883 0.59375 3.52047e-08
12.1737 0.59375 1.33839e-07
12.9591 0.59375 3.6182e-07
13.7445 0.59375 -9.22555e-09
14.5299 0.59375 -5.47591e-08
15.3153 0.59375 1.54223e-07
16.1007 0.59375 -2.13246e-08
16.8861 0.59375 -7.53338e-08
17.6715 0.59375 -9.96807e-08
18.4569 0.59375 -2.39305e-07
19.2423 0.59375 2.52868e-07
20.0277 0.59375 3.02882e-07
20.8131 0.59375 -3.4188e-07
21.5984 0.59375 1.7068e-07
22.3838 0.59375 -7.47491e-08
23.1692 0.59375 -5.20322e-07
23.9546 0.59375 -2.49054e-07
24.74 0.59375 -1.6736e-07
0.392699 0.65625 3.01412e-07
1.1781 0.65625 3.91867e-07
1.9635 0.65625 4.2469e-07
2.74889 0.65625 1.38614e-07
3.53429 0.65625 1.07143e-08
4.31969 0.65625 -3.48425e-07
5.10509 0.65625 -1.11907e-07
5.89049 0.65625 4.06511e-07
6.67588 0.65625 -2.81038e-08
7.46128 0.65625 -8.87292e-08
8.24668 0.65625 -1.85501e-07
9.03208 0.65625 -2.50217e-07
9.81748 0.65625 -1.86699e-07
10.6029 0.65625 -1.19863e-07
11.3883 0.65625 8.38178e-08
12.1737 0.65625 2.14933e-07
12.9591 0.65625 2.94479e-07
13.7445 0.65625 5.74909e-08
14.5299 0.65625 -1.09522e-07
15.3153 0.65625 5.05726e-08
16.1007 0.65625 -6.05183e-08
16.8861 0.65625 -6.12774e-08
17.6715 0.65625 -1.0422e-07
18.4569 0.65625 -2.34929e-07
19.2423 0.65625 3.30493e-07
20.0277 0.65625 2.02526e-07
20.8131 0.65625 -3.40828e-07
21.5984 0.65625 2.72679e-07
22.3838 0.65625 -6.2094e-08
23.1692 0.65625 -6.09509e-07
23.9546 0.65625 -2.69983e-07
24.74 0.65625 -3.22766e-08
0.392699 0.71875 2.44931e-07
1.1781 0.71875 3.53621e-07
1.9635 0.71875 4.99891e-07
2.74889 0.71875 1.58237e-07
3.53429 0.71875 -7.77538e-08
4.31969 0.71875 -3.37769e-07
5.10509 0.71875 -8.15618e-08
5.89049 0.71875 3.39767e-07
6.67588 0.71875 -5.28374e-08
7.46128 0.71875 -9.22106e-08
8.24668 0.71875 -1.25038e-07
9.03208 0.71875 -3.77938e-07
9.81748 0.71875 -1.36518e-07
10.6029 0.71875 1.81669e-08
11.3883 0.71875 9.24846e-08
12.1737 0.71875 2.49166e-07
12.9591 0.71875 2.19665e-07
13.7445 0.71875 1.21593e-07
14.5299 0.71875 -1.21998e-07
15.3153 0.71875 -4.76437e-08
16.1007 0.71875 -1.14661e-07
16.8861 0.71875 -6.054e-08
17.6715 0.71875 -1.12824e-07
18.4569 0.71875 -2.18819e-07
19.2423 0.71875 3.99186e-07
20.0277 0.71875 9.05299e-08
20.8131 0.71875 -3.06252e-07
21.5984 0.71875 3.89506e-07
22.3838 0.71875 -6.07041e-08
23.1692 0.71875 -7.1698e-07
23.9546 0.71875 -2.77403e-07
24.74 0.71875 1.21107e-07
0.392699 0.78125 1.59263e-07
1.1781 0.78125 3.42857e-07
1.9635 0.78125 5.73385e-07
2.74889 0.78125 1.29071e-07
3.53429 0.78125 -1.73844e-07
4.31969 0.78125 -2.91144e-07
5.10509 0.78125 4.16428e-09
5.89049 0.78125 2.44558e-07
6.67588 0.78125 -1.26652e-07
7.46128 0.78125 -7.89164e-08
8.24668 0.78125 -5.9664e-08
9.03208 0.78125 -4.57247e-07
9.81748 0.78125 -6.61489e-08
10.6029 0.78125 1.54763e-07
11.3883 0.78125 6.327e-08
12.1737 0.78125 2.41565e-07
12.9591 0.78125 1.45275e-07
13.7445 0.78125 1.4875e-07
14.5299 0.78125 -9.57343e-08
15.3153 0.78125 -1.02452e-07
16.1007 0.78125 -1.68558e-07
16.8861 0.78125 -6.99792e-08
17.6715 0.78125 -1.23056e-07
18.4569 0.78125 -1.90165e-07
19.2423 0.78125 4.50759e-07
20.0277 0.78125 -1.81808e-08
20.8131 0.78125 -2.65314e-07
21.5984 0.78125 4.98057e-07
22.3838 0.78125 -4.16474e-08
23.1692 0.78125 -8.01625e-07
23.9546 0.78125 -2.85094e-07
24.74 0.78125 2.40455e-07
0.392699 0.84375 7.79174e-08
1.1781 0.84375 3.32755e-07
1.9635 0.84375 6.31049e-07
2.74889 0.84375 6.97463e-08
3.53429 0.84375 -2.72477e-07
4.31969 0.84375 -2.26323e-07
5.10509 0.84375 1.18772e-07
5.89049 0.84375 1.54685e-07
6.67588 0.84375 -2.22436e-07
7.46128 0.84375 -5.69346e-08
8.24668 0.84375 -3.34345e-08
9.03208 0.84375 -4.61354e-07
9.81748 0.84375 4.059e-08
10.6029 0.84375 2.33433e-07
11.3883 0.84375 1.95436e-09
12.1737 0.84375 2.1688e-07
12.9591 0.84375 9.1892e-08
13.7445 0.84375 1.16288e-07
14.5299 0.84375 -5.12375e-08
15.3153 0.84375 -1.00175e-07
16.1007 0.84375 -2.02792e-07
16.8861 0.84375 -7.28757e-08
17.6715 0.84375 -1.40196e-07
18.4569 0.84375 -1.55284e-07
19.2423 0.84375 4.75557e-07
20.0277 0.84375 -1.09218e-07
20.8131 0.84375 -2.47641e-07
21.5984 0.84375 5.77723e-07
22.3838 0.84375 7.33245e-09
23.1692 0.84375 -8.22996e-07
23.9546 0.84375 -2.83591e-07
24.74 0.84375 2.95859e-07
0.392699 0.90625 3.71616e-08
1.1781 0.90625 2.7591e-07
1.9635 0.90625 6.49071e-07
2.74889 0.90625 2.85282e-08
3.53429 0.90625 -3.56412e-07
4.31969 0.90625 -1.70728e-07
5.10509 0.90625 2.20172e-07
5.89049 0.90625 8.74133e-08
6.67588 0.90625 -2.97208e-07
7.46128 0.90625 -3.40154e-08
8.24668 0.90625 -6.23232e-08
9.03208 0.90625 -3.92046e-07
9.81748 0.90625 1.73192e-07
10.6029 0.90625 2.29239e-07
11.3883 0.90625 -8.28872e-08
12.1737 0.90625 1.89886e-07
12.9591 0.90625 7.38864e-08
13.7445 0.90625 3.55138e-08
14.5299 0.90625 -9.38069e-09
15.3153 0.90625 -5.04419e-08
16.1007 0.90625 -2.0649e-07
16.8861 0.90625 -6.01837e-08
17.6715 0.90625 -1.72883e-07
18.4569 0.90625 -1.23761e-07
19.2423 0.90625 4.69165e-07
20.0277 0.90625 -1.67788e-07
20.8131 0.90625 -2.59792e-07
21.5984 0.90625 6.07857e-07
22.3838 0.90625 7.09985e-08
23.1692 0.90625 -7.67204e-07
23.9546 0.90625 -2.54941e-07
24.74 0.90625 3.0718e-07
0.392699 0.96875 4.97164e-08
1.1781 0.96875 1.44641e-07
1.9635 0.96875 6.12257e-07
2.74889 0.96875 4.39675e-08
3.53429 0.96875 -4.01159e-07
4.31969 0.96875 -1.3656e-07
5.10509 0.96875 2.7467e-07
5.89049 0.96875 4.43161e-08
6.67588 0.96875 -3.23468e-07
7.46128 0.96875 -2.34469e-08
8.24668 0.96875 -1.28941e-07
9.03208 0.96875 -2.75271e-07
9.81748 0.96875 3.01553e-07
10.6029 0.96875 1.54218e-07
11.3883 0.96875 -1.68595e-07
12.1737 0.96875 1.62465e-07
12.9591 0.96875 7.78106e-08
13.7445 0.96875 -5.16194e-08
14.5299 0.96875 2.11309e-08
15.3153 0.96875 1.59516e-08
16.1007 0.96875 -1.87178e-07
16.8861 0.96875 -2.50503e-08
17.6715 0.96875 -2.20633e-07
18.4569 0.96875 -1.06706e-07
19.2423 0.96875 4.39417e-07
20.0277 0.96875 -1.9072e-07
20.8131 0.96875 -2.88529e-07
21.5984 0.96875 5.77276e-07
22.3838 0.96875 1.20726e-07
23.1692 0.96875 -6.54086e-07
23.9546 0.96875 -1.87705e-07
24.74 0.96875 3.1992e-07
0.392699 1.03125 9.37246e-08
1.1781 1.03125 -4.19683e-08
1.9635 1.03125 5.35867e-07
2.74889 1.03125 1.02437e-07
3.53429 1.03125 -3.96175e-07
4.31969 1.03125 -1.07185e-07
5.10509 1.03125 2.74008e-07
5.89049 1.03125 2.50823e-08
6.67588 1.03125 -3.10505e-07
7.46128 1.03125 -4.43471e-08
8.24668 1.03125 -1.91687e-07
9.03208 1.03125 -1.47918e-07
9.81748 1.03125 3.93683e-07
10.6029 1.03125 4.17966e-08
11.3883 1.03125 -2.25333e-07
12.1737 1.03125 1.42664e-07
12.9591 1.03125 7.58662e-08
13.7445 1.03125 -1.06432e-07
14.5299 1.03125 3.57507e-08
15.3153 1.03125 6.26824e-08
16.1007 1.03125 -1.6142e-07
16.8861 1.03125 3.22001e-08
17.6715 1.03125 -2.63501e-07
18.4569 1.03125 -1.00765e-07
19.2423 1.03125 3.95468e-07
20.0277 1.03125 -2.01041e-07
20.8131 1.03125 -3.17908e-07
21.5984 1.03125 5.0048e-07
22.3838 1.03125 1.34569e-07
23.1692 1.03125 -5.16422e-07
23.9546 1.03125 -8.14233e-08
24.74 1.03125 3.62063e-07
0.392699 1.09375 1.19245e-07
1.1781 1.09375 -2.2846e-07
1.9635 1.09375 4.56749e-07
2.74889 1.09375 1.51433e-07
3.53429 1.09375 -3.50995e-07
4.31969 1.09375 -4.69741e-08
5.10509 1.09375 2.27058e-07
5.89049 1.09375 2.0671e-08
6.67588 1.09375 -2.7865e-07
7.46128 1.09375 -1.04011e-07
8.24668 1.09375 -2.19948e-07
9.03208 1.09375 -3.92141e-08
9.81748 1.09375 4.36432e-07
10.6029 1.09375 -7.81477e-08
11.3883 1.09375 -2.37248e-07
12.1737 1.09375 1.49844e-07
12.9591 1.09375 5.11471e-08
13.7445 1.09375 -1.18738e-07
14.5299 1.09375 2.45371e-08
15.3153 1.09375 7.4068e-08
16.1007 1.09375 -1.33815e-07
16.8861 1.09375 8.63873e-08
17.6715 1.09375 -2.76957e-07
18.4569 1.09375 -8.31397e-08
19.2423 1.09375 3.47405e-07
20.0277 1.09375 -2.30242e-07
20.8131 1.09375 -3.43126e-07
21.5984 1.09375 4.13192e-07
22.3838 1.09375 1.0621e-07
23.1692 1.09375 -3.84007e-07
23.9546 1.09375 6.35562e-08
24.74 1.09375 4.24355e-07
0.392699 1.15625 8.38759e-08
1.1781 1.15625 -3.5343e-07
1.9635 1.15625 4.04223e-07
2.74889 1.15625 1.43709e-07
3.53429 1.15625 -2.80232e-07
4.31969 1.15625 6.51215e-08
5.10509 1.15625 1.38729e-07
5.89049 1.15625 1.12491e-08
6.67588 1.15625 -2.19612e-07
7.46128 1.15625 -1.84375e-07
8.24668 1.15625 -2.26662e-07
9.03208 1.15625 4.02976e-08
9.81748 1.15625 4.4886e-07
10.6029 1.15625 -1.90118e-07
11.3883 1.15625 -2.15151e-07
12.1737 1.15625 1.91903e-07
12.9591 1.15625 6.74475e-09
13.7445 1.15625 -1.02539e-07
14.5299 1.15625 -2.33518e-08
15.3153 1.15625 5.90724e-08
16.1007 1.15625 -9.24583e-08
16.8861 1.15625 1.06634e-07
17.6715 1.15625 -2.5614e-07
18.4569 1.15625 -3.97504e-08
19.2423 1.15625 3.13537e-07
20.0277 1.15625 -2.79682e-07
20.8131 1.15625 -3.69844e-07
21.5984 1.15625 3.46245e-07
22.3838 1.15625 4.2607e-08
23.1692 1.15625 -2.74615e-07
23.9546 1.15625 2.38035e-07
24.74 1.15625 4.70252e-07
0.392699 1.21875 -1.3399e-08
1.1781 1.21875 -3.84878e-07
1.9635 1.21875 3.82892e-07
2.74889 1.21875 7.04645e-08
3.53429 1.21875 -1.93353e-07
4.31969 1.21875 2.13844e-07
5.10509 1.21875 1.00414e-08
5.89049 1.21875 -1.83068e-08
6.67588 1.21875 -1.05998e-07
7.46128 1.21875 -2.5796e-07
8.24668 1.21875 -2.54897e-07
9.03208 1.21875 9.58309e-08
9.81748 1.21875 4.64739e-07
10.6029 1.21875 -2.86799e-07
11.3883 1.21875 -1.81708e-07
12.1737 1.21875 2.50232e-07
12.9591 1.21875 -3.73759e-08
13.7445 1.21875 -8.25668e-08
14.5299 1.21875 -1.06429e-07
15.3153 1.21875 3.72299e-08
16.1007 1.21875 -2.87138e-08
16.8861 1.21875 9.84458e-08
17.6715 1.21875 -2.14172e-07
18.4569 1.21875 8.79349e-09
19.2423 1.21875 3.06768e-07
20.0277 1.21875 -3.15777e-07
20.8131 1.21875 -4.04238e-07
21.5984 1.21875 3.00673e-07
22.3838 1.21875 -3.07378e-08
23.1692 1.21875 -1.90436e-07
23.9546 1.21875 4.01957e-07
24.74 1.21875 4.72873e-07
0.392699 1.28125 -1.29203e-07
1.1781 1.28125 -3.29031e-07
1.9635 1.28125 3.76484e-07
2.74889 1.28125 -4.03233e-08
3.53429 1.28125 -1.02972e-07
4.31969 1.28125 3.59986e-07
5.10509 1.28125 -1.40489e-07
5.89049 1.28125 -6.42742e-08
6.67588 1.28125 5.96028e-08
7.46128 1.28125 -3.09947e-07
8.24668 1.28125 -3.26793e-07
9.03208 1.28125 1.33676e-07
9.81748 1.28125 4.99303e-07
10.6029 1.28125 -3.53801e-07
11.3883 1.28125 -1.50483e-07
12.1737 1.28125 2.86259e-07
12.9591 1.28125 -6.00629e-08
13.7445 1.28125 -7.50844e-08
14.5299 1.28125 -2.04232e-07
15.3153 1.28125 2.25164e-08
16.1007 1.28125 5.29274e-08
16.8861 1.28125 1.01838e-07
17.6715 1.28125 -1.701e-07
18.4569 1.28125 1.81691e-08
19.2423 1.28125 3.24808e-07
20.0277 1.28125 -3.04979e-07
20.8131 1.28125 -4.46064e-07
21.5984 1.28125 2.56995e-07
22.3838 1.28125 -7.82104e-08
23.1692 1.28125 -1.23171e-07
23.9546 1.28125 4.93047e-07
24.74 1.28125 4.32904e-07
0.392699 1.34375 -2.14718e-07
1.1781 1.34375 -2.05951e-07
1.9635 1.34375 3.70418e-07
2.74889 1.34375 -1.55942e-07
3.53429 1.34375 -3.43541e-08
4.31969 1.34375 4.66592e-07
5.10509 1.34375 -2.71946e-07
5.89049 1.34375 -1.12376e-07
6.67588 1.34375 2.30068e-07
7.46128 1.34375 -3.36073e-07
8.24668 1.34375 -4.17055e-07
9.03208 1.34375 1.52533e-07
9.81748 1.34375 5.39926e-07
10.6029 1.34375 -3.69042e-07
11.3883 1.34375 -1.20475e-07
12.1737 1.34375 2.67337e-07
12.9591 1.34375 -5.75006e-08
13.7445 1.34375 -7.77295e-08
14.5299 1.34375 -2.93874e-07
15.3153 1.34375 2.26654e-08
16.1007 1.34375 1.43601e-07
16.8861 1.34375 1.46967e-07
17.6715 1.34375 -1.36539e-07
18.4569 1.34375 -4.33301e-08
19.2423 1.34375 3.50921e-07
20.0277 1.34375 -2.45196e-07
20.8131 1.34375 -4.82107e-07
21.5984 1.34375 2.01626e-07
22.3838 1.34375 -7.67424e-08
23.1692 1.34375 -6.70211e-08
23.9546 1.34375 4.69572e-07
24.74 1.34375 3.65345e-07
0.392699 1.40625 -2.49384e-07
1.1781 1.40625 -4.05928e-08
1.9635 1.40625 3.60289e-07
2.74889 1.40625 -2.60087e-07
3.53429 1.40625 -1.17609e-08
4.31969 1.40625 5.11717e-07
5.10509 1.40625 -3.46358e-07
5.89049 1.40625 -1.45377e-07
6.67588 1.40625 3.48976e-07
7.46128 1.40625 -3.35201e-07
8.24668 1.40625 -4.72112e-07
9.03208 1.40625 1.46821e-07
9.81748 1.40625 5.58364e-07
10.6029 1.40625 -3.20494e-07
11.3883 1.40625 -8.88587e-08
12.1737 1.40625 1.94849e-07
12.9591 1.40625 -3.99321e-08
13.7445 1.40625 -7.95478e-08
14.5299 1.40625 -3.61147e-07
15.3153 1.40625 3.98113e-08
16.1007 1.40625 2.30568e-07
16.8861 1.40625 2.23893e-07
17.6715 1.40625 -1.12133e-07
18.4569 1.40625 -1.72443e-07
19.2423 1.40625 3.6025e-07
20.0277 1.40625 -1.49654e-07
20.8131 1.40625 -4.94211e-07
21.5984 1.40625 1.32079e-07
22.3838 1.40625 -2.57352e-08
23.1692 1.40625 -2.61668e-08
23.9546 1.40625 3.43227e-07
24.74 1.40625 2.88626e-07
0.392699 1.46875 -2.39703e-07
1.1781 1.46875 1.30709e-07
1.9635 1.46875 3.44222e-07
2.74889 1.46875 -3.4423e-07
3.53429 1.46875 -3.79282e-08
4.31969 1.46875 4.87586e-07
5.10509 1.46875 -3.53321e-07
5.89049 1.46875 -1.39893e-07
6.67588 1.46875 3.86211e-07
7.46128 1.46875 -3.14164e-07
8.24668 1.46875 -4.54673e-07
9.03208 1.46875 1.14352e-07
9.81748 1.46875 5.37195e-07
10.6029 1.46875 -2.22106e-07
11.3883 1.46875 -6.15077e-08
12.1737 1.46875 1.07127e-07
12.9591 1.46875 -2.11631e-08
13.7445 1.46875 -7.42441e-08
14.5299 1.46875 -3.97425e-07
15.3153 1.46875 6.0335e-08
16.1007 1.46875 2.95321e-07
16.8861 1.46875 3.00866e-07
17.6715 1.46875 -8.7727e-08
18.4569 1.46875 -3.32683e-07
19.2423 1.46875 3.36466e-07
20.0277 1.46875 -2.9493e-08
20.8131 1.46875 -4.75559e-07
21.5984 1.46875 4.91631e-08
22.3838 1.46875 6.14419e-08
23.1692 1.46875 -7.65178e-09
23.9546 1.46875 1.68278e-07
24.74 1.46875 2.19782e-07
0.392699 1.53125 -2.02047e-07
1.1781 1.53125 2.64238e-07
1.9635 1.53125 3.20138e-07
2.74889 1.53125 -3.94489e-07
3.53429 1.53125 -9.60591e-08
4.31969 1.53125 4.05618e-07
5.10509 1.53125 -3.03801e-07
5.89049 1.53125 -8.50923e-08
6.67588 1.53125 3.44154e-07
7.46128 1.53125 -2.78932e-07
8.24668 1.53125 -3.75042e-07
9.03208 1.53125 6.23044e-08
9.81748 1.53125 4.81335e-07
10.6029 1.53125 -1.10438e-07
11.3883 1.53125 -4.18562e-08
12.1737 1.53125 4.45063e-08
12.9591 1.53125 -1.0666e-08
13.7445 1.53125 -7.037e-08
14.5299 1.53125 -4.0125e-07
15.3153 1.53125 7.10682e-08
16.1007 1.53125 3.21495e-07
16.8861 1.53125 3.53014e-07
17.6715 1.53125 -5.98106e-08
18.4569 1.53125 -4.78662e-07
19.2423 1.53125 2.88629e-07
20.0277 1.53125 1.05095e-07
20.8131 1.53125 -4.39406e-07
21.5984 1.53125 -4.113e-08
22.3838 1.53125 1.62235e-07
23.1692 1.53125 -9.53896e-09
23.9546 1.53125 1.1541e-08
24.74 1.53125 1.64905e-07
0.392699 1.59375 -1.51871e-07
1.1781 1.59375 3.33208e-07
1.9635 1.59375 2.86139e-07
2.74889 1.59375 -4.01017e-07
3.53429 1.59375 -1.61646e-07
4.31969 1.59375 2.9952e-07
5.10509 1.59375 -2.18189e-07
5.89049 1.59375 -4.36367e-10
6.67588 1.59375 2.48978e-07
7.46128 1.59375 -2.31715e-07
8.24668 1.59375 -2.77941e-07
9.03208 1.59375 6.1829e-09
9.81748 1.59375 4.0906e-07
10.6029 1.59375 -2.5862e-08
11.3883 1.59375 -2.26614e-08
12.1737 1.59375 2.1655e-08
12.9591 1.59375 -1.44484e-08
13.7445 1.59375 -7.78292e-08
14.5299 1.59375 -3.75374e-07
15.3153 1.59375 7.1811e-08
16.1007 1.59375 3.05392e-07
16.8861 1.59375 3.71065e-07
17.6715 1.59375 -3.68284e-08
18.4569 1.59375 -5.76648e-07
19.2423 1.59375 2.4203e-07
20.0277 1.59375 2.35888e-07
20.8131 1.59375 -3.9856e-07
21.5984 1.59375 -1.21997e-07
22.3838 1.59375 2.43383e-07
23.1692 1.59375 -2.32943e-08
23.9546 1.59375 -7.88478e-08
24.74 1.59375 1.17967e-07
0.392699 1.65625 -1.03503e-07
1.1781 1.65625 3.38481e-07
1.9635 1.65625 2.40833e-07
2.74889 1.65625 -3.6595e-07
3.53429 1.65625 -2.06014e-07
4.31969 1.65625 2.03289e-07
5.10509 1.65625 -1.23347e-07
5.89049 1.65625 7.51961e-08
6.67588 1.65625 1.36956e-07
7.46128 1.65625 -1.74933e-07
8.24668 1.65625 -2.05566e-07
9.03208 1.65625 -3.62253e-08
9.81748 1.65625 3.3993e-07
10.6029 1.65625 1.20222e-08
11.3883 1.65625 2.8021e-09
12.1737 1.65625 2.39683e-08
12.9591 1.65625 -3.10195e-08
13.7445 1.65625 -9.35403e-08
14.5299 1.65625 -3.1881e-07
15.3153 1.65625 7.26756e-08
16.1007 1.65625 2.55386e-07
16.8861 1.65625 3.47804e-07
17.6715 1.65625 -2.99347e-08
18.4569 1.65625 -6.00733e-07
19.2423 1.65625 2.10209e-07
20.0277 1.65625 3.29953e-07
20.8131 1.65625 -3.473e-07
21.5984 1.65625 -1.70193e-07
22.3838 1.65625 2.69456e-07
23.1692 1.65625 -4.12698e-08
23.9546 1.65625 -9.24958e-08
24.74 1.65625 7.51138e-08
0.392699 1.71875 -6.76967e-08
1.1781 1.71875 2.99342e-07
1.9635 1.71875 1.83837e-07
2.74889 1.71875 -3.04e-07
3.53429 1.71875 -2.04047e-07
4.31969 1.71875 1.32253e-07
5.10509 1.71875 -4.73606e-08
5.89049 1.71875 1.10571e-07
6.67588 1.71875 4.26422e-08
7.46128 1.71875 -1.13978e-07
8.24668 1.71875 -1.66073e-07
9.03208 1.71875 -5.4173e-08
9.81748 1.71875 2.79646e-07
10.6029 1.71875 1.10909e-08
11.3883 1.71875 3.18231e-08
12.1737 1.71875 3.28653e-08
12.9591 1.71875 -5.32044e-08
13.7445 1.71875 -1.0577e-07
14.5299 1.71875 -2.31234e-07
15.3153 1.71875 7.25911e-08
16.1007 1.71875 1.82223e-07
16.8861 1.71875 2.8592e-07
17.6715 1.71875 -3.76236e-08
18.4569 1.71875 -5.3916e-07
19.2423 1.71875 1.84717e-07
20.0277 1.71875 3.57788e-07
20.8131 1.71875 -2.72368e-07
21.5984 1.71875 -1.75892e-07
22.3838 1.71875 2.29383e-07
23.1692 1.71875 -5.42296e-08
23.9546 1.71875 -5.75404e-08
24.74 1.71875 3.94876e-08
0.392699 1.78125 -4.40935e-08
1.1781 1.78125 2.33143e-07
1.9635 1.78125 1.16529e-07
2.74889 1.78125 -2.28494e-07
3.53429 1.78125 -1.52519e-07
4.31969 1.78125 8.35153e-08
5.10509 1.78125 -5.78172e-09
5.89049 1.78125 1.00635e-07
6.67588 1.78125 -1.18555e-08
7.46128 1.78125 -6.03285e-08
8.24668 1.78125 -1.34723e-07
9.03208 1.78125 -4.49951e-08
9.81748 1.78125 2.14421e-07
10.6029 1.78125 -7.80582e-09
11.3883 1.78125 5.17831e-08
12.1737 1.78125 3.63717e-08
12.9591 1.78125 -6.8289e-08
13.7445 1.78125 -9.8531e-08
14.5299 1.78125 -1.2945e-07
15.3153 1.78125 5.95079e-08
16.1007 1.78125 1.0455e-07
16.8861 1.78125 2.00702e-07
17.6715 1.78125 -4.88223e-08
18.4569 1.78125 -4.02716e-07
19.2423 1.78125 1.53239e-07
20.0277 1.78125 3.08423e-07
20.8131 1.78125 -1.8346e-07
21.5984 1.78125 -1.44196e-07
22.3838 1.78125 1.49601e-07
23.1692 1.78125 -5.44016e-08
23.9546 1.78125 -1.35765e-08
24.74 1.78125 1.49622e-08
0.392699 1.84375 -2.58876e-08
1.1781 1.84375 1.52637e-07
1.9635 1.84375 5.07734e-08
2.74889 1.84375 -1.47981e-07
3.53429 1.84375 -7.81098e-08
4.31969 1.84375 4.82332e-08
5.10509 1.84375 6.9873e-09
5.89049 1.84375 6.30331e-08
6.67588 1.84375 -2.63098e-08
7.46128 1.84375 -2.53684e-08
8.24668 1.84375 -9.10717e-08
9.03208 1.84375 -1.82706e-08
9.81748 1.84375 1.34994e-07
10.6029 1.84375 -2.21141e-08
11.3883 1.84375 5.09022e-08
12.1737 1.84375 2.88291e-08
12.9591 1.84375 -6.33583e-08
13.7445 1.84375 -6.76674e-08
14.5299 1.84375 -4.60376e-08
15.3153 1.84375 3.29086e-08
16.1007 1.84375 4.45324e-08
16.8861 1.84375 1.13859e-07
17.6715 1.84375 -5.01551e-08
18.4569 1.84375 -2.32708e-07
19.2423 1.84375 1.12973e-07
20.0277 1.84375 2.00747e-07
20.8131 1.84375 -1.07813e-07
21.5984 1.84375 -9.00619e-08
22.3838 1.84375 7.41725e-08
23.1692 1.84375 -4.06801e-08
23.9546 1.84375 1.19233e-08
24.74 1.84375 2.33556e-09
0.392699 1.90625 -7.54301e-09
1.1781 1.90625 6.92325e-08
1.9635 1.90625 3.55565e-09
2.74889 1.90625 -6.57567e-08
3.53429 1.90625 -1.80049e-08
4.31969 1.90625 1.95048e-08
5.10509 1.90625 5.43504e-09
5.89049 1.90625 2.24175e-08
6.67588 1.90625 -1.60628e-08
7.46128 1.90625 -8.02191e-09
8.24668 1.90625 -4.02367e-08
9.03208 1.90625 3.31664e-09
9.81748 1.90625 5.39129e-08
10.6029 1.90625 -1.74598e-08
11.3883 1.90625 2.99692e-08
12.1737 1.90625 1.10529e-08
12.9591 1.90625 -3.54481e-08
13.7445 1.90625 -2.67151e-08
14.5299 1.90625 -5.60416e-09
15.3153 1.90625 8.12492e-09
16.1007 1.90625 1.4039e-08
16.8861 1.90625 4.23499e-08
17.6715 1.90625 -3.47416e-08
18.4569 1.90625 -8.19009e-08
19.2423 1.90625 6.4142e-08
20.0277 1.90625 7.73637e-08
20.8131 1.90625 -5.29375e-08
21.5984 1.90625 -3.33733e-08
22.3838 1.90625 2.56914e-08
23.1692 1.90625 -1.91294e-08
23.9546 1.90625 1.32529e-08
24.74 1.90625 -1.74165e-09
0.392699 1.96875 8.84e-10
1.1781 1.96875 6.00883e-09
1.9635 1.96875 -5.7791e-09
2.74889 1.96875 -4.3737e-09
3.53429 1.96875 3.25035e-09
4.31969 1.96875 1.88544e-10
5.10509 1.96875 9.86574e-10
5.89049 1.96875 5.89019e-11
6.67588 1.96875 -5.95976e-10
7.46128 1.96875 -7.87303e-10
8.24668 1.96875 -3.83197e-09
9.03208 1.96875 2.91632e-09
9.81748 1.96875 2.15805e-09
10.6029 1.96875 -1.84727e-09
11.3883 1.96875 2.87847e-09
12.1737 1.96875 9.81589e-10
12.9591 1.96875 -2.45989e-09
13.7445 1.96875 -2.63928e-09
14.5299 1.96875 5.53463e-10
15.3153 1.96875 -9.83432e-10
16.1007 1.96875 1.59587e-09
16.8861 1.96875 2.22887e-09
17.6715 1.96875 -5.49011e-09
18.4569 1.96875 -5.42624e-10
19.2423 1.96875 9.47467e-09
20.0277 1.96875 -3.23371e-10
20.8131 1.96875 -8.03595e-09
21.5984 1.96875 6.84724e-10
22.3838 1.96875 2.0569e-09
23.1692 1.96875 -2.13095e-09
23.9546 1.96875 2.32761e-09
24.74 1.96875 5.29168e-10
