0.392699 0.03125 -8.26275e-10
1.1781 0.03125 4.35265e-10
1.9635 0.03125 -2.58458e-10
2.74889 0.03125 -1.11984e-09
3.53429 0.03125 1.54026e-09
4.31969 0.03125 -2.04241e-09
5.10509 0.03125 1.03917e-10
5.89049 0.03125 2.05635e-09
6.67588 0.03125 -1.19889e-11
7.46128 0.03125 2.87029e-10
8.24668 0.03125 1.0942e-09
9.03208 0.03125 2.25931e-09
9.81748 0.03125 -6.96285e-10
10.6029 0.03125 -1.00202e-09
11.3883 0.03125 -1.68923e-09
12.1737 0.03125 -2.83693e-09
12.9591 0.03125 2.07323e-09
13.7445 0.03125 -1.40427e-10
14.5299 0.03125 -1.28785e-09
15.3153 0.03125 1.38358e-09
16.1007 0.03125 6.5364e-10
16.8861 0.03125 1.39287e-09
17.6715 0.03125 1.27097e-09
18.4569 0.03125 -2.23768e-09
19.2423 0.03125 -2.66414e-09
20.0277 0.03125 4.7038e-10
20.8131 0.03125 2.78661e-09
21.5984 0.03125 1.36003e-09
22.3838 0.03125 -3.7132e-09
23.1692 0.03125 7.21838e-10
23.9546 0.03125 1.49072e-09
24.74 0.03125 -8.48651e-10

0.392699 0.09375 1.46223e-08
1.1781 0.09375 2.42853e-08
1.9635 0.09375 -6.32092e-09
2.74889 0.09375 -1.52806e-08
3.53429 0.09375 3.42792e-08
4.31969 0.09375 -4.09306e-08
5.10509 0.09375 2.06307e-09
5.89049 0.09375 1.87246e-08
6.67588 0.09375 -3.22761e-08
7.46128 0.09375 1.83331e-08
8.24668 0.09375 1.8475e-08
9.03208 0.09375 3.30395e-08
9.81748 0.09375 -2.90205e-08
10.6029 0.09375 -3.32513e-08
11.3883 0.09375 -1.50991e-08
12.1737 0.09375 -1.81252e-08
12.9591 0.09375 5.31074e-08
13.7445 0.09375 -7.05182e-09
14.5299 0.09375 -1.71981e-08
15.3153 0.09375 2.90887e-08
16.1007 0.09375 1.21989e-08
16.8861 0.09375 5.45527e-11
17.6715 0.09375 9.72565e-09
18.4569 0.09375 -1.6055e-08
19.2423 0.09375 -2.17096e-08
20.0277 0.09375 1.647e-09
20.8131 0.09375 2.88549e-08
21.5984 0.09375 5.00453e-08
22.3838 0.09375 -9.65749e-08
23.1692 0.09375 -3.97531e-08
23.9546 0.09375 4.31251e-08
24.74 0.09375 -4.19289e-09

0.392699 0.15625 3.58683e-08
1.1781 0.15625 8.69462e-08
1.9635 0.15625 9.84438e-09
2.74889 0.15625 -5.13103e-08
3.53429 0.15625 8.09587e-08
4.31969 0.15625 -8.39379e-08
5.10509 0.15625 -2.03073e-09
5.89049 0.15625 5.67437e-08
6.67588 0.15625 -9.19734e-08
7.46128 0.15625 2.70524e-08
8.24668 0.15625 3.43811e-08
9.03208 0.15625 8.67779e-08
9.81748 0.15625 -5.13775e-08
10.6029 0.15625 -8.84621e-08
11.3883 0.15625 -4.50493e-08
12.1737 0.15625 -5.37744e-08
12.9591 0.15625 1.28265e-07
13.7445 0.15625 6.65501e-09
14.5299 0.15625 -3.15229e-08
15.3153 0.15625 5.69871e-08
16.1007 0.15625 3.68044e-08
16.8861 0.15625 -9.48155e-09
17.6715 0.15625 1.34053e-08
18.4569 0.15625 -2.55056e-08
19.2423 0.15625 -4.50024e-08
20.0277 0.15625 7.39207e-09
20.8131 0.15625 3.26361e-08
21.5984 0.15625 1.46484e-07
22.3838 0.15625 -1.91286e-07
23.1692 0.15625 -1.4856e-07
23.9546 0.15625 8.13491e-08
24.74 0.15625 -1.37009e-08

0.392699 0.21875 5.0041e-08
1.1781 0.21875 1.83831e-07
1.9635 0.21875 6.30751e-08
2.74889 0.21875 -8.91813e-08
3.53429 0.21875 1.15278e-07
4.31969 0.21875 -1.17954e-07
5.10509 0.21875 -5.99781e-09
5.89049 0.21875 1.15924e-07
6.67588 0.21875 -1.60215e-07
7.46128 0.21875 2.06181e-08
8.24668 0.21875 3.71989e-08
9.03208 0.21875 1.34747e-07
9.81748 0.21875 -6.31661e-08
10.6029 0.21875 -1.42606e-07
11.3883 0.21875 -8.74891e-08
12.1737 0.21875 -1.03351e-07
12.9591 0.21875 2.03606e-07
13.7445 0.21875 3.25332e-08
14.5299 0.21875 -1.72377e-08
15.3153 0.21875 7.86599e-08
16.1007 0.21875 6.40674e-08
16.8861 0.21875 -2.46368e-08
17.6715 0.21875 9.36459e-10
18.4569 0.21875 -3.58043e-08
19.2423 0.21875 -6.71186e-08
20.0277 0.21875 4.64031e-08
20.8131 0.21875 5.3222e-09
21.5984 0.21875 2.29641e-07
22.3838 0.21875 -2.38548e-07
23.1692 0.21875 -2.81411e-07
23.9546 0.21875 9.1692e-08
24.74 0.21875 -4.87186e-08

0.392699 0.28125 4.92499e-08
1.1781 0.28125 2.98019e-07
1.9635 0.28125 1.41136e-07
2.74889 0.28125 -1.07288e-07
3.53429 0.28125 1.32709e-07
4.31969 0.28125 -1.43404e-07
5.10509 0.28125 -9.29338e-09
5.89049 0.28125 1.84852e-07
6.67588 0.28125 -2.13319e-07
7.46128 0.28125 8.77636e-09
8.24668 0.28125 3.04242e-08
9.03208 0.28125 1.56355e-07
9.81748 0.28125 -8.42743e-08
10.6029 0.28125 -1.80996e-07
11.3883 0.28125 -1.28594e-07
12.1737 0.28125 -1.53539e-07
12.9591 0.28125 2.70535e-07
13.7445 0.28125 4.82334e-08
14.5299 0.28125 2.46177e-08
15.3153 0.28125 1.04284e-07
16.1007 0.28125 8.1906e-08
16.8861 0.28125 -3.80528e-08
17.6715 0.28125 -2.46452e-08
18.4569 0.28125 -6.14798e-08
19.2423 0.28125 -8.8493e-08
20.0277 0.28125 1.3025e-07
20.8131 0.28125 -3.19778e-08
21.5984 0.28125 2.54426e-07
22.3838 0.28125 -2.40278e-07
23.1692 0.28125 -3.87666e-07
23.9546 0.28125 7.8025e-08
24.74 0.28125 -1.16766e-07

0.392699 0.34375 3.38613e-08
1.1781 0.34375 4.02186e-07
1.9635 0.34375 2.27497e-07
2.74889 0.34375 -9.9283e-08
3.53429 0.34375 1.44972e-07
4.31969 0.34375 -1.60381e-07
5.10509 0.34375 -2.2257e-08
5.89049 0.34375 2.47697e-07
6.67588 0.34375 -2.28641e-07
7.46128 0.34375 1.8764e-09
8.24668 0.34375 1.4916e-08
9.03208 0.34375 1.50677e-07
9.81748 0.34375 -1.2617e-07
10.6029 0.34375 -2.05957e-07
11.3883 0.34375 -1.55353e-07
12.1737 0.34375 -1.91021e-07
12.9591 0.34375 3.28184e-07
13.7445 0.34375 4.54939e-08
14.5299 0.34375 6.43158e-08
15.3153 0.34375 1.43551e-07
16.1007 0.34375 8.83499e-08
16.8861 0.34375 -4.54634e-08
17.6715 0.34375 -5.18189e-08
18.4569 0.34375 -1.11276e-07
19.2423 0.34375 -1.0225e-07
20.0277 0.34375 2.42766e-07
20.8131 0.34375 -6.66957e-08
21.5984 0.34375 2.17549e-07
22.3838 0.34375 -2.06022e-07
23.1692 0.34375 -4.45021e-07
23.9546 0.34375 4.20193e-08
24.74 0.34375 -2.00213e-07

0.392699 0.40625 1.92112e-08
1.1781 0.40625 4.692e-07
1.9635 0.40625 3.07527e-07
2.74889 0.40625 -6.7682e-08
3.53429 0.40625 1.63047e-07
4.31969 0.40625 -1.70933e-07
5.10509 0.40625 -5.79541e-08
5.89049 0.40625 2.95592e-07
6.67588 0.40625 -1.92976e-07
7.46128 0.40625 3.01109e-09
8.24668 0.40625 -1.9249e-08
9.03208 0.40625 1.24511e-07
9.81748 0.40625 -1.75352e-07
10.6029 0.40625 -2.28371e-07
11.3883 0.40625 -1.59822e-07
12.1737 0.40625 -2.01001e-07
12.9591 0.40625 3.72762e-07
13.7445 0.40625 3.67876e-08
14.5299 0.40625 6.91372e-08
15.3153 0.40625 1.87638e-07
16.1007 0.40625 8.9421e-08
16.8861 0.40625 -4.93412e-08
17.6715 0.40625 -6.6894e-08
18.4569 0.40625 -1.75849e-07
19.2423 0.40625 -9.74993e-08
20.0277 0.40625 3.50615e-07
20.8131 0.40625 -1.01098e-07
21.5984 0.40625 1.46129e-07
22.3838 0.40625 -1.4485e-07
23.1692 0.40625 -4.5312e-07
23.9546 0.40625 -2.22175e-08
24.74 0.40625 -2.7607e-07

0.392699 0.46875 2.65631e-08
1.1781 0.46875 4.85354e-07
1.9635 0.46875 3.70049e-07
2.74889 0.46875 -1.39747e-08
3.53429 0.46875 1.84415e-07
4.31969 0.46875 -1.80979e-07
5.10509 0.46875 -1.21197e-07
5.89049 0.46875 3.27221e-07
6.67588 0.46875 -1.12909e-07
7.46128 0.46875 7.52316e-09
8.24668 0.46875 -7.65992e-08
9.03208 0.46875 7.58764e-08
9.81748 0.46875 -2.05795e-07
10.6029 0.46875 -2.52499e-07
11.3883 0.46875 -1.40141e-07
12.1737 0.46875 -1.6786e-07
12.9591 0.46875 3.95434e-07
13.7445 0.46875 4.26498e-08
14.5299 0.46875 3.17994e-08
15.3153 0.46875 2.09524e-07
16.1007 0.46875 8.60158e-08
16.8861 0.46875 -5.30217e-08
17.6715 0.46875 -6.3038e-08
18.4569 0.46875 -2.3522e-07
19.2423 0.46875 -6.69358e-08
20.0277 0.46875 4.2448e-07
20.8131 0.46875 -1.4567e-07
21.5984 0.46875 7.85337e-08
22.3838 0.46875 -6.65294e-08
23.1692 0.46875 -4.3103e-07
23.9546 0.46875 -1.12895e-07
24.74 0.46875 -3.26416e-07

0.392699 0.53125 6.32098e-08
1.1781 0.53125 4.55545e-07
1.9635 0.53125 4.11447e-07
2.74889 0.53125 5.94808e-08
3.53429 0.53125 1.95817e-07
4.31969 0.53125 -1.96614e-07
5.10509 0.53125 -1.99002e-07
5.89049 0.53125 3.41242e-07
6.67588 0.53125 -1.71664e-08
7.46128 0.53125 8.0578e-09
8.24668 0.53125 -1.36124e-07
9.03208 0.53125 -3.50332e-09
9.81748 0.53125 -2.08869e-07
10.6029 0.53125 -2.66476e-07
11.3883 0.53125 -1.02009e-07
12.1737 0.53125 -8.55991e-08
12.9591 0.53125 3.90326e-07
13.7445 0.53125 7.24794e-08
14.5299 0.53125 -2.45489e-08
15.3153 0.53125 1.86085e-07
16.1007 0.53125 6.83703e-08
16.8861 0.53125 -5.46087e-08
17.6715 0.53125 -4.8006e-08
18.4569 0.53125 -2.78357e-07
19.2423 0.53125 -8.9127e-09
20.0277 0.53125 4.49634e-07
20.8131 0.53125 -2.04233e-07
21.5984 0.53125 4.93617e-08
22.3838 0.53125 1.48966e-08
23.1692 0.53125 -4.11664e-07
23.9546 0.53125 -2.1219e-07
24.74 0.53125 -3.35061e-07

0.392699 0.59375 1.13203e-07
1.1781 0.59375 3.96581e-07
1.9635 0.59375 4.40619e-07
2.74889 0.59375 1.44119e-07
3.53429 0.59375 1.8363e-07
4.31969 0.59375 -2.19273e-07
5.10509 0.59375 -2.64758e-07
5.89049 0.59375 3.34233e-07
6.67588 0.59375 5.83964e-08
7.46128 0.59375 -2.27014e-09
8.24668 0.59375 -1.59656e-07
9.03208 0.59375 -1.11582e-07
9.81748 0.59375 -2.03689e-07
10.6029 0.59375 -2.45224e-07
11.3883 0.59375 -5.54516e-08
12.1737 0.59375 2.62405e-08
12.9591 0.59375 3.57909e-07
13.7445 0.59375 1.20649e-07
14.5299 0.59375 -6.68536e-08
15.3153 0.59375 1.18167e-07
16.1007 0.59375 2.58245e-08
16.8861 0.59375 -5.34078e-08
17.6715 0.59375 -3.66599e-08
18.4569 0.59375 -3.08493e-07
19.2423 0.59375 7.29272e-08
20.0277 0.59375 4.26953e-07
20.8131 0.59375 -2.67334e-07
21.5984 0.59375 7.46587e-08
22.3838 0.59375 8.98315e-08
23.1692 0.59375 -4.26068e-07
23.9546 0.59375 -3.03476e-07
24.74 0.59375 -2.85265e-07

0.392699 0.65625 1.51987e-07
1.1781 0.65625 3.28537e-07
1.9635 0.65625 4.71239e-07
2.74889 0.65625 2.24678e-07
3.53429 0.65625 1.42221e-07
4.31969 0.65625 -2.45482e-07
5.10509 0.65625 -2.87759e-07
5.89049 0.65625 3.06336e-07
6.67588 0.65625 8.57055e-08
7.46128 0.65625 -2.6581e-08
8.24668 0.65625 -1.23806e-07
9.03208 0.65625 -2.28322e-07
9.81748 0.65625 -2.13375e-07
10.6029 0.65625 -1.69631e-07
11.3883 0.65625 -9.91828e-09
12.1737 0.65625 1.27214e-07
12.9591 0.65625 3.02021e-07
13.7445 0.65625 1.72745e-07
14.5299 0.65625 -7.56523e-08
15.3153 0.65625 3.17218e-08
16.1007 0.65625 -3.96585e-08
16.8861 0.65625 -5.6584e-08
17.6715 0.65625 -3.67409e-08
18.4569 0.65625 -3.29752e-07
19.2423 0.65625 1.68117e-07
20.0277 0.65625 3.67402e-07
20.8131 0.65625 -3.18099e-07
21.5984 0.65625 1.46973e-07
22.3838 0.65625 1.57971e-07
23.1692 0.65625 -4.81212e-07
23.9546 0.65625 -3.87631e-07
24.74 0.65625 -1.78164e-07

0.392699 0.71875 1.58867e-07
1.1781 0.71875 2.66332e-07
1.9635 0.71875 5.14765e-07
2.74889 0.71875 2.82901e-07
3.53429 0.71875 7.20873e-08
4.31969 0.71875 -2.68536e-07
5.10509 0.71875 -2.48106e-07
5.89049 0.71875 2.67171e-07
6.67588 0.71875 5.31442e-08
7.46128 0.71875 -6.09037e-08
8.24668 0.71875 -4.51101e-08
9.03208 0.71875 -3.27157e-07
9.81748 0.71875 -2.30387e-07
10.6029 0.71875 -4.70562e-08
11.3883 0.71875 2.57197e-08
12.1737 0.71875 1.86832e-07
12.9591 0.71875 2.29701e-07
13.7445 0.71875 2.06439e-07
14.5299 0.71875 -5.34612e-08
15.3153 0.71875 -3.71461e-08
16.1007 0.71875 -1.10948e-07
16.8861 0.71875 -7.04966e-08
17.6715 0.71875 -4.85863e-08
18.4569 0.71875 -3.39962e-07
19.2423 0.71875 2.6359e-07
20.0277 0.71875 2.87129e-07
20.8131 0.71875 -3.50882e-07
21.5984 0.71875 2.41621e-07
22.3838 0.71875 2.27424e-07
23.1692 0.71875 -5.53873e-07
23.9546 0.71875 -4.68916e-07
24.74 0.71875 -4.34182e-08

0.392699 0.78125 1.30278e-07
1.1781 0.78125 2.13351e-07
1.9635 0.78125 5.70866e-07
2.74889 0.78125 3.0872e-07
3.53429 0.78125 -2.31014e-08
4.31969 0.78125 -2.8443e-07
5.10509 0.78125 -1.50481e-07
5.89049 0.78125 2.33281e-07
6.67588 0.78125 -2.84566e-08
7.46128 0.78125 -9.38817e-08
8.24668 0.78125 2.94024e-08
9.03208 0.78125 -3.89724e-07
9.81748 0.78125 -2.18996e-07
10.6029 0.78125 8.94198e-08
11.3883 0.78125 3.89023e-08
12.1737 0.78125 2.00725e-07
12.9591 0.78125 1.58901e-07
13.7445 0.78125 1.99726e-07
14.5299 0.78125 -1.94249e-08
15.3153 0.78125 -6.37744e-08
16.1007 0.78125 -1.67146e-07
16.8861 0.78125 -8.77462e-08
17.6715 0.78125 -6.94632e-08
18.4569 0.78125 -3.36166e-07
19.2423 0.78125 3.45845e-07
20.0277 0.78125 2.02901e-07
20.8131 0.78125 -3.75093e-07
21.5984 0.78125 3.28255e-07
22.3838 0.78125 3.01922e-07
23.1692 0.78125 -6.04303e-07
23.9546 0.78125 -5.33241e-07
24.74 0.78125 7.42575e-08

0.392699 0.84375 9.14491e-08
1.1781 0.84375 1.59262e-07
1.9635 0.84375 6.17589e-07
2.74889 0.84375 3.10243e-07
3.53429 0.84375 -1.29504e-07
4.31969 0.84375 -2.95751e-07
5.10509 0.84375 -2.64724e-08
5.89049 0.84375 2.15157e-07
6.67588 0.84375 -1.28876e-07
7.46128 0.84375 -1.11234e-07
8.24668 0.84375 5.71251e-08
9.03208 0.84375 -4.11671e-07
9.81748 0.84375 -1.48964e-07
10.6029 0.84375 2.00626e-07
11.3883 0.84375 1.62318e-08
12.1737 0.84375 1.79488e-07
12.9591 0.84375 1.15015e-07
13.7445 0.84375 1.47106e-07
14.5299 0.84375 3.75626e-09
15.3153 0.84375 -4.63307e-08
16.1007 0.84375 -1.93898e-07
16.8861 0.84375 -9.02098e-08
17.6715 0.84375 -9.69246e-08
18.4569 0.84375 -3.21234e-07
19.2423 0.84375 3.99764e-07
20.0277 0.84375 1.30742e-07
20.8131 0.84375 -4.02927e-07
21.5984 0.84375 3.81493e-07
22.3838 0.84375 3.73811e-07
23.1692 0.84375 -6.02066e-07
23.9546 0.84375 -5.5547e-07
24.74 0.84375 1.46885e-07

0.392699 0.90625 8.47686e-08
1.1781 0.90625 8.5897e-08
1.9635 0.90625 6.16814e-07
2.74889 0.90625 3.09292e-07
3.53429 0.90625 -2.17995e-07
4.31969 0.90625 -3.04004e-07
5.10509 0.90625 8.24788e-08
5.89049 0.90625 2.05539e-07
6.67588 0.90625 -2.10539e-07
7.46128 0.90625 -1.04925e-07
8.24668 0.90625 2.40808e-08
9.03208 0.90625 -3.97478e-07
9.81748 0.90625 -2.22397e-08
10.6029 0.90625 2.61083e-07
11.3883 0.90625 -4.4028e-08
12.1737 0.90625 1.3465e-07
12.9591 0.90625 1.08132e-07
13.7445 0.90625 6.64384e-08
14.5299 0.90625 5.91433e-09
15.3153 0.90625 -7.52559e-11
16.1007 0.90625 -1.89277e-07
16.8861 0.90625 -6.56844e-08
17.6715 0.90625 -1.30518e-07
18.4569 0.90625 -3.0297e-07
19.2423 0.90625 4.15658e-07
20.0277 0.90625 8.1414e-08
20.8131 0.90625 -4.32627e-07
21.5984 0.90625 3.87701e-07
22.3838 0.90625 4.22973e-07
23.1692 0.90625 -5.43902e-07
23.9546 0.90625 -5.21648e-07
24.74 0.90625 1.82574e-07

0.392699 0.96875 1.35849e-07
1.1781 0.96875 -1.67998e-08
1.9635 0.96875 5.45204e-07
2.74889 0.96875 3.21139e-07
3.53429 0.96875 -2.61048e-07
4.31969 0.96875 -3.00511e-07
5.10509 0.96875 1.47449e-07
5.89049 0.96875 1.91708e-07
6.67588 0.96875 -2.48684e-07
7.46128 0.96875 -8.52691e-08
8.24668 0.96875 -5.28735e-08
9.03208 0.96875 -3.56124e-07
9.81748 0.96875 1.3038e-07
10.6029 0.96875 2.63773e-07
11.3883 0.96875 -1.23607e-07
12.1737 0.96875 8.19291e-08
12.9591 0.96875 1.20277e-07
13.7445 0.96875 -1.16558e-08
14.5299 0.96875 -5.18178e-09
15.3153 0.96875 5.10183e-08
16.1007 0.96875 -1.67989e-07
16.8861 0.96875 -1.26579e-08
17.6715 0.96875 -1.64356e-07
18.4569 0.96875 -2.89635e-07
19.2423 0.96875 3.97386e-07
20.0277 0.96875 5.38828e-08
20.8131 0.96875 -4.53904e-07
21.5984 0.96875 3.48407e-07
22.3838 0.96875 4.30219e-07
23.1692 0.96875 -4.53e-07
23.9546 0.96875 -4.37299e-07
24.74 0.96875 2.13087e-07

0.392699 1.03125 2.28907e-07
1.1781 1.03125 -1.41721e-07
1.9635 1.03125 4.22372e-07
2.74889 1.03125 3.37582e-07
3.53429 1.03125 -2.57188e-07
4.31969 1.03125 -2.66963e-07
5.10509 1.03125 1.64112e-07
5.89049 1.03125 1.71205e-07
6.67588 1.03125 -2.42347e-07
7.46128 1.03125 -7.93634e-08
8.24668 1.03125 -1.39186e-07
9.03208 1.03125 -2.98082e-07
9.81748 1.03125 2.69626e-07
10.6029 1.03125 2.1643e-07
11.3883 1.03125 -1.95766e-07
12.1737 1.03125 4.57284e-08
12.9591 1.03125 1.24674e-07
13.7445 1.03125 -6.23213e-08
14.5299 1.03125 -1.88975e-08
15.3153 1.03125 8.26664e-08
16.1007 1.03125 -1.48582e-07
16.8861 1.03125 5.63199e-08
17.6715 1.03125 -1.86234e-07
18.4569 1.03125 -2.76617e-07
19.2423 1.03125 3.62077e-07
20.0277 1.03125 3.06298e-08
20.8131 1.03125 -4.65078e-07
21.5984 1.03125 2.82336e-07
22.3838 1.03125 3.90089e-07
23.1692 1.03125 -3.60499e-07
23.9546 1.03125 -3.1677e-07
24.74 1.03125 2.6581e-07

0.392699 1.09375 3.10584e-07
1.1781 1.09375 -2.67746e-07
1.9635 1.09375 3.00468e-07
2.74889 1.09375 3.34113e-07
3.53429 1.09375 -2.31261e-07
4.31969 1.09375 -1.8348e-07
5.10509 1.09375 1.46598e-07
5.89049 1.09375 1.42275e-07
6.67588 1.09375 -2.03194e-07
7.46128 1.09375 -1.04367e-07
8.24668 1.09375 -2.08201e-07
9.03208 1.09375 -2.35532e-07
9.81748 1.09375 3.72549e-07
10.6029 1.09375 1.35017e-07
11.3883 1.09375 -2.45078e-07
12.1737 1.09375 4.93229e-08
12.9591 1.09375 1.09096e-07
13.7445 1.09375 -7.70135e-08
14.5299 1.09375 -3.75904e-08
15.3153 1.09375 8.04564e-08
16.1007 1.09375 -1.31968e-07
16.8861 1.09375 1.1549e-07
17.6715 1.09375 -1.89641e-07
18.4569 1.09375 -2.48369e-07
19.2423 1.09375 3.33253e-07
20.0277 1.09375 -5.47445e-09
20.8131 1.09375 -4.77166e-07
21.5984 1.09375 2.16838e-07
22.3838 1.09375 3.13353e-07
23.1692 1.09375 -2.92134e-07
23.9546 1.09375 -1.69418e-07
24.74 1.09375 3.47265e-07

0.392699 1.15625 3.25905e-07
1.1781 1.15625 -3.66811e-07
1.9635 1.15625 2.27105e-07
2.74889 1.15625 2.89433e-07
3.53429 1.15625 -2.0926e-07
4.31969 1.15625 -4.32136e-08
5.10509 1.15625 1.08625e-07
5.89049 1.15625 9.08295e-08
6.67588 1.15625 -1.34923e-07
7.46128 1.15625 -1.43855e-07
8.24668 1.15625 -2.60814e-07
9.03208 1.15625 -1.83611e-07
9.81748 1.15625 4.44238e-07
10.6029 1.15625 4.07695e-08
11.3883 1.15625 -2.73696e-07
12.1737 1.15625 9.40343e-08
12.9591 1.15625 7.94342e-08
13.7445 1.15625 -6.18599e-08
14.5299 1.15625 -7.35526e-08
15.3153 1.15625 4.45286e-08
16.1007 1.15625 -1.02622e-07
16.8861 1.15625 1.45402e-07
17.6715 1.15625 -1.78404e-07
18.4569 1.15625 -2.00865e-07
19.2423 1.15625 3.27898e-07
20.0277 1.15625 -4.73172e-08
20.8131 1.15625 -4.99754e-07
21.5984 1.15625 1.70667e-07
22.3838 1.15625 2.18325e-07
23.1692 1.15625 -2.58107e-07
23.9546 1.15625 -4.74249e-09
24.74 1.15625 4.39435e-07

0.392699 1.21875 2.58185e-07
1.1781 1.21875 -4.15221e-07
1.9635 1.21875 2.17385e-07
2.74889 1.21875 2.01489e-07
3.53429 1.21875 -1.99552e-07
4.31969 1.21875 1.36702e-07
5.10509 1.21875 5.48191e-08
5.89049 1.21875 2.27378e-09
6.67588 1.21875 -3.24671e-08
7.46128 1.21875 -1.63575e-07
8.24668 1.21875 -3.18741e-07
9.03208 1.21875 -1.55514e-07
9.81748 1.21875 5.04437e-07
10.6029 1.21875 -4.40735e-08
11.3883 1.21875 -2.8831e-07
12.1737 1.21875 1.54043e-07
12.9591 1.21875 5.09729e-08
13.7445 1.21875 -3.21306e-08
14.5299 1.21875 -1.33824e-07
15.3153 1.21875 -1.17042e-08
16.1007 1.21875 -5.2029e-08
16.8861 1.21875 1.54919e-07
17.6715 1.21875 -1.54105e-07
18.4569 1.21875 -1.55067e-07
19.2423 1.21875 3.41481e-07
20.0277 1.21875 -6.69732e-08
20.8131 1.21875 -5.28177e-07
21.5984 1.21875 1.39193e-07
22.3838 1.21875 1.26162e-07
23.1692 1.21875 -2.4535e-07
23.9546 1.21875 1.4947e-07
24.74 1.21875 5.12056e-07

0.392699 1.28125 1.37774e-07
1.1781 1.28125 -4.00493e-07
1.9635 1.28125 2.5401e-07
2.74889 1.28125 8.91648e-08
3.53429 1.28125 -1.98647e-07
4.31969 1.28125 3.17577e-07
5.10509 1.28125 -9.02914e-09
5.89049 1.28125 -1.15162e-07
6.67588 1.28125 9.65287e-08
7.46128 1.28125 -1.47224e-07
8.24668 1.28125 -3.93596e-07
9.03208 1.28125 -1.5415e-07
9.81748 1.28125 5.6062e-07
10.6029 1.28125 -9.95239e-08
11.3883 1.28125 -2.85883e-07
12.1737 1.28125 1.91244e-07
12.9591 1.28125 3.46368e-08
13.7445 1.28125 -2.41703e-09
14.5299 1.28125 -2.09629e-07
15.3153 1.28125 -6.93246e-08
16.1007 1.28125 1.18022e-08
16.8861 1.28125 1.74385e-07
17.6715 1.28125 -1.11982e-07
18.4569 1.28125 -1.44952e-07
19.2423 1.28125 3.52549e-07
20.0277 1.28125 -4.3537e-08
20.8131 1.28125 -5.47786e-07
21.5984 1.28125 1.02912e-07
22.3838 1.28125 5.68734e-08
23.1692 1.28125 -2.25258e-07
23.9546 1.28125 2.49413e-07
24.74 1.28125 5.37956e-07

0.392699 1.34375 9.98365e-09
1.1781 1.34375 -3.21768e-07
1.9635 1.34375 3.1256e-07
2.74889 1.34375 -2.1559e-08
3.53429 1.34375 -2.07906e-07
4.31969 1.34375 4.54172e-07
5.10509 1.34375 -6.74332e-08
5.89049 1.34375 -2.29531e-07
6.67588 1.34375 2.21514e-07
7.46128 1.34375 -1.06719e-07
8.24668 1.34375 -4.66734e-07
9.03208 1.34375 -1.70423e-07
9.81748 1.34375 5.99397e-07
10.6029 1.34375 -1.12109e-07
11.3883 1.34375 -2.56049e-07
12.1737 1.34375 1.81197e-07
12.9591 1.34375 2.77144e-08
13.7445 1.34375 2.13679e-08
14.5299 1.34375 -2.84345e-07
15.3153 1.34375 -1.12431e-07
16.1007 1.34375 7.66855e-08
16.8861 1.34375 2.2537e-07
17.6715 1.34375 -4.84973e-08
18.4569 1.34375 -1.92004e-07
19.2423 1.34375 3.38176e-07
20.0277 1.34375 1.75303e-08
20.8131 1.34375 -5.42857e-07
21.5984 1.34375 4.89386e-08
22.3838 1.34375 2.35436e-08
23.1692 1.34375 -1.77542e-07
23.9546 1.34375 2.63376e-07
24.74 1.34375 5.05516e-07

0.392699 1.40625 -9.36784e-08
1.1781 1.40625 -1.93468e-07
1.9635 1.40625 3.7485e-07
2.74889 1.40625 -1.1313e-07
3.53429 1.40625 -2.32746e-07
4.31969 1.40625 5.13554e-07
5.10509 1.40625 -1.05234e-07
5.89049 1.40625 -3.032e-07
6.67588 1.40625 3.07372e-07
7.46128 1.40625 -6.64052e-08
8.24668 1.40625 -5.00318e-07
9.03208 1.40625 -1.89076e-07
9.81748 1.40625 5.98459e-07
10.6029 1.40625 -8.0571e-08
11.3883 1.40625 -1.97858e-07
12.1737 1.40625 1.28787e-07
12.9591 1.40625 2.21392e-08
13.7445 1.40625 4.03091e-08
14.5299 1.40625 -3.43763e-07
15.3153 1.40625 -1.33297e-07
16.1007 1.40625 1.33976e-07
16.8861 1.40625 2.98333e-07
17.6715 1.40625 3.17657e-08
18.4569 1.40625 -2.87953e-07
19.2423 1.40625 2.83857e-07
20.0277 1.40625 9.68052e-08
20.8131 1.40625 -5.02649e-07
21.5984 1.40625 -2.25135e-08
22.3838 1.40625 2.8544e-08
23.1692 1.40625 -1.05713e-07
23.9546 1.40625 1.95174e-07
24.74 1.40625 4.25461e-07

0.392699 1.46875 -1.60157e-07
1.1781 1.46875 -4.63435e-08
1.9635 1.46875 4.25402e-07
2.74889 1.46875 -1.78053e-07
3.53429 1.46875 -2.70372e-07
4.31969 1.46875 4.8721e-07
5.10509 1.46875 -1.2099e-07
5.89049 1.46875 -3.08353e-07
6.67588 1.46875 3.3775e-07
7.46128 1.46875 -4.55918e-08
8.24668 1.46875 -4.70074e-07
9.03208 1.46875 -1.99913e-07
9.81748 1.46875 5.49049e-07
10.6029 1.46875 -1.87048e-08
11.3883 1.46875 -1.28328e-07
12.1737 1.46875 6.44524e-08
12.9591 1.46875 1.45066e-08
13.7445 1.46875 5.38066e-08
14.5299 1.46875 -3.77538e-07
15.3153 1.46875 -1.35912e-07
16.1007 1.46875 1.73878e-07
16.8861 1.46875 3.64463e-07
17.6715 1.46875 1.17158e-07
18.4569 1.46875 -4.00899e-07
19.2423 1.46875 1.90494e-07
20.0277 1.46875 1.80954e-07
20.8131 1.46875 -4.27253e-07
21.5984 1.46875 -1.06123e-07
22.3838 1.46875 6.46495e-08
23.1692 1.46875 -3.00509e-08
23.9546 1.46875 8.1768e-08
24.74 1.46875 3.24273e-07

0.392699 1.53125 -1.87206e-07
1.1781 1.53125 8.16168e-08
1.9635 1.53125 4.48149e-07
2.74889 1.53125 -2.11328e-07
3.53429 1.53125 -3.08131e-07
4.31969 1.53125 3.93336e-07
5.10509 1.53125 -1.19833e-07
5.89049 1.53125 -2.41401e-07
6.67588 1.53125 3.15689e-07
7.46128 1.53125 -4.54286e-08
8.24668 1.53125 -3.86456e-07
9.03208 1.53125 -2.01839e-07
9.81748 1.53125 4.64414e-07
10.6029 1.53125 4.75996e-08
11.3883 1.53125 -6.76282e-08
12.1737 1.53125 1.93631e-08
12.9591 1.53125 7.17994e-09
13.7445 1.53125 5.48237e-08
14.5299 1.53125 -3.83476e-07
15.3153 1.53125 -1.2707e-07
16.1007 1.53125 1.87635e-07
16.8861 1.53125 4.00046e-07
17.6715 1.53125 1.91354e-07
18.4569 1.53125 -4.96742e-07
19.2423 1.53125 7.97352e-08
20.0277 1.53125 2.66138e-07
20.8131 1.53125 -3.32094e-07
21.5984 1.53125 -1.92443e-07
22.3838 1.53125 1.15775e-07
23.1692 1.53125 2.84663e-08
23.9546 1.53125 -2.56871e-08
24.74 1.53125 2.26886e-07

0.392699 1.59375 -1.81331e-07
1.1781 1.59375 1.64251e-07
1.9635 1.59375 4.33901e-07
2.74889 1.59375 -2.12213e-07
3.53429 1.59375 -3.32455e-07
4.31969 1.59375 2.70053e-07
5.10509 1.59375 -1.03449e-07
5.89049 1.59375 -1.28943e-07
6.67588 1.59375 2.54901e-07
7.46128 1.59375 -5.21425e-08
8.24668 1.59375 -2.86057e-07
9.03208 1.59375 -1.98496e-07
9.81748 1.59375 3.70945e-07
10.6029 1.59375 9.08072e-08
11.3883 1.59375 -2.39815e-08
12.1737 1.59375 7.25998e-09
12.9591 1.59375 9.95516e-10
13.7445 1.59375 3.65234e-08
14.5299 1.59375 -3.64504e-07
15.3153 1.59375 -1.08175e-07
16.1007 1.59375 1.74121e-07
16.8861 1.59375 3.98026e-07
17.6715 1.59375 2.36939e-07
18.4569 1.59375 -5.54397e-07
19.2423 1.59375 -1.63433e-08
20.0277 1.59375 3.4588e-07
20.8131 1.59375 -2.36782e-07
21.5984 1.59375 -2.62437e-07
22.3838 1.59375 1.58928e-07
23.1692 1.59375 5.59217e-08
23.9546 1.59375 -8.72874e-08
24.74 1.59375 1.46823e-07

0.392699 1.65625 -1.54945e-07
1.1781 1.65625 1.96491e-07
1.9635 1.65625 3.82951e-07
2.74889 1.65625 -1.88722e-07
3.53429 1.65625 -3.29396e-07
4.31969 1.65625 1.57299e-07
5.10509 1.65625 -7.43813e-08
5.89049 1.65625 -1.60238e-08
6.67588 1.65625 1.73765e-07
7.46128 1.65625 -5.08194e-08
8.24668 1.65625 -2.03893e-07
9.03208 1.65625 -1.901e-07
9.81748 1.65625 2.91224e-07
10.6029 1.65625 9.80164e-08
11.3883 1.65625 5.79619e-09
12.1737 1.65625 1.91787e-08
12.9591 1.65625 -6.31147e-09
13.7445 1.65625 1.8839e-09
14.5299 1.65625 -3.20571e-07
15.3153 1.65625 -7.62283e-08
16.1007 1.65625 1.41825e-07
16.8861 1.65625 3.59026e-07
17.6715 1.65625 2.38329e-07
18.4569 1.65625 -5.58576e-07
19.2423 1.65625 -7.17701e-08
20.0277 1.65625 3.97462e-07
20.8131 1.65625 -1.53463e-07
21.5984 1.65625 -2.90489e-07
22.3838 1.65625 1.71917e-07
23.1692 1.65625 4.89958e-08
23.9546 1.65625 -9.34022e-08
24.74 1.65625 8.88263e-08

0.392699 1.71875 -1.2194e-07
1.1781 1.71875 1.89529e-07
1.9635 1.71875 3.04415e-07
2.74889 1.71875 -1.56499e-07
3.53429 1.71875 -2.88346e-07
4.31969 1.71875 7.95898e-08
5.10509 1.71875 -4.15636e-08
5.89049 1.71875 5.79654e-08
6.67588 1.71875 9.33109e-08
7.46128 1.71875 -3.67021e-08
8.24668 1.71875 -1.50474e-07
9.03208 1.71875 -1.70746e-07
9.81748 1.71875 2.30901e-07
10.6029 1.71875 7.53192e-08
11.3883 1.71875 2.54503e-08
12.1737 1.71875 3.87417e-08
12.9591 1.71875 -1.59485e-08
13.7445 1.71875 -3.73805e-08
14.5299 1.71875 -2.49671e-07
15.3153 1.71875 -3.59067e-08
16.1007 1.71875 9.9085e-08
16.8861 1.71875 2.89664e-07
17.6715 1.71875 1.94886e-07
18.4569 1.71875 -5.00066e-07
19.2423 1.71875 -8.07115e-08
20.0277 1.71875 3.94859e-07
20.8131 1.71875 -8.55257e-08
21.5984 1.71875 -2.65228e-07
22.3838 1.71875 1.47075e-07
23.1692 1.71875 1.99844e-08
23.9546 1.71875 -6.36218e-08
24.74 1.71875 5.22108e-08

0.392699 1.78125 -8.78526e-08
1.1781 1.78125 1.5755e-07
1.9635 1.78125 2.0836e-07
2.74889 1.78125 -1.25605e-07
3.53429 1.78125 -2.10658e-07
4.31969 1.78125 3.96267e-08
5.10509 1.78125 -1.57119e-08
5.89049 1.78125 7.83223e-08
6.67588 1.78125 3.28779e-08
7.46128 1.78125 -1.81179e-08
8.24668 1.78125 -1.12657e-07
9.03208 1.78125 -1.30565e-07
9.81748 1.78125 1.77431e-07
10.6029 1.78125 3.8651e-08
11.3883 1.78125 3.41075e-08
12.1737 1.78125 4.98524e-08
12.9591 1.78125 -2.55547e-08
13.7445 1.78125 -6.16641e-08
14.5299 1.78125 -1.59459e-07
15.3153 1.78125 -3.16254e-09
16.1007 1.78125 5.55894e-08
16.8861 1.78125 2.0339e-07
17.6715 1.78125 1.21926e-07
18.4569 1.78125 -3.8303e-07
19.2423 1.78125 -5.23802e-08
20.0277 1.78125 3.28031e-07
20.8131 1.78125 -4.08869e-08
21.5984 1.78125 -1.98472e-07
22.3838 1.78125 9.8759e-08
23.1692 1.78125 -9.13689e-09
23.9546 1.78125 -2.61833e-08
24.74 1.78125 3.05009e-08

0.392699 1.84375 -5.33451e-08
1.1781 1.84375 1.10901e-07
1.9635 1.84375 1.10969e-07
2.74889 1.84375 -9.36279e-08
3.53429 1.84375 -1.17027e-07
4.31969 1.84375 2.31353e-08
5.10509 1.84375 -1.1277e-09
5.89049 1.84375 5.80426e-08
6.67588 1.84375 1.35098e-09
7.46128 1.84375 -5.99056e-09
8.24668 1.84375 -7.57453e-08
9.03208 1.84375 -7.29516e-08
9.81748 1.84375 1.17513e-07
10.6029 1.84375 6.915e-09
11.3883 1.84375 3.02859e-08
12.1737 1.84375 4.30782e-08
12.9591 1.84375 -2.84035e-08
13.7445 1.84375 -5.7548e-08
14.5299 1.84375 -7.3874e-08
15.3153 1.84375 9.64467e-09
16.1007 1.84375 2.25438e-08
16.8861 1.84375 1.18179e-07
17.6715 1.84375 4.82995e-08
18.4569 1.84375 -2.34869e-07
19.2423 1.84375 -8.97236e-09
20.0277 1.84375 2.14978e-07
20.8131 1.84375 -2.50876e-08
21.5984 1.84375 -1.17562e-07
22.3838 1.84375 5.2274e-08
23.1692 1.84375 -2.09005e-08
23.9546 1.84375 -1.08827e-09
24.74 1.84375 1.63897e-08

0.392699 1.90625 -1.96772e-08
1.1781 1.90625 5.59782e-08
1.9635 1.90625 3.16398e-08
2.74889 1.90625 -5.05757e-08
3.53429 1.90625 -3.69897e-08
4.31969 1.90625 1.23426e-08
5.10509 1.90625 2.98436e-09
5.89049 1.90625 2.34537e-08
6.67588 1.90625 -5.58017e-09
7.46128 1.90625 -1.82297e-09
8.24668 1.90625 -3.62116e-08
9.03208 1.90625 -2.03822e-08
9.81748 1.90625 5.18818e-08
10.6029 1.90625 -6.04797e-09
11.3883 1.90625 1.77518e-08
12.1737 1.90625 2.02604e-08
12.9591 1.90625 -1.92294e-08
13.7445 1.90625 -2.91947e-08
14.5299 1.90625 -1.8687e-08
15.3153 1.90625 5.41952e-09
16.1007 1.90625 6.82452e-09
16.8861 1.90625 4.75126e-08
17.6715 1.90625 1.3297e-09
18.4569 1.90625 -9.35619e-08
19.2423 1.90625 1.94222e-08
20.0277 1.90625 8.96372e-08
20.8131 1.90625 -2.29067e-08
21.5984 1.90625 -4.51364e-08
22.3838 1.90625 2.05722e-08
23.1692 1.90625 -1.4087e-08
23.9546 1.90625 6.29882e-09
24.74 1.90625 5.43256e-09

0.392699 1.96875 -1.20644e-10
1.1781 1.96875 6.33993e-09
1.9635 1.96875 -3.00803e-09
2.74889 1.96875 -5.60505e-09
3.53429 1.96875 1.68504e-09
4.31969 1.96875 7.33987e-10
5.10509 1.96875 8.88774e-10
5.89049 1.96875 4.52088e-10
6.67588 1.96875 -3.69162e-10
7.46128 1.96875 -1.77401e-10
8.24668 1.96875 -4.10545e-09
9.03208 1.96875 1.26902e-09
9.81748 1.96875 3.05391e-09
10.6029 1.96875 -1.49709e-09
11.3883 1.96875 1.66608e-09
12.1737 1.96875 1.67407e-09
12.9591 1.96875 -1.10675e-09
13.7445 1.96875 -3.21768e-09
14.5299 1.96875 -1.7183e-10
15.3153 1.96875 -3.88768e-10
16.1007 1.96875 7.97657e-10
16.8861 1.96875 3.42827e-09
17.6715 1.96875 -4.13749e-09
18.4569 1.96875 -3.84789e-09
19.2423 1.96875 8.36727e-09
20.0277 1.96875 2.94664e-09
20.8131 1.96875 -7.32811e-09
21.5984 1.96875 -1.11517e-09
22.3838 1.96875 2.46139e-09
23.1692 1.96875 -2.01857e-09
23.9546 1.96875 1.39746e-09
24.74 1.96875 9.84137e-10

