0.392699 0.03125 -1.00623e-09
1.1781 0.03125 -9.94822e-10
1.9635 0.03125 1.18074e-09
2.74889 0.03125 -9.02273e-10
3.53429 0.03125 4.1942e-10
4.31969 0.03125 2.70207e-10
5.10509 0.03125 -9.40905e-10
5.89049 0.03125 1.79409e-10
6.67588 0.03125 8.58251e-10
7.46128 0.03125 7.15899e-10
8.24668 0.03125 -8.20385e-10
9.03208 0.03125 1.12432e-09
9.81748 0.03125 1.22655e-09
10.6029 0.03125 2.0759e-10
11.3883 0.03125 8.65709e-10
12.1737 0.03125 -2.51941e-09
12.9591 0.03125 -1.90878e-09
13.7445 0.03125 2.78458e-10
14.5299 0.03125 2.42587e-10
15.3153 0.03125 1.05292e-10
16.1007 0.03125 3.2297e-10
16.8861 0.03125 1.3824e-11
17.6715 0.03125 1.3966e-09
18.4569 0.03125 1.33916e-09
19.2423 0.03125 -1.80581e-09
20.0277 0.03125 -1.38509e-09
20.8131 0.03125 -5.54076e-10
21.5984 0.03125 1.73713e-09
22.3838 0.03125 2.78334e-10
23.1692 0.03125 -4.90207e-10
23.9546 0.03125 1.14985e-10
24.74 0.03125 4.0104e-10

0.392699 0.09375 -9.80634e-09
1.1781 0.09375 1.25629e-08
1.9635 0.09375 3.52348e-08
2.74889 0.09375 -1.71492e-08
3.53429 0.09375 2.21202e-08
4.31969 0.09375 -3.21975e-09
5.10509 0.09375 -2.42843e-08
5.89049 0.09375 2.09765e-08
6.67588 0.09375 -1.13748e-08
7.46128 0.09375 -2.7233e-09
8.24668 0.09375 -1.13197e-08
9.03208 0.09375 2.72523e-08
9.81748 0.09375 1.87754e-08
10.6029 0.09375 -1.70905e-08
11.3883 0.09375 -8.25267e-09
12.1737 0.09375 -4.51642e-08
12.9591 0.09375 7.27629e-09
13.7445 0.09375 2.38648e-08
14.5299 0.09375 -4.54012e-09
15.3153 0.09375 3.66849e-09
16.1007 0.09375 1.84308e-08
16.8861 0.09375 3.5213e-09
17.6715 0.09375 6.91542e-09
18.4569 0.09375 4.43527e-09
19.2423 0.09375 -1.6849e-08
20.0277 0.09375 -2.05438e-09
20.8131 0.09375 -2.58263e-08
21.5984 0.09375 5.30053e-08
22.3838 0.09375 1.58062e-08
23.1692 0.09375 -6.44572e-08
23.9546 0.09375 -1.39536e-08
24.74 0.09375 2.65737e-09

0.392699 0.15625 -3.71838e-08
1.1781 0.15625 1.7992e-08
1.9635 0.15625 1.0988e-07
2.74889 0.15625 -2.55093e-08
3.53429 0.15625 4.94684e-08
4.31969 0.15625 7.83626e-09
5.10509 0.15625 -6.9993e-08
5.89049 0.15625 5.44818e-08
6.67588 0.15625 -2.02283e-08
7.46128 0.15625 -1.03205e-08
8.24668 0.15625 -4.03506e-08
9.03208 0.15625 5.06176e-08
9.81748 0.15625 5.76721e-08
10.6029 0.15625 -3.34517e-08
11.3883 0.15625 -1.58241e-08
12.1737 0.15625 -1.18796e-07
12.9591 0.15625 -1.4551e-09
13.7445 0.15625 6.19033e-08
14.5299 0.15625 5.45841e-09
15.3153 0.15625 5.41831e-09
16.1007 0.15625 4.74768e-08
16.8861 0.15625 1.54509e-08
17.6715 0.15625 1.06865e-08
18.4569 0.15625 1.11184e-08
19.2423 0.15625 -4.77529e-08
20.0277 0.15625 1.64311e-08
20.8131 0.15625 -7.5138e-08
21.5984 0.15625 9.80853e-08
22.3838 0.15625 8.47722e-08
23.1692 0.15625 -1.45064e-07
23.9546 0.15625 -6.16788e-08
24.74 0.15625 -6.69351e-09

0.392699 0.21875 -8.99515e-08
1.1781 0.21875 -2.74351e-09
1.9635 0.21875 2.05255e-07
2.74889 0.21875 -3.1029e-09
3.53429 0.21875 7.90774e-08
4.31969 0.21875 3.46721e-08
5.10509 0.21875 -1.27643e-07
5.89049 0.21875 8.91877e-08
6.67588 0.21875 -1.61722e-08
7.46128 0.21875 -1.40975e-08
8.24668 0.21875 -7.81648e-08
9.03208 0.21875 5.75805e-08
9.81748 0.21875 9.69321e-08
10.6029 0.21875 -4.44505e-08
11.3883 0.21875 -1.53054e-08
12.1737 0.21875 -2.03841e-07
12.9591 0.21875 -2.80297e-08
13.7445 0.21875 9.16548e-08
14.5299 0.21875 3.08954e-08
15.3153 0.21875 1.45812e-08
16.1007 0.21875 8.09061e-08
16.8861 0.21875 3.52997e-08
17.6715 0.21875 1.24671e-08
18.4569 0.21875 2.18897e-08
19.2423 0.21875 -1.05908e-07
20.0277 0.21875 5.09455e-08
20.8131 0.21875 -1.07084e-07
21.5984 0.21875 1.0393e-07
22.3838 0.21875 1.76517e-07
23.1692 0.21875 -2.02647e-07
23.9546 0.21875 -1.21106e-07
24.74 0.21875 -3.0816e-08

0.392699 0.28125 -1.63219e-07
1.1781 0.28125 -4.85106e-08
1.9635 0.28125 2.93448e-07
2.74889 0.28125 4.89069e-08
3.53429 0.28125 1.14957e-07
4.31969 0.28125 7.3447e-08
5.10509 0.28125 -1.83454e-07
5.89049 0.28125 1.13332e-07
6.67588 0.28125 -1.16879e-09
7.46128 0.28125 -6.9758e-09
8.24668 0.28125 -1.09891e-07
9.03208 0.28125 5.50159e-08
9.81748 0.28125 1.18106e-07
10.6029 0.28125 -5.99781e-08
11.3883 0.28125 -1.06581e-08
12.1737 0.28125 -2.84946e-07
12.9591 0.28125 -5.52731e-08
13.7445 0.28125 1.08305e-07
14.5299 0.28125 5.54277e-08
15.3153 0.28125 3.42619e-08
16.1007 0.28125 1.16133e-07
16.8861 0.28125 5.65541e-08
17.6715 0.28125 1.64226e-08
18.4569 0.28125 3.69332e-08
19.2423 0.28125 -1.90886e-07
20.0277 0.28125 8.07586e-08
20.8131 0.28125 -9.3374e-08
21.5984 0.28125 8.16899e-08
22.3838 0.28125 2.4735e-07
23.1692 0.28125 -2.32206e-07
23.9546 0.28125 -1.64348e-07
24.74 0.28125 -6.06796e-08

0.392699 0.34375 -2.41653e-07
1.1781 0.34375 -1.07591e-07
1.9635 0.34375 3.57185e-07
2.74889 0.34375 1.14653e-07
3.53429 0.34375 1.55751e-07
4.31969 0.34375 1.22955e-07
5.10509 0.34375 -2.24847e-07
5.89049 0.34375 1.15871e-07
6.67588 0.34375 1.60974e-08
7.46128 0.34375 1.636e-08
8.24668 0.34375 -1.24962e-07
9.03208 0.34375 4.94535e-08
9.81748 0.34375 1.16907e-07
10.6029 0.34375 -8.77556e-08
11.3883 0.34375 -1.04638e-08
12.1737 0.34375 -3.50118e-07
12.9591 0.34375 -7.2308e-08
13.7445 0.34375 1.24161e-07
14.5299 0.34375 6.74554e-08
15.3153 0.34375 5.60735e-08
16.1007 0.34375 1.49041e-07
16.8861 0.34375 7.01347e-08
17.6715 0.34375 2.81285e-08
18.4569 0.34375 5.26879e-08
19.2423 0.34375 -2.88724e-07
20.0277 0.34375 9.60909e-08
20.8131 0.34375 -3.61129e-08
21.5984 0.34375 4.74231e-08
22.3838 0.34375 2.76742e-07
23.1692 0.34375 -2.35419e-07
23.9546 0.34375 -1.81212e-07
24.74 0.34375 -9.13326e-08

0.392699 0.40625 -3.06974e-07
1.1781 0.40625 -1.63525e-07
1.9635 0.40625 3.89853e-07
2.74889 0.40625 1.7698e-07
3.53429 0.40625 1.96438e-07
4.31969 0.40625 1.82093e-07
5.10509 0.40625 -2.45767e-07
5.89049 0.40625 8.99318e-08
6.67588 0.40625 2.69012e-08
7.46128 0.40625 5.7074e-08
8.24668 0.40625 -1.17324e-07
9.03208 0.40625 3.76735e-08
9.81748 0.40625 9.71028e-08
10.6029 0.40625 -1.25873e-07
11.3883 0.40625 -2.28412e-08
12.1737 0.40625 -3.86552e-07
12.9591 0.40625 -7.79239e-08
13.7445 0.40625 1.524e-07
14.5299 0.40625 6.99043e-08
15.3153 0.40625 6.82559e-08
16.1007 0.40625 1.72289e-07
16.8861 0.40625 6.71521e-08
17.6715 0.40625 4.93288e-08
18.4569 0.40625 6.30884e-08
19.2423 0.40625 -3.79193e-07
20.0277 0.40625 1.03434e-07
20.8131 0.40625 4.24452e-08
21.5984 0.40625 8.8683e-09
22.3838 0.40625 2.65239e-07
23.1692 0.40625 -2.11259e-07
23.9546 0.40625 -1.74142e-07
24.74 0.40625 -1.27923e-07

0.392699 0.46875 -3.44491e-07
1.1781 0.46875 -2.00356e-07
1.9635 0.46875 3.91933e-07
2.74889 0.46875 2.27349e-07
3.53429 0.46875 2.33075e-07
4.31969 0.46875 2.45704e-07
5.10509 0.46875 -2.48935e-07
5.89049 0.46875 3.62192e-08
6.67588 0.46875 2.85991e-08
7.46128 0.46875 1.05451e-07
8.24668 0.46875 -8.53222e-08
9.03208 0.46875 1.37482e-08
9.81748 0.46875 6.15126e-08
10.6029 0.46875 -1.64946e-07
11.3883 0.46875 -5.18184e-08
12.1737 0.46875 -3.82325e-07
12.9591 0.46875 -7.31954e-08
13.7445 0.46875 1.94501e-07
14.5299 0.46875 7.59764e-08
15.3153 0.46875 6.72028e-08
16.1007 0.46875 1.76806e-07
16.8861 0.46875 4.13951e-08
17.6715 0.46875 7.63517e-08
18.4569 0.46875 6.08831e-08
19.2423 0.46875 -4.4608e-07
20.0277 0.46875 1.18668e-07
20.8131 0.46875 1.15647e-07
21.5984 0.46875 -3.58765e-08
22.3838 0.46875 2.29648e-07
23.1692 0.46875 -1.588e-07
23.9546 0.46875 -1.5509e-07
24.74 0.46875 -1.78142e-07

0.392699 0.53125 -3.46557e-07
1.1781 0.53125 -2.08073e-07
1.9635 0.53125 3.67979e-07
2.74889 0.53125 2.66377e-07
3.53429 0.53125 2.66544e-07
4.31969 0.53125 3.02122e-07
5.10509 0.53125 -2.42251e-07
5.89049 0.53125 -3.463e-08
6.67588 0.53125 2.62693e-08
7.46128 0.53125 1.39978e-07
8.24668 0.53125 -3.46213e-08
9.03208 0.53125 -1.63672e-08
9.81748 0.53125 9.53983e-09
10.6029 0.53125 -1.96224e-07
11.3883 0.53125 -9.40477e-08
12.1737 0.53125 -3.33565e-07
12.9591 0.53125 -5.73733e-08
13.7445 0.53125 2.39136e-07
14.5299 0.53125 9.63259e-08
15.3153 0.53125 6.11494e-08
16.1007 0.53125 1.57703e-07
16.8861 0.53125 -8.04619e-09
17.6715 0.53125 1.03075e-07
18.4569 0.53125 3.87831e-08
19.2423 0.53125 -4.8321e-07
20.0277 0.53125 1.53068e-07
20.8131 0.53125 1.63768e-07
21.5984 0.53125 -8.90055e-08
22.3838 0.53125 1.9396e-07
23.1692 0.53125 -8.13251e-08
23.9546 0.53125 -1.4223e-07
24.74 0.53125 -2.43264e-07

0.392699 0.59375 -3.1376e-07
1.1781 0.59375 -1.89229e-07
1.9635 0.59375 3.25752e-07
2.74889 0.59375 3.00534e-07
3.53429 0.59375 3.0074e-07
4.31969 0.59375 3.364e-07
5.10509 0.59375 -2.33896e-07
5.89049 0.59375 -1.0432e-07
6.67588 0.59375 2.98136e-08
7.46128 0.59375 1.37698e-07
8.24668 0.59375 2.02109e-08
9.03208 0.59375 -3.43641e-08
9.81748 0.59375 -5.89634e-08
10.6029 0.59375 -2.16377e-07
11.3883 0.59375 -1.37011e-07
12.1737 0.59375 -2.4758e-07
12.9591 0.59375 -3.12708e-08
13.7445 0.59375 2.69527e-07
14.5299 0.59375 1.29574e-07
15.3153 0.59375 6.28279e-08
16.1007 0.59375 1.19394e-07
16.8861 0.59375 -7.49778e-08
17.6715 0.59375 1.24621e-07
18.4569 0.59375 -8.18034e-09
19.2423 0.59375 -4.93544e-07
20.0277 0.59375 2.06736e-07
20.8131 0.59375 1.80441e-07
21.5984 0.59375 -1.5067e-07
22.3838 0.59375 1.78404e-07
23.1692 0.59375 1.81316e-08
23.9546 0.59375 -1.54484e-07
24.74 0.59375 -3.16287e-07

0.392699 0.65625 -2.55558e-07
1.1781 0.65625 -1.58299e-07
1.9635 0.65625 2.73799e-07
2.74889 0.65625 3.35935e-07
3.53429 0.65625 3.39483e-07
4.31969 0.65625 3.35721e-07
5.10509 0.65625 -2.30307e-07
5.89049 0.65625 -1.51614e-07
6.67588 0.65625 4.69008e-08
7.46128 0.65625 8.96348e-08
8.24668 0.65625 6.14727e-08
9.03208 0.65625 -2.55436e-08
9.81748 0.65625 -1.3902e-07
10.6029 0.65625 -2.25154e-07
11.3883 0.65625 -1.62834e-07
12.1737 0.65625 -1.41251e-07
12.9591 0.65625 -1.25448e-11
13.7445 0.65625 2.73474e-07
14.5299 0.65625 1.61881e-07
15.3153 0.65625 7.80877e-08
16.1007 0.65625 7.54256e-08
16.8861 0.65625 -1.46192e-07
17.6715 0.65625 1.38063e-07
18.4569 0.65625 -7.82937e-08
19.2423 0.65625 -4.82999e-07
20.0277 0.65625 2.69958e-07
20.8131 0.65625 1.71164e-07
21.5984 0.65625 -2.16905e-07
22.3838 0.65625 1.87946e-07
23.1692 0.65625 1.36546e-07
23.9546 0.65625 -1.97593e-07
24.74 0.65625 -3.86274e-07

0.392699 0.71875 -1.85898e-07
1.1781 0.71875 -1.34069e-07
1.9635 0.71875 2.18273e-07
2.74889 0.71875 3.74796e-07
3.53429 0.71875 3.82454e-07
4.31969 0.71875 2.95297e-07
5.10509 0.71875 -2.36936e-07
5.89049 0.71875 -1.59973e-07
6.67588 0.71875 7.7002e-08
7.46128 0.71875 8.2209e-09
8.24668 0.71875 7.9371e-08
9.03208 0.71875 3.18832e-09
9.81748 0.71875 -2.20415e-07
10.6029 0.71875 -2.1858e-07
11.3883 0.71875 -1.56903e-07
12.1737 0.71875 -3.70316e-08
12.9591 0.71875 3.00784e-08
13.7445 0.71875 2.50288e-07
14.5299 0.71875 1.74943e-07
15.3153 0.71875 1.01452e-07
16.1007 0.71875 3.95209e-08
16.8861 0.71875 -2.04521e-07
17.6715 0.71875 1.43853e-07
18.4569 0.71875 -1.60928e-07
19.2423 0.71875 -4.58177e-07
20.0277 0.71875 3.31181e-07
20.8131 0.71875 1.4756e-07
21.5984 0.71875 -2.83459e-07
22.3838 0.71875 2.11843e-07
23.1692 0.71875 2.65626e-07
23.9546 0.71875 -2.56742e-07
24.74 0.71875 -4.41312e-07

0.392699 0.78125 -1.15005e-07
1.1781 0.78125 -1.24973e-07
1.9635 0.78125 1.60537e-07
2.74889 0.78125 4.12275e-07
3.53429 0.78125 4.2447e-07
4.31969 0.78125 2.21649e-07
5.10509 0.78125 -2.5696e-07
5.89049 0.78125 -1.25798e-07
6.67588 0.78125 1.09859e-07
7.46128 0.78125 -7.84029e-08
8.24668 0.78125 7.83367e-08
9.03208 0.78125 2.56356e-08
9.81748 0.78125 -2.92071e-07
10.6029 0.78125 -1.88225e-07
11.3883 0.78125 -1.14526e-07
12.1737 0.78125 4.06276e-08
12.9591 0.78125 5.44301e-08
13.7445 0.78125 2.11043e-07
14.5299 0.78125 1.57181e-07
15.3153 0.78125 1.2147e-07
16.1007 0.78125 1.63019e-08
16.8861 0.78125 -2.35037e-07
17.6715 0.78125 1.4609e-07
18.4569 0.78125 -2.38759e-07
19.2423 0.78125 -4.26217e-07
20.0277 0.78125 3.81257e-07
20.8131 0.78125 1.20188e-07
21.5984 0.78125 -3.4586e-07
22.3838 0.78125 2.31374e-07
23.1692 0.78125 3.86394e-07
23.9546 0.78125 -3.02381e-07
24.74 0.78125 -4.72076e-07

0.392699 0.84375 -4.34991e-08
1.1781 0.84375 -1.19076e-07
1.9635 0.84375 9.91089e-08
2.74889 0.84375 4.35676e-07
3.53429 0.84375 4.566e-07
4.31969 0.84375 1.32576e-07
5.10509 0.84375 -2.86669e-07
5.89049 0.84375 -6.20038e-08
6.67588 0.84375 1.30526e-07
7.46128 0.84375 -1.41644e-07
8.24668 0.84375 7.23395e-08
9.03208 0.84375 1.53247e-08
9.81748 0.84375 -3.45515e-07
10.6029 0.84375 -1.28209e-07
11.3883 0.84375 -4.29094e-08
12.1737 0.84375 7.3275e-08
12.9591 0.84375 6.91089e-08
13.7445 0.84375 1.70835e-07
14.5299 0.84375 1.10728e-07
15.3153 0.84375 1.29921e-07
16.1007 0.84375 -2.69846e-10
16.8861 0.84375 -2.31294e-07
17.6715 0.84375 1.50873e-07
18.4569 0.84375 -2.94077e-07
19.2423 0.84375 -3.94921e-07
20.0277 0.84375 4.13373e-07
20.8131 0.84375 9.52972e-08
21.5984 0.84375 -3.98943e-07
22.3838 0.84375 2.31215e-07
23.1692 0.84375 4.74487e-07
23.9546 0.84375 -3.09185e-07
24.74 0.84375 -4.77048e-07

0.392699 0.90625 3.60732e-08
1.1781 0.90625 -9.02461e-08
1.9635 0.90625 3.37076e-08
2.74889 0.90625 4.28977e-07
3.53429 0.90625 4.68521e-07
4.31969 0.90625 5.10561e-08
5.10509 0.90625 -3.12265e-07
5.89049 0.90625 8.22883e-09
6.67588 0.90625 1.28432e-07
7.46128 0.90625 -1.65946e-07
8.24668 0.90625 7.31936e-08
9.03208 0.90625 -3.68908e-08
9.81748 0.90625 -3.75455e-07
10.6029 0.90625 -4.26692e-08
11.3883 0.90625 4.03065e-08
12.1737 0.90625 5.82693e-08
12.9591 0.90625 7.0212e-08
13.7445 0.90625 1.38834e-07
14.5299 0.90625 4.93625e-08
15.3153 0.90625 1.27292e-07
16.1007 0.90625 -1.98574e-08
16.8861 0.90625 -1.98149e-07
17.6715 0.90625 1.62284e-07
18.4569 0.90625 -3.17352e-07
19.2423 0.90625 -3.68808e-07
20.0277 0.90625 4.23136e-07
20.8131 0.90625 7.41871e-08
21.5984 0.90625 -4.35684e-07
22.3838 0.90625 2.05757e-07
23.1692 0.90625 5.11084e-07
23.9546 0.90625 -2.72209e-07
24.74 0.90625 -4.63983e-07

0.392699 0.96875 1.3263e-07
1.1781 0.96875 -2.13284e-08
1.9635 0.96875 -3.19184e-08
2.74889 0.96875 3.85908e-07
3.53429 0.96875 4.50137e-07
4.31969 0.96875 -4.76455e-09
5.10509 0.96875 -3.15527e-07
5.89049 0.96875 6.34168e-08
6.67588 0.96875 1.06041e-07
7.46128 0.96875 -1.53386e-07
8.24668 0.96875 8.22465e-08
9.03208 0.96875 -1.21983e-07
9.81748 0.96875 -3.79113e-07
10.6029 0.96875 5.49371e-08
11.3883 0.96875 1.1065e-07
12.1737 0.96875 1.22299e-08
12.9591 0.96875 5.72678e-08
13.7445 0.96875 1.15266e-07
14.5299 0.96875 -9.00615e-09
15.3153 0.96875 1.20463e-07
16.1007 0.96875 -4.90578e-08
16.8861 0.96875 -1.50377e-07
17.6715 0.96875 1.80519e-07
18.4569 0.96875 -3.10922e-07
19.2423 0.96875 -3.46118e-07
20.0277 0.96875 4.12578e-07
20.8131 0.96875 5.44074e-08
21.5984 0.96875 -4.52115e-07
22.3838 0.96875 1.60421e-07
23.1692 0.96875 4.91315e-07
23.9546 0.96875 -2.09924e-07
24.74 0.96875 -4.41992e-07

0.392699 1.03125 2.49756e-07
1.1781 1.03125 7.66746e-08
1.9635 1.03125 -9.1268e-08
2.74889 1.03125 3.19426e-07
3.53429 1.03125 3.94298e-07
4.31969 1.03125 -3.0369e-08
5.10509 1.03125 -2.83017e-07
5.89049 1.03125 9.29066e-08
6.67588 1.03125 7.69467e-08
7.46128 1.03125 -1.18042e-07
8.24668 1.03125 9.24085e-08
9.03208 1.03125 -2.22236e-07
9.81748 1.03125 -3.57511e-07
10.6029 1.03125 1.49251e-07
11.3883 1.03125 1.45545e-07
12.1737 1.03125 -3.89909e-08
12.9591 1.03125 3.49985e-08
13.7445 1.03125 9.76824e-08
14.5299 1.03125 -4.84246e-08
15.3153 1.03125 1.13166e-07
16.1007 1.03125 -8.84336e-08
16.8861 1.03125 -1.04812e-07
17.6715 1.03125 2.00888e-07
18.4569 1.03125 -2.86776e-07
19.2423 1.03125 -3.19282e-07
20.0277 1.03125 3.93829e-07
20.8131 1.03125 3.12248e-08
21.5984 1.03125 -4.51584e-07
22.3838 1.03125 1.07798e-07
23.1692 1.03125 4.2406e-07
23.9546 1.03125 -1.52098e-07
24.74 1.03125 -4.11567e-07

0.392699 1.09375 3.80807e-07
1.1781 1.09375 1.66739e-07
1.9635 1.09375 -1.38075e-07
2.74889 1.09375 2.57604e-07
3.53429 1.09375 2.99835e-07
4.31969 1.09375 -3.54807e-08
5.10509 1.09375 -2.09508e-07
5.89049 1.09375 9.71523e-08
6.67588 1.09375 5.16987e-08
7.46128 1.09375 -7.47834e-08
8.24668 1.09375 9.91923e-08
9.03208 1.09375 -3.22618e-07
9.81748 1.09375 -3.17417e-07
10.6029 1.09375 2.30484e-07
11.3883 1.09375 1.353e-07
12.1737 1.09375 -7.45852e-08
12.9591 1.09375 9.83298e-09
13.7445 1.09375 8.70815e-08
14.5299 1.09375 -5.88975e-08
15.3153 1.09375 9.92298e-08
16.1007 1.09375 -1.3372e-07
16.8861 1.09375 -7.15441e-08
17.6715 1.09375 2.17804e-07
18.4569 1.09375 -2.58611e-07
19.2423 1.09375 -2.8361e-07
20.0277 1.09375 3.84072e-07
20.8131 1.09375 3.18192e-09
21.5984 1.09375 -4.42734e-07
22.3838 1.09375 6.22947e-08
23.1692 1.09375 3.26115e-07
23.9546 1.09375 -1.24405e-07
24.74 1.09375 -3.62434e-07

0.392699 1.15625 5.06492e-07
1.1781 1.15625 2.09047e-07
1.9635 1.15625 -1.67176e-07
2.74889 1.15625 2.26599e-07
3.53429 1.15625 1.74288e-07
4.31969 1.15625 -3.5666e-08
5.10509 1.15625 -9.67563e-08
5.89049 1.15625 8.14084e-08
6.67588 1.15625 2.59289e-08
7.46128 1.15625 -3.02695e-08
8.24668 1.15625 1.08297e-07
9.03208 1.15625 -4.15133e-07
9.81748 1.15625 -2.71032e-07
10.6029 1.15625 2.94795e-07
11.3883 1.15625 9.04972e-08
12.1737 1.15625 -8.7155e-08
12.9591 1.15625 -1.54863e-08
13.7445 1.15625 8.7053e-08
14.5299 1.15625 -3.99538e-08
15.3153 1.15625 6.78673e-08
16.1007 1.15625 -1.79056e-07
16.8861 1.15625 -5.21104e-08
17.6715 1.15625 2.31124e-07
18.4569 1.15625 -2.32733e-07
19.2423 1.15625 -2.44404e-07
20.0277 1.15625 3.92982e-07
20.8131 1.15625 -2.36796e-08
21.5984 1.15625 -4.31079e-07
22.3838 1.15625 3.20124e-08
23.1692 1.15625 2.16838e-07
23.9546 1.15625 -1.35815e-07
24.74 1.15625 -2.84355e-07

0.392699 1.21875 5.98819e-07
1.1781 1.21875 1.8463e-07
1.9635 1.21875 -1.7396e-07
2.74889 1.21875 2.37329e-07
3.53429 1.21875 3.42626e-08
4.31969 1.21875 -4.23247e-08
5.10509 1.21875 4.43785e-08
5.89049 1.21875 5.02222e-08
6.67588 1.21875 -1.31966e-08
7.46128 1.21875 1.67803e-08
8.24668 1.21875 1.30114e-07
9.03208 1.21875 -4.9684e-07
9.81748 1.21875 -2.31196e-07
10.6029 1.21875 3.39456e-07
11.3883 1.21875 3.75563e-08
12.1737 1.21875 -8.00548e-08
12.9591 1.21875 -4.20649e-08
13.7445 1.21875 9.87194e-08
14.5299 1.21875 -2.27904e-09
15.3153 1.21875 1.59014e-08
16.1007 1.21875 -2.20256e-07
16.8861 1.21875 -4.54241e-08
17.6715 1.21875 2.50382e-07
18.4569 1.21875 -2.02696e-07
19.2423 1.21875 -2.15738e-07
20.0277 1.21875 4.12181e-07
20.8131 1.21875 -3.74405e-08
21.5984 1.21875 -4.14709e-07
22.3838 1.21875 1.2507e-08
23.1692 1.21875 1.16456e-07
23.9546 1.21875 -1.75284e-07
24.74 1.21875 -1.80132e-07

0.392699 1.28125 6.31467e-07
1.1781 1.28125 1.03642e-07
1.9635 1.28125 -1.55375e-07
2.74889 1.28125 2.83451e-07
3.53429 1.28125 -9.72033e-08
4.31969 1.28125 -5.90011e-08
5.10509 1.28125 1.90143e-07
5.89049 1.28125 7.89284e-09
6.67588 1.28125 -6.93379e-08
7.46128 1.28125 6.67973e-08
8.24668 1.28125 1.66606e-07
9.03208 1.28125 -5.62009e-07
9.81748 1.28125 -2.05266e-07
10.6029 1.28125 3.58996e-07
11.3883 1.28125 4.95936e-09
12.1737 1.28125 -5.97012e-08
12.9591 1.28125 -7.18378e-08
13.7445 1.28125 1.17965e-07
14.5299 1.28125 3.74302e-08
15.3153 1.28125 -4.76208e-08
16.1007 1.28125 -2.54521e-07
16.8861 1.28125 -5.11139e-08
17.6715 1.28125 2.88731e-07
18.4569 1.28125 -1.56067e-07
19.2423 1.28125 -2.09617e-07
20.0277 1.28125 4.19067e-07
20.8131 1.28125 -2.92752e-08
21.5984 1.28125 -3.87901e-07
22.3838 1.28125 -1.03457e-08
23.1692 1.28125 4.38184e-08
23.9546 1.28125 -2.18598e-07
24.74 1.28125 -6.85024e-08

0.392699 1.34375 5.92476e-07
1.1781 1.34375 -6.31083e-09
1.9635 1.34375 -1.12064e-07
2.74889 1.34375 3.49969e-07
3.53429 1.34375 -1.97497e-07
4.31969 1.34375 -8.43227e-08
5.10509 1.34375 3.06684e-07
5.89049 1.34375 -3.93051e-08
6.67588 1.34375 -1.28447e-07
7.46128 1.34375 1.12511e-07
8.24668 1.34375 2.07187e-07
9.03208 1.34375 -5.98644e-07
9.81748 1.34375 -1.92698e-07
10.6029 1.34375 3.487e-07
11.3883 1.34375 7.5661e-09
12.1737 1.34375 -2.9695e-08
12.9591 1.34375 -1.0402e-07
13.7445 1.34375 1.37613e-07
14.5299 1.34375 6.51646e-08
15.3153 1.34375 -1.08497e-07
16.1007 1.34375 -2.78478e-07
16.8861 1.34375 -6.86452e-08
17.6715 1.34375 3.51908e-07
18.4569 1.34375 -8.49972e-08
19.2423 1.34375 -2.28793e-07
20.0277 1.34375 3.89939e-07
20.8131 1.34375 1.34131e-09
21.5984 1.34375 -3.47557e-07
22.3838 1.34375 -4.77067e-08
23.1692 1.34375 1.0591e-08
23.9546 1.34375 -2.43616e-07
24.74 1.34375 2.74581e-08

0.392699 1.40625 4.91618e-07
1.1781 1.40625 -1.14841e-07
1.9635 1.40625 -5.03381e-08
2.74889 1.40625 4.18679e-07
3.53429 1.40625 -2.53073e-07
4.31969 1.40625 -1.13956e-07
5.10509 1.40625 3.62938e-07
5.89049 1.40625 -8.37737e-08
6.67588 1.40625 -1.67153e-07
7.46128 1.40625 1.4192e-07
8.24668 1.40625 2.36312e-07
9.03208 1.40625 -5.92794e-07
9.81748 1.40625 -1.87903e-07
10.6029 1.40625 3.10597e-07
11.3883 1.40625 4.04937e-08
12.1737 1.40625 6.96337e-09
12.9591 1.40625 -1.33909e-07
13.7445 1.40625 1.52141e-07
14.5299 1.40625 7.55303e-08
15.3153 1.40625 -1.56497e-07
16.1007 1.40625 -2.87184e-07
16.8861 1.40625 -9.47986e-08
17.6715 1.40625 4.28667e-07
18.4569 1.40625 6.89819e-09
19.2423 1.40625 -2.65812e-07
20.0277 1.40625 3.14312e-07
20.8131 1.40625 4.84858e-08
21.5984 1.40625 -2.96077e-07
22.3838 1.40625 -9.80839e-08
23.1692 1.40625 1.54515e-08
23.9546 1.40625 -2.4105e-07
24.74 1.40625 9.2791e-08

0.392699 1.46875 3.57066e-07
1.1781 1.46875 -1.98719e-07
1.9635 1.46875 1.78212e-08
2.74889 1.46875 4.7185e-07
3.53429 1.46875 -2.64074e-07
4.31969 1.46875 -1.41099e-07
5.10509 1.46875 3.44884e-07
5.89049 1.46875 -1.18303e-07
6.67588 1.46875 -1.68311e-07
7.46128 1.46875 1.47671e-07
8.24668 1.46875 2.45045e-07
9.03208 1.46875 -5.4114e-07
9.81748 1.46875 -1.85227e-07
10.6029 1.46875 2.55716e-07
11.3883 1.46875 8.409e-08
12.1737 1.46875 4.43168e-08
12.9591 1.46875 -1.52811e-07
13.7445 1.46875 1.59656e-07
14.5299 1.46875 6.98578e-08
15.3153 1.46875 -1.87619e-07
16.1007 1.46875 -2.77511e-07
16.8861 1.46875 -1.24892e-07
17.6715 1.46875 4.96305e-07
18.4569 1.46875 1.06964e-07
19.2423 1.46875 -3.10323e-07
20.0277 1.46875 2.0065e-07
20.8131 1.46875 1.06469e-07
21.5984 1.46875 -2.39798e-07
22.3838 1.46875 -1.4853e-07
23.1692 1.46875 4.3459e-08
23.9546 1.46875 -2.15224e-07
24.74 1.46875 1.25913e-07

0.392699 1.53125 2.22624e-07
1.1781 1.53125 -2.43777e-07
1.9635 1.53125 7.71195e-08
2.74889 1.53125 4.94207e-07
3.53429 1.53125 -2.41495e-07
4.31969 1.53125 -1.58366e-07
5.10509 1.53125 2.63182e-07
5.89049 1.53125 -1.35559e-07
6.67588 1.53125 -1.32137e-07
7.46128 1.53125 1.32208e-07
8.24668 1.53125 2.34299e-07
9.03208 1.53125 -4.56886e-07
9.81748 1.53125 -1.80116e-07
10.6029 1.53125 1.97883e-07
11.3883 1.53125 1.17031e-07
12.1737 1.53125 7.37747e-08
12.9591 1.53125 -1.52584e-07
13.7445 1.53125 1.60609e-07
14.5299 1.53125 5.11212e-08
15.3153 1.53125 -2.0183e-07
16.1007 1.53125 -2.50505e-07
16.8861 1.53125 -1.52072e-07
17.6715 1.53125 5.32977e-07
18.4569 1.53125 1.96003e-07
19.2423 1.53125 -3.52142e-07
20.0277 1.53125 7.48799e-08
20.8131 1.53125 1.68737e-07
21.5984 1.53125 -1.85554e-07
22.3838 1.53125 -1.82589e-07
23.1692 1.53125 7.26024e-08
23.9546 1.53125 -1.76437e-07
24.74 1.53125 1.33825e-07

0.392699 1.59375 1.13716e-07
1.1781 1.59375 -2.47701e-07
1.9635 1.59375 1.15871e-07
2.74889 1.59375 4.7836e-07
3.53429 1.59375 -2.01189e-07
4.31969 1.59375 -1.61932e-07
5.10509 1.59375 1.49119e-07
5.89049 1.59375 -1.2956e-07
6.67588 1.59375 -7.56523e-08
7.46128 1.59375 1.0528e-07
8.24668 1.59375 2.10999e-07
9.03208 1.59375 -3.64707e-07
9.81748 1.59375 -1.68646e-07
10.6029 1.59375 1.4732e-07
11.3883 1.59375 1.26652e-07
12.1737 1.59375 8.90493e-08
12.9591 1.59375 -1.29919e-07
13.7445 1.59375 1.54789e-07
14.5299 1.59375 2.13314e-08
15.3153 1.59375 -1.99582e-07
16.1007 1.59375 -2.10887e-07
16.8861 1.59375 -1.67952e-07
17.6715 1.59375 5.28931e-07
18.4569 1.59375 2.53819e-07
19.2423 1.59375 -3.82663e-07
20.0277 1.59375 -3.16452e-08
20.8131 1.59375 2.24867e-07
21.5984 1.59375 -1.37403e-07
22.3838 1.59375 -1.88178e-07
23.1692 1.59375 8.48681e-08
23.9546 1.59375 -1.35898e-07
24.74 1.59375 1.26391e-07

0.392699 1.65625 4.01318e-08
1.1781 1.65625 -2.17393e-07
1.9635 1.65625 1.31237e-07
2.74889 1.65625 4.23635e-07
3.53429 1.65625 -1.58287e-07
4.31969 1.65625 -1.51098e-07
5.10509 1.65625 4.1922e-08
5.89049 1.65625 -1.00722e-07
6.67588 1.65625 -2.22795e-08
7.46128 1.65625 7.70611e-08
8.24668 1.65625 1.80118e-07
9.03208 1.65625 -2.84796e-07
9.81748 1.65625 -1.46712e-07
10.6029 1.65625 1.07804e-07
11.3883 1.65625 1.1303e-07
12.1737 1.65625 8.89157e-08
12.9591 1.65625 -8.9899e-08
13.7445 1.65625 1.3934e-07
14.5299 1.65625 -1.49458e-08
15.3153 1.65625 -1.80393e-07
16.1007 1.65625 -1.63822e-07
16.8861 1.65625 -1.62887e-07
17.6715 1.65625 4.83489e-07
18.4569 1.65625 2.62994e-07
19.2423 1.65625 -3.89554e-07
20.0277 1.65625 -9.37818e-08
20.8131 1.65625 2.58138e-07
21.5984 1.65625 -9.6644e-08
22.3838 1.65625 -1.63014e-07
23.1692 1.65625 7.47837e-08
23.9546 1.65625 -1.0163e-07
24.74 1.65625 1.10705e-07

0.392699 1.71875 -1.94537e-09
1.1781 1.71875 -1.66552e-07
1.9635 1.71875 1.29246e-07
2.74889 1.71875 3.36435e-07
3.53429 1.71875 -1.23053e-07
4.31969 1.71875 -1.27713e-07
5.10509 1.71875 -2.80125e-08
5.89049 1.71875 -5.87563e-08
6.67588 1.71875 1.11831e-08
7.46128 1.71875 5.373e-08
8.24668 1.71875 1.42715e-07
9.03208 1.71875 -2.22691e-07
9.81748 1.71875 -1.12709e-07
10.6029 1.71875 7.91316e-08
11.3883 1.71875 8.44736e-08
12.1737 1.71875 7.63977e-08
12.9591 1.71875 -4.35751e-08
13.7445 1.71875 1.11359e-07
14.5299 1.71875 -4.83062e-08
15.3153 1.71875 -1.44463e-07
16.1007 1.71875 -1.15445e-07
16.8861 1.71875 -1.33527e-07
17.6715 1.71875 4.03541e-07
18.4569 1.71875 2.19479e-07
19.2423 1.71875 -3.62036e-07
20.0277 1.71875 -1.02615e-07
20.8131 1.71875 2.55469e-07
21.5984 1.71875 -6.46559e-08
22.3838 1.71875 -1.17475e-07
23.1692 1.71875 4.9935e-08
23.9546 1.71875 -7.63024e-08
24.74 1.71875 9.12836e-08

0.392699 1.78125 -2.18051e-08
1.1781 1.78125 -1.07126e-07
1.9635 1.78125 1.15332e-07
2.74889 1.78125 2.27558e-07
3.53429 1.78125 -9.68948e-08
4.31969 1.78125 -9.42176e-08
5.10509 1.78125 -5.00082e-08
5.89049 1.78125 -1.92314e-08
6.67588 1.78125 2.13092e-08
7.46128 1.78125 3.66264e-08
8.24668 1.78125 9.72733e-08
9.03208 1.78125 -1.68826e-07
9.81748 1.78125 -6.88895e-08
10.6029 1.78125 5.74077e-08
11.3883 1.78125 5.1856e-08
12.1737 1.78125 5.666e-08
12.9591 1.78125 -6.16668e-09
13.7445 1.78125 7.2056e-08
14.5299 1.78125 -6.52191e-08
15.3153 1.78125 -9.66945e-08
16.1007 1.78125 -7.21493e-08
16.8861 1.78125 -8.52373e-08
17.6715 1.78125 2.9868e-07
18.4569 1.78125 1.36139e-07
19.2423 1.78125 -2.93689e-07
20.0277 1.78125 -6.60112e-08
20.8131 1.78125 2.12491e-07
21.5984 1.78125 -4.42224e-08
22.3838 1.78125 -6.88272e-08
23.1692 1.78125 2.30579e-08
23.9546 1.78125 -5.51988e-08
24.74 1.78125 6.9223e-08

0.392699 1.84375 -2.63167e-08
1.1781 1.84375 -5.08946e-08
1.9635 1.84375 8.92214e-08
2.74889 1.84375 1.17117e-07
3.53429 1.84375 -7.17951e-08
4.31969 1.84375 -5.57641e-08
5.10509 1.84375 -3.61489e-08
5.89049 1.84375 4.56884e-09
6.67588 1.84375 1.5704e-08
7.46128 1.84375 2.38641e-08
8.24668 1.84375 4.88621e-08
9.03208 1.84375 -1.11738e-07
9.81748 1.84375 -2.62571e-08
10.6029 1.84375 3.74466e-08
11.3883 1.84375 2.43874e-08
12.1737 1.84375 3.4731e-08
12.9591 1.84375 1.16083e-08
13.7445 1.84375 3.16938e-08
14.5299 1.84375 -5.73591e-08
15.3153 1.84375 -4.88313e-08
16.1007 1.84375 -3.88811e-08
16.8861 1.84375 -3.47988e-08
17.6715 1.84375 1.83802e-07
18.4569 1.84375 4.69915e-08
19.2423 1.84375 -1.92255e-07
20.0277 1.84375 -1.19798e-08
20.8131 1.84375 1.39178e-07
21.5984 1.84375 -3.42633e-08
22.3838 1.84375 -3.15375e-08
23.1692 1.84375 4.90569e-09
23.9546 1.84375 -3.34537e-08
24.74 1.84375 4.51515e-08

0.392699 1.90625 -1.76463e-08
1.1781 1.90625 -9.33268e-09
1.9635 1.90625 4.7027e-08
2.74889 1.90625 3.1544e-08
3.53429 1.90625 -3.78255e-08
4.31969 1.90625 -1.99445e-08
5.10509 1.90625 -1.178e-08
5.89049 1.90625 8.11887e-09
6.67588 1.90625 5.65906e-09
7.46128 1.90625 1.21257e-08
8.24668 1.90625 1.09507e-08
9.03208 1.90625 -5.00023e-08
9.81748 1.90625 1.55222e-10
10.6029 1.90625 1.62602e-08
11.3883 1.90625 7.2857e-09
12.1737 1.90625 1.48889e-08
12.9591 1.90625 9.56363e-09
13.7445 1.90625 4.75744e-09
14.5299 1.90625 -2.92984e-08
15.3153 1.90625 -1.45884e-08
16.1007 1.90625 -1.54599e-08
16.8861 1.90625 -1.54325e-09
17.6715 1.90625 7.51909e-08
18.4569 1.90625 -7.44946e-09
19.2423 1.90625 -7.85923e-08
20.0277 1.90625 1.98063e-08
20.8131 1.90625 5.51951e-08
21.5984 1.90625 -2.37851e-08
22.3838 1.90625 -8.54638e-09
23.1692 1.90625 -1.5526e-09
23.9546 1.90625 -1.2403e-08
24.74 1.90625 1.99725e-08

0.392699 1.96875 -2.16645e-09
1.1781 1.96875 3.08576e-09
1.9635 1.96875 4.32393e-09
2.74889 1.96875 -3.04235e-09
3.53429 1.96875 -2.82549e-09
4.31969 1.96875 -1.45269e-10
5.10509 1.96875 4.42626e-10
5.89049 1.96875 7.57584e-10
6.67588 1.96875 -7.72069e-11
7.46128 1.96875 1.78141e-09
8.24668 1.96875 -1.74559e-09
9.03208 1.96875 -3.15744e-09
9.81748 1.96875 1.70025e-09
10.6029 1.96875 8.77406e-10
11.3883 1.96875 7.35069e-11
12.1737 1.96875 4.01433e-10
12.9591 1.96875 2.05782e-09
13.7445 1.96875 -7.24544e-10
14.5299 1.96875 -2.54174e-09
15.3153 1.96875 -2.98584e-10
16.1007 1.96875 -1.58753e-09
16.8861 1.96875 2.48816e-09
17.6715 1.96875 3.93584e-09
18.4569 1.96875 -6.15011e-09
19.2423 1.96875 -1.63344e-09
20.0277 1.96875 7.0845e-09
20.8131 1.96875 3.13238e-11
21.5984 1.96875 -4.5368e-09
22.3838 1.96875 8.55262e-10
23.1692 1.96875 -1.93835e-10
23.9546 1.96875 -8.76955e-10
24.74 1.96875 1.72665e-09

