0.392699 0.03125 -2.89368e-10
1.1781 0.03125 -1.70713e-09
1.9635 0.03125 6.74715e-10
2.74889 0.03125 -3.29371e-10
3.53429 0.03125 -5.36108e-11
4.31969 0.03125 6.55537e-10
5.10509 0.03125 -3.91613e-10
5.89049 0.03125 -4.31787e-10
6.67588 0.03125 3.66626e-10
7.46128 0.03125 1.25717e-09
8.24668 0.03125 -6.4474e-10
9.03208 0.03125 1.77073e-10
9.81748 0.03125 1.12742e-09
10.6029 0.03125 2.5876e-10
11.3883 0.03125 1.62002e-09
12.1737 0.03125 -9.1664e-10
12.9591 0.03125 -2.47272e-09
13.7445 0.03125 -9.38358e-10
14.5299 0.03125 3.51959e-10
15.3153 0.03125 1.6748e-10
16.1007 0.03125 3.84143e-10
16.8861 0.03125 -2.29277e-10
17.6715 0.03125 5.43351e-10
18.4569 0.03125 2.07834e-09
19.2423 0.03125 -7.05573e-10
20.0277 0.03125 -1.24371e-09
20.8131 0.03125 -1.1898e-09
21.5984 0.03125 5.23071e-10
22.3838 0.03125 7.02856e-10
23.1692 0.03125 2.9926e-10
23.9546 0.03125 -1.48264e-10
24.74 0.03125 4.44054e-10
0.392699 0.09375 -1.16885e-08
1.1781 0.09375 -6.1993e-09
1.9635 0.09375 3.85217e-08
2.74889 0.09375 -5.87929e-09
3.53429 0.09375 1.53873e-08
4.31969 0.09375 1.03649e-08
5.10509 0.09375 -2.57728e-08
5.89049 0.09375 1.31581e-08
6.67588 0.09375 -4.25854e-09
7.46128 0.09375 1.14247e-09
8.24668 0.09375 -1.7546e-08
9.03208 0.09375 1.1641e-08
9.81748 0.09375 2.61596e-08
10.6029 0.09375 -7.03893e-09
11.3883 0.09375 2.52695e-09
12.1737 0.09375 -4.08398e-08
12.9591 0.09375 -1.45407e-08
13.7445 0.09375 1.85647e-08
14.5299 0.09375 4.25151e-09
15.3153 0.09375 -5.6631e-10
16.1007 0.09375 1.62309e-08
16.8861 0.09375 6.86973e-09
17.6715 0.09375 4.97499e-09
18.4569 0.09375 1.03782e-08
19.2423 0.09375 -1.55855e-08
20.0277 0.09375 4.83863e-09
20.8131 0.09375 -3.32379e-08
21.5984 0.09375 2.46363e-08
22.3838 0.09375 4.33001e-08
23.1692 0.09375 -3.96318e-08
23.9546 0.09375 -3.03022e-08
24.74 0.09375 -1.47923e-09
0.392699 0.15625 -3.7956e-08
1.1781 0.15625 -3.88945e-08
1.9635 0.15625 1.01955e-07
2.74889 0.15625 7.12755e-09
3.53429 0.15625 3.61506e-08
4.31969 0.15625 4.41101e-08
5.10509 0.15625 -6.87733e-08
5.89049 0.15625 2.82274e-08
6.67588 0.15625 -3.40603e-09
7.46128 0.15625 6.02901e-09
8.24668 0.15625 -4.83831e-08
9.03208 0.15625 7.89323e-09
9.81748 0.15625 6.71445e-08
10.6029 0.15625 -9.40064e-09
11.3883 0.15625 1.5559e-08
12.1737 0.15625 -9.99233e-08
12.9591 0.15625 -5.61381e-08
13.7445 0.15625 3.84633e-08
14.5299 0.15625 2.41685e-08
15.3153 0.15625 -9.588e-10
16.1007 0.15625 3.92216e-08
16.8861 0.15625 2.52465e-08
17.6715 0.15625 1.03847e-08
18.4569 0.15625 2.92348e-08
19.2423 0.15625 -5.10803e-08
20.0277 0.15625 2.68318e-08
20.8131 0.15625 -7.40888e-08
21.5984 0.15625 1.96968e-08
22.3838 0.15625 1.30692e-07
23.1692 0.15625 -6.59314e-08
23.9546 0.15625 -8.94228e-08
24.74 0.15625 -1.84541e-08
0.392699 0.21875 -7.775e-08
1.1781 0.21875 -1.09035e-07
1.9635 0.21875 1.59857e-07
2.74889 0.21875 4.93936e-08
3.53429 0.21875 6.36583e-08
4.31969 0.21875 1.01152e-07
5.10509 0.21875 -1.14101e-07
5.89049 0.21875 3.51513e-08
6.67588 0.21875 4.3261e-09
7.46128 0.21875 2.12261e-08
8.24668 0.21875 -7.84191e-08
9.03208 0.21875 -1.30789e-08
9.81748 0.21875 1.02926e-07
10.6029 0.21875 -1.10772e-08
11.3883 0.21875 4.09425e-08
12.1737 0.21875 -1.58994e-07
12.9591 0.21875 -1.15938e-07
13.7445 0.21875 4.11589e-08
14.5299 0.21875 5.13391e-08
15.3153 0.21875 6.40074e-09
16.1007 0.21875 6.60149e-08
16.8861 0.21875 5.25042e-08
17.6715 0.21875 1.50218e-08
18.4569 0.21875 6.38255e-08
19.2423 0.21875 -1.10606e-07
20.0277 0.21875 4.38917e-08
20.8131 0.21875 -8.51666e-08
21.5984 0.21875 -1.84755e-08
22.3838 0.21875 2.19006e-07
23.1692 0.21875 -6.12897e-08
23.9546 0.21875 -1.47999e-07
24.74 0.21875 -4.48722e-08
0.392699 0.28125 -1.24399e-07
1.1781 0.28125 -2.0308e-07
1.9635 0.28125 1.90674e-07
2.74889 0.28125 1.09051e-07
3.53429 0.28125 1.00089e-07
4.31969 0.28125 1.73093e-07
5.10509 0.28125 -1.46857e-07
5.89049 0.28125 3.10001e-08
6.67588 0.28125 1.24521e-08
7.46128 0.28125 4.58816e-08
8.24668 0.28125 -9.61707e-08
9.03208 0.28125 -3.55153e-08
9.81748 0.28125 1.24027e-07
10.6029 0.28125 -2.28862e-08
11.3883 0.28125 6.64338e-08
12.1737 0.28125 -2.12136e-07
12.9591 0.28125 -1.73949e-07
13.7445 0.28125 3.34891e-08
14.5299 0.28125 7.19827e-08
15.3153 0.28125 1.93925e-08
16.1007 0.28125 9.65551e-08
16.8861 0.28125 8.1284e-08
17.6715 0.28125 1.84321e-08
18.4569 0.28125 1.13152e-07
19.2423 0.28125 -1.8335e-07
20.0277 0.28125 3.17985e-08
20.8131 0.28125 -5.73384e-08
21.5984 0.28125 -5.81744e-08
22.3838 0.28125 2.76858e-07
23.1692 0.28125 -4.41874e-08
23.9546 0.28125 -1.85251e-07
24.74 0.28125 -6.62686e-08
0.392699 0.34375 -1.69833e-07
1.1781 0.34375 -2.99951e-07
1.9635 0.34375 1.9153e-07
2.74889 0.34375 1.69214e-07
3.53429 0.34375 1.3973e-07
4.31969 0.34375 2.50327e-07
5.10509 0.34375 -1.55615e-07
5.89049 0.34375 1.61228e-08
6.67588 0.34375 1.13077e-08
7.46128 0.34375 7.57625e-08
8.24668 0.34375 -9.47091e-08
9.03208 0.34375 -4.81204e-08
9.81748 0.34375 1.30737e-07
10.6029 0.34375 -4.84651e-08
11.3883 0.34375 7.81224e-08
12.1737 0.34375 -2.5662e-07
12.9591 0.34375 -2.20245e-07
13.7445 0.34375 3.2017e-08
14.5299 0.34375 8.43334e-08
15.3153 0.34375 3.07325e-08
16.1007 0.34375 1.27748e-07
16.8861 0.34375 1.00538e-07
17.6715 0.34375 2.22478e-08
18.4569 0.34375 1.68971e-07
19.2423 0.34375 -2.55659e-07
20.0277 0.34375 -1.08977e-08
20.8131 0.34375 -1.38281e-09
21.5984 0.34375 -7.90644e-08
22.3838 0.34375 2.94144e-07
23.1692 0.34375 -2.85527e-08
23.9546 0.34375 -1.94705e-07
24.74 0.34375 -7.82304e-08
0.392699 0.40625 -2.09061e-07
1.1781 0.40625 -3.7891e-07
1.9635 0.40625 1.70618e-07
2.74889 0.40625 2.17366e-07
3.53429 0.40625 1.74217e-07
4.31969 0.40625 3.24533e-07
5.10509 0.40625 -1.36028e-07
5.89049 0.40625 -8.42833e-09
6.67588 0.40625 -6.07476e-09
7.46128 0.40625 1.04322e-07
8.24668 0.40625 -6.971e-08
9.03208 0.40625 -4.95509e-08
9.81748 0.40625 1.23924e-07
10.6029 0.40625 -8.28239e-08
11.3883 0.40625 6.57708e-08
12.1737 0.40625 -2.86086e-07
12.9591 0.40625 -2.51774e-07
13.7445 0.40625 4.65956e-08
14.5299 0.40625 9.73045e-08
15.3153 0.40625 3.64738e-08
16.1007 0.40625 1.54109e-07
16.8861 0.40625 9.90604e-08
17.6715 0.40625 2.72812e-08
18.4569 0.40625 2.19214e-07
19.2423 0.40625 -3.1845e-07
20.0277 0.40625 -6.57232e-08
20.8131 0.40625 6.70757e-08
21.5984 0.40625 -7.99924e-08
22.3838 0.40625 2.72126e-07
23.1692 0.40625 -1.56639e-08
23.9546 0.40625 -1.75232e-07
24.74 0.40625 -8.83636e-08
0.392699 0.46875 -2.40251e-07
1.1781 0.46875 -4.24107e-07
1.9635 0.46875 1.38606e-07
2.74889 0.46875 2.49199e-07
3.53429 0.46875 1.99589e-07
4.31969 0.46875 3.89586e-07
5.10509 0.46875 -9.31428e-08
5.89049 0.46875 -4.25747e-08
6.67588 0.46875 -3.72617e-08
7.46128 0.46875 1.22065e-07
8.24668 0.46875 -2.32917e-08
9.03208 0.46875 -4.26002e-08
9.81748 0.46875 1.01485e-07
10.6029 0.46875 -1.17157e-07
11.3883 0.46875 2.56516e-08
12.1737 0.46875 -2.92851e-07
12.9591 0.46875 -2.645e-07
13.7445 0.46875 7.52365e-08
14.5299 0.46875 1.20354e-07
15.3153 0.46875 4.089e-08
16.1007 0.46875 1.71049e-07
16.8861 0.46875 6.95203e-08
17.6715 0.46875 3.25224e-08
18.4569 0.46875 2.51759e-07
19.2423 0.46875 -3.70562e-07
20.0277 0.46875 -1.07729e-07
20.8131 0.46875 1.36998e-07
21.5984 0.46875 -7.47041e-08
22.3838 0.46875 2.19517e-07
23.1692 0.46875 3.49556e-09
23.9546 0.46875 -1.31404e-07
24.74 0.46875 -1.09186e-07
0.392699 0.53125 -2.62941e-07
1.1781 0.53125 -4.27491e-07
1.9635 0.53125 1.03627e-07
2.74889 0.53125 2.65874e-07
3.53429 0.53125 2.20149e-07
4.31969 0.53125 4.40418e-07
5.10509 0.53125 -3.99721e-08
5.89049 0.53125 -8.53544e-08
6.67588 0.53125 -6.89394e-08
7.46128 0.53125 1.19285e-07
8.24668 0.53125 3.04681e-08
9.03208 0.53125 -2.5967e-08
9.81748 0.53125 6.29919e-08
10.6029 0.53125 -1.45557e-07
11.3883 0.53125 -3.76475e-08
12.1737 0.53125 -2.73471e-07
12.9591 0.53125 -2.525e-07
13.7445 0.53125 1.08137e-07
14.5299 0.53125 1.53884e-07
15.3153 0.53125 5.28212e-08
16.1007 0.53125 1.7859e-07
16.8861 0.53125 1.20958e-08
17.6715 0.53125 3.67169e-08
18.4569 0.53125 2.57529e-07
19.2423 0.53125 -4.15973e-07
20.0277 0.53125 -1.20544e-07
20.8131 0.53125 2.01269e-07
21.5984 0.53125 -7.85434e-08
22.3838 0.53125 1.50205e-07
23.1692 0.53125 4.10153e-08
23.9546 0.53125 -7.43725e-08
24.74 0.53125 -1.5006e-07
0.392699 0.59375 -2.75729e-07
1.1781 0.59375 -3.92965e-07
1.9635 0.59375 6.91831e-08
2.74889 0.59375 2.71601e-07
3.53429 0.59375 2.45454e-07
4.31969 0.59375 4.72867e-07
5.10509 0.59375 6.82753e-09
5.89049 0.59375 -1.32953e-07
6.67588 0.59375 -8.25776e-08
7.46128 0.59375 9.18885e-08
8.24668 0.59375 6.87004e-08
9.03208 0.59375 4.72471e-09
9.81748 0.59375 1.31983e-08
10.6029 0.59375 -1.67714e-07
11.3883 0.59375 -1.10808e-07
12.1737 0.59375 -2.29803e-07
12.9591 0.59375 -2.13212e-07
13.7445 0.59375 1.34331e-07
14.5299 0.59375 1.87528e-07
15.3153 0.59375 7.73389e-08
16.1007 0.59375 1.81055e-07
16.8861 0.59375 -6.43165e-08
17.6715 0.59375 4.08177e-08
18.4569 0.59375 2.329e-07
19.2423 0.59375 -4.59374e-07
20.0277 0.59375 -1.02333e-07
20.8131 0.59375 2.56909e-07
21.5984 0.59375 -1.01197e-07
22.3838 0.59375 7.70856e-08
23.1692 0.59375 1.0834e-07
23.9546 0.59375 -1.84524e-08
24.74 0.59375 -2.12824e-07
0.392699 0.65625 -2.7666e-07
1.1781 0.65625 -3.35155e-07
1.9635 0.65625 3.42752e-08
2.74889 0.65625 2.69763e-07
3.53429 0.65625 2.84493e-07
4.31969 0.65625 4.84464e-07
5.10509 0.65625 3.12191e-08
5.89049 0.65625 -1.77238e-07
6.67588 0.65625 -6.51462e-08
7.46128 0.65625 4.5384e-08
8.24668 0.65625 7.33619e-08
9.03208 0.65625 4.94793e-08
9.81748 0.65625 -4.03831e-08
10.6029 0.65625 -1.86526e-07
11.3883 0.65625 -1.74317e-07
12.1737 0.65625 -1.67922e-07
12.9591 0.65625 -1.51922e-07
13.7445 0.65625 1.47471e-07
14.5299 0.65625 2.0624e-07
15.3153 0.65625 1.09399e-07
16.1007 0.65625 1.83341e-07
16.8861 0.65625 -1.43617e-07
17.6715 0.65625 4.75188e-08
18.4569 0.65625 1.8108e-07
19.2423 0.65625 -5.01014e-07
20.0277 0.65625 -6.2612e-08
20.8131 0.65625 3.0287e-07
21.5984 0.65625 -1.41438e-07
22.3838 0.65625 6.55952e-09
23.1692 0.65625 2.06973e-07
23.9546 0.65625 2.78414e-08
24.74 0.65625 -2.89628e-07
0.392699 0.71875 -2.63349e-07
1.1781 0.71875 -2.71894e-07
1.9635 0.71875 -4.45358e-09
2.74889 0.71875 2.61692e-07
3.53429 0.71875 3.3926e-07
4.31969 0.71875 4.76026e-07
5.10509 0.71875 2.16897e-08
5.89049 0.71875 -2.08066e-07
6.67588 0.71875 -1.72014e-08
7.46128 0.71875 -7.75663e-09
8.24668 0.71875 4.5443e-08
9.03208 0.71875 9.77749e-08
9.81748 0.71875 -9.42626e-08
10.6029 0.71875 -2.02706e-07
11.3883 0.71875 -2.0756e-07
12.1737 0.71875 -9.7467e-08
12.9591 0.71875 -8.12923e-08
13.7445 0.71875 1.48615e-07
14.5299 0.71875 1.99211e-07
15.3153 0.71875 1.36542e-07
16.1007 0.71875 1.85486e-07
16.8861 0.71875 -2.08572e-07
17.6715 0.71875 6.00222e-08
18.4569 0.71875 1.13373e-07
19.2423 0.71875 -5.37052e-07
20.0277 0.71875 -1.45091e-08
20.8131 0.71875 3.39714e-07
21.5984 0.71875 -1.91012e-07
22.3838 0.71875 -6.09656e-08
23.1692 0.71875 3.22697e-07
23.9546 0.71875 6.55062e-08
24.74 0.71875 -3.6443e-07
0.392699 0.78125 -2.34488e-07
1.1781 0.78125 -2.11802e-07
1.9635 0.78125 -4.77033e-08
2.74889 0.78125 2.45568e-07
3.53429 0.78125 4.01876e-07
4.31969 0.78125 4.51626e-07
5.10509 0.78125 -2.38042e-08
5.89049 0.78125 -2.17562e-07
6.67588 0.78125 4.58888e-08
7.46128 0.78125 -5.48322e-08
8.24668 0.78125 5.91159e-09
9.03208 0.78125 1.33046e-07
9.81748 0.78125 -1.51079e-07
10.6029 0.78125 -2.13012e-07
11.3883 0.78125 -1.9518e-07
12.1737 0.78125 -3.12859e-08
12.9591 0.78125 -1.78135e-08
13.7445 0.78125 1.44037e-07
14.5299 0.78125 1.65514e-07
15.3153 0.78125 1.48025e-07
16.1007 0.78125 1.81501e-07
16.8861 0.78125 -2.47766e-07
17.6715 0.78125 7.99291e-08
18.4569 0.78125 4.69175e-08
19.2423 0.78125 -5.61757e-07
20.0277 0.78125 3.07208e-08
20.8131 0.78125 3.67017e-07
21.5984 0.78125 -2.39156e-07
22.3838 0.78125 -1.26009e-07
23.1692 0.78125 4.26714e-07
23.9546 0.78125 1.02139e-07
24.74 0.78125 -4.19814e-07
0.392699 0.84375 -1.91818e-07
1.1781 0.84375 -1.47935e-07
1.9635 0.84375 -8.87004e-08
2.74889 0.84375 2.17959e-07
3.53429 0.84375 4.55608e-07
4.31969 0.84375 4.16778e-07
5.10509 0.84375 -9.36497e-08
5.89049 0.84375 -2.0384e-07
6.67588 0.84375 1.01562e-07
7.46128 0.84375 -8.86935e-08
8.24668 0.84375 -1.7889e-08
9.03208 0.84375 1.42006e-07
9.81748 0.84375 -2.14576e-07
10.6029 0.84375 -2.12193e-07
11.3883 0.84375 -1.34154e-07
12.1737 0.84375 1.84869e-08
12.9591 0.84375 2.35946e-08
13.7445 0.84375 1.39171e-07
14.5299 0.84375 1.13347e-07
15.3153 0.84375 1.42542e-07
16.1007 0.84375 1.63574e-07
16.8861 0.84375 -2.598e-07
17.6715 0.84375 1.06288e-07
18.4569 0.84375 -9.65804e-10
19.2423 0.84375 -5.70584e-07
20.0277 0.84375 6.52457e-08
20.8131 0.84375 3.82566e-07
21.5984 0.84375 -2.7727e-07
22.3838 0.84375 -1.85783e-07
23.1692 0.84375 4.88883e-07
23.9546 0.84375 1.43826e-07
24.74 0.84375 -4.47001e-07
0.392699 0.90625 -1.40134e-07
1.1781 0.90625 -6.37185e-08
1.9635 0.90625 -1.14543e-07
2.74889 0.90625 1.76934e-07
3.53429 0.90625 4.80912e-07
4.31969 0.90625 3.75155e-07
5.10509 0.90625 -1.64248e-07
5.89049 0.90625 -1.70904e-07
6.67588 0.90625 1.31996e-07
7.46128 0.90625 -1.08239e-07
8.24668 0.90625 -9.32204e-09
9.03208 0.90625 1.20857e-07
9.81748 0.90625 -2.83082e-07
10.6029 0.90625 -1.95943e-07
11.3883 0.90625 -3.8154e-08
12.1737 0.90625 4.55181e-08
12.9591 0.90625 3.56485e-08
13.7445 0.90625 1.342e-07
14.5299 0.90625 5.46275e-08
15.3153 0.90625 1.28295e-07
16.1007 0.90625 1.28606e-07
16.8861 0.90625 -2.52015e-07
17.6715 0.90625 1.35621e-07
18.4569 0.90625 -2.1291e-08
19.2423 0.90625 -5.61231e-07
20.0277 0.90625 8.60715e-08
20.8131 0.90625 3.82803e-07
21.5984 0.90625 -3.00161e-07
22.3838 0.90625 -2.34562e-07
23.1692 0.90625 4.92149e-07
23.9546 0.90625 1.88988e-07
24.74 0.90625 -4.50842e-07
0.392699 0.96875 -8.19856e-08
1.1781 0.96875 5.08573e-08
1.9635 0.96875 -1.16132e-07
2.74889 0.96875 1.27876e-07
3.53429 0.96875 4.64163e-07
4.31969 0.96875 3.26626e-07
5.10509 0.96875 -2.09964e-07
5.89049 0.96875 -1.26679e-07
6.67588 0.96875 1.33593e-07
7.46128 0.96875 -1.15302e-07
8.24668 0.96875 3.054e-08
9.03208 0.96875 7.32561e-08
9.81748 0.96875 -3.49114e-07
10.6029 0.96875 -1.61484e-07
11.3883 0.96875 6.5074e-08
12.1737 0.96875 5.14357e-08
12.9591 0.96875 2.22375e-08
13.7445 0.96875 1.25505e-07
14.5299 0.96875 6.97071e-10
15.3153 0.96875 1.16716e-07
16.1007 0.96875 8.04689e-08
16.8861 0.96875 -2.36747e-07
17.6715 0.96875 1.63449e-07
18.4569 0.96875 -1.69362e-08
19.2423 0.96875 -5.34875e-07
20.0277 0.96875 9.69181e-08
20.8131 0.96875 3.6688e-07
21.5984 0.96875 -3.08273e-07
22.3838 0.96875 -2.6691e-07
23.1692 0.96875 4.40301e-07
23.9546 0.96875 2.26124e-07
24.74 0.96875 -4.4486e-07
0.392699 1.03125 -1.30873e-08
1.1781 1.03125 1.87005e-07
1.9635 1.03125 -9.79032e-08
2.74889 1.03125 8.48532e-08
3.53429 1.03125 4.04831e-07
4.31969 1.03125 2.67166e-07
5.10509 1.03125 -2.14566e-07
5.89049 1.03125 -7.92103e-08
6.67588 1.03125 1.15751e-07
7.46128 1.03125 -1.12339e-07
8.24668 1.03125 8.84477e-08
9.03208 1.03125 6.77472e-09
9.81748 1.03125 -4.04452e-07
10.6029 1.03125 -1.08363e-07
11.3883 1.03125 1.4563e-07
12.1737 1.03125 4.32047e-08
12.9591 1.03125 -5.31233e-09
13.7445 1.03125 1.10338e-07
14.5299 1.03125 -3.74395e-08
15.3153 1.03125 1.1426e-07
16.1007 1.03125 2.63432e-08
16.8861 1.03125 -2.25126e-07
17.6715 1.03125 1.8572e-07
18.4569 1.03125 -1.30469e-10
19.2423 1.03125 -4.96533e-07
20.0277 1.03125 1.08507e-07
20.8131 1.03125 3.39435e-07
21.5984 1.03125 -3.07596e-07
22.3838 1.03125 -2.80636e-07
23.1692 1.03125 3.53592e-07
23.9546 1.03125 2.38251e-07
24.74 1.03125 -4.40516e-07
0.392699 1.09375 7.49014e-08
1.1781 1.09375 3.17392e-07
1.9635 1.09375 -7.76837e-08
2.74889 1.09375 6.59013e-08
3.53429 1.09375 3.16026e-07
4.31969 1.09375 1.90827e-07
5.10509 1.09375 -1.75534e-07
5.89049 1.09375 -3.24585e-08
6.67588 1.09375 8.94902e-08
7.46128 1.09375 -1.03543e-07
8.24668 1.09375 1.51766e-07
9.03208 1.09375 -6.92284e-08
9.81748 1.09375 -4.45701e-07
10.6029 1.09375 -4.02008e-08
11.3883 1.09375 1.85563e-07
12.1737 1.09375 2.98445e-08
12.9591 1.09375 -3.59832e-08
13.7445 1.09375 8.94772e-08
14.5299 1.09375 -4.93195e-08
15.3153 1.09375 1.18291e-07
16.1007 1.09375 -2.86113e-08
16.8861 1.09375 -2.23222e-07
17.6715 1.09375 2.00827e-07
18.4569 1.09375 1.76952e-08
19.2423 1.09375 -4.54928e-07
20.0277 1.09375 1.3107e-07
20.8131 1.09375 3.10351e-07
21.5984 1.09375 -3.05495e-07
22.3838 1.09375 -2.76675e-07
23.1692 1.09375 2.58312e-07
23.9546 1.09375 2.10453e-07
24.74 1.09375 -4.39334e-07
0.392699 1.15625 1.83169e-07
1.1781 1.15625 4.08753e-07
1.9635 1.15625 -7.46811e-08
2.74889 1.15625 8.33135e-08
3.53429 1.15625 2.18219e-07
4.31969 1.15625 9.40885e-08
5.10509 1.15625 -1.00575e-07
5.89049 1.15625 1.4771e-08
6.67588 1.15625 5.67166e-08
7.46128 1.15625 -9.54642e-08
8.24668 1.15625 2.16328e-07
9.03208 1.15625 -1.43647e-07
9.81748 1.15625 -4.74671e-07
10.6029 1.15625 3.25788e-08
11.3883 1.15625 1.86517e-07
12.1737 1.15625 2.0341e-08
12.9591 1.15625 -6.46883e-08
13.7445 1.15625 6.63152e-08
14.5299 1.15625 -2.99249e-08
15.3153 1.15625 1.2012e-07
16.1007 1.15625 -8.21645e-08
16.8861 1.15625 -2.32324e-07
17.6715 1.15625 2.10154e-07
18.4569 1.15625 3.48939e-08
19.2423 1.15625 -4.18338e-07
20.0277 1.15625 1.64895e-07
20.8131 1.15625 2.89052e-07
21.5984 1.15625 -3.03369e-07
22.3838 1.15625 -2.591e-07
23.1692 1.15625 1.75597e-07
23.9546 1.15625 1.39772e-07
24.74 1.15625 -4.33264e-07
0.392699 1.21875 2.97657e-07
1.1781 1.21875 4.36652e-07
1.9635 1.21875 -9.70216e-08
2.74889 1.21875 1.38002e-07
3.53429 1.21875 1.31405e-07
4.31969 1.21875 -1.87883e-08
5.10509 1.21875 -3.71225e-09
5.89049 1.21875 6.35525e-08
6.67588 1.21875 1.19247e-08
7.46128 1.21875 -9.38723e-08
8.24668 1.21875 2.83714e-07
9.03208 1.21875 -2.05983e-07
9.81748 1.21875 -4.943e-07
10.6029 1.21875 9.38508e-08
11.3883 1.21875 1.65097e-07
12.1737 1.21875 2.25707e-08
12.9591 1.21875 -9.10246e-08
13.7445 1.21875 4.50061e-08
14.5299 1.21875 1.44246e-08
15.3153 1.21875 1.1225e-07
16.1007 1.21875 -1.31915e-07
16.8861 1.21875 -2.53182e-07
17.6715 1.21875 2.17377e-07
18.4569 1.21875 6.2444e-08
19.2423 1.21875 -3.89227e-07
20.0277 1.21875 1.95795e-07
20.8131 1.21875 2.785e-07
21.5984 1.21875 -2.93909e-07
22.3838 1.21875 -2.36148e-07
23.1692 1.21875 1.1578e-07
23.9546 1.21875 4.01715e-08
24.74 1.21875 -4.11235e-07
0.392699 1.28125 3.9199e-07
1.1781 1.28125 3.9526e-07
1.9635 1.28125 -1.37849e-07
2.74889 1.28125 2.19144e-07
3.53429 1.28125 7.0078e-08
4.31969 1.28125 -1.33558e-07
5.10509 1.28125 9.57854e-08
5.89049 1.28125 1.08524e-07
6.67588 1.28125 -4.62601e-08
7.46128 1.28125 -9.94621e-08
8.24668 1.28125 3.50701e-07
9.03208 1.28125 -2.48153e-07
9.81748 1.28125 -5.03396e-07
10.6029 1.28125 1.27499e-07
11.3883 1.28125 1.40906e-07
12.1737 1.28125 4.17072e-08
12.9591 1.28125 -1.15309e-07
13.7445 1.28125 2.86405e-08
14.5299 1.28125 6.77725e-08
15.3153 1.28125 9.27875e-08
16.1007 1.28125 -1.72923e-07
16.8861 1.28125 -2.86138e-07
17.6715 1.28125 2.26168e-07
18.4569 1.28125 1.14098e-07
19.2423 1.28125 -3.62027e-07
20.0277 1.28125 2.03066e-07
20.8131 1.28125 2.72913e-07
21.5984 1.28125 -2.66717e-07
22.3838 1.28125 -2.19189e-07
23.1692 1.28125 7.90134e-08
23.9546 1.28125 -6.12743e-08
24.74 1.28125 -3.66542e-07
0.392699 1.34375 4.41913e-07
1.1781 1.34375 2.96919e-07
1.9635 1.34375 -1.82033e-07
2.74889 1.34375 3.10092e-07
3.53429 1.34375 4.14828e-08
4.31969 1.34375 -2.3035e-07
5.10509 1.34375 1.74946e-07
5.89049 1.34375 1.37075e-07
6.67588 1.34375 -1.07362e-07
7.46128 1.34375 -1.0771e-07
8.24668 1.34375 4.04985e-07
9.03208 1.34375 -2.65287e-07
9.81748 1.34375 -4.96626e-07
10.6029 1.34375 1.26202e-07
11.3883 1.34375 1.25357e-07
12.1737 1.34375 7.8167e-08
12.9591 1.34375 -1.35543e-07
13.7445 1.34375 1.86926e-08
14.5299 1.34375 1.13275e-07
15.3153 1.34375 6.43278e-08
16.1007 1.34375 -1.99039e-07
16.8861 1.34375 -3.28733e-07
17.6715 1.34375 2.37532e-07
18.4569 1.34375 1.95397e-07
19.2423 1.34375 -3.27864e-07
20.0277 1.34375 1.70224e-07
20.8131 1.34375 2.62748e-07
21.5984 1.34375 -2.16945e-07
22.3838 1.34375 -2.16437e-07
23.1692 1.34375 6.04894e-08
23.9546 1.34375 -1.38346e-07
24.74 1.34375 -3.00217e-07
0.392699 1.40625 4.38055e-07
1.1781 1.40625 1.67158e-07
1.9635 1.40625 -2.14456e-07
2.74889 1.40625 3.92788e-07
3.53429 1.40625 4.35245e-08
4.31969 1.40625 -2.91533e-07
5.10509 1.40625 2.13934e-07
5.89049 1.40625 1.36157e-07
6.67588 1.40625 -1.53304e-07
7.46128 1.40625 -1.12252e-07
8.24668 1.40625 4.30845e-07
9.03208 1.40625 -2.55216e-07
9.81748 1.40625 -4.68956e-07
10.6029 1.40625 9.55526e-08
11.3883 1.40625 1.19085e-07
12.1737 1.40625 1.25177e-07
12.9591 1.40625 -1.48386e-07
13.7445 1.40625 1.55417e-08
14.5299 1.40625 1.41585e-07
15.3153 1.40625 3.05372e-08
16.1007 1.40625 -2.06033e-07
16.8861 1.40625 -3.7232e-07
17.6715 1.40625 2.46956e-07
18.4569 1.40625 2.96638e-07
19.2423 1.40625 -2.8115e-07
20.0277 1.40625 9.42063e-08
20.8131 1.40625 2.4207e-07
21.5984 1.40625 -1.49376e-07
22.3838 1.40625 -2.26822e-07
23.1692 1.40625 5.42544e-08
23.9546 1.40625 -1.77509e-07
24.74 1.40625 -2.2064e-07
0.392699 1.46875 3.89417e-07
1.1781 1.46875 3.62664e-08
1.9635 1.46875 -2.26135e-07
2.74889 1.46875 4.52023e-07
3.53429 1.46875 6.52005e-08
4.31969 1.46875 -3.08718e-07
5.10509 1.46875 2.03969e-07
5.89049 1.46875 1.01625e-07
6.67588 1.46875 -1.69478e-07
7.46128 1.46875 -1.08677e-07
8.24668 1.46875 4.21192e-07
9.03208 1.46875 -2.20802e-07
9.81748 1.46875 -4.21826e-07
10.6029 1.46875 5.11453e-08
11.3883 1.46875 1.15957e-07
12.1737 1.46875 1.69337e-07
12.9591 1.46875 -1.50425e-07
13.7445 1.46875 1.98458e-08
14.5299 1.46875 1.51278e-07
15.3153 1.46875 -5.30315e-09
16.1007 1.46875 -1.93957e-07
16.8861 1.46875 -4.05628e-07
17.6715 1.46875 2.46675e-07
18.4569 1.46875 3.9862e-07
19.2423 1.46875 -2.2499e-07
20.0277 1.46875 -1.44824e-08
20.8131 1.46875 2.1379e-07
21.5984 1.46875 -7.52077e-08
22.3838 1.46875 -2.39606e-07
23.1692 1.46875 5.41368e-08
23.9546 1.46875 -1.81656e-07
24.74 1.46875 -1.39752e-07
0.392699 1.53125 3.15203e-07
1.1781 1.53125 -6.81597e-08
1.9635 1.53125 -2.15213e-07
2.74889 1.53125 4.76542e-07
3.53429 1.53125 9.05772e-08
4.31969 1.53125 -2.85278e-07
5.10509 1.53125 1.51473e-07
5.89049 1.53125 4.41638e-08
6.67588 1.53125 -1.52956e-07
7.46128 1.53125 -9.6181e-08
8.24668 1.53125 3.81732e-07
9.03208 1.53125 -1.71809e-07
9.81748 1.53125 -3.62574e-07
10.6029 1.53125 9.76728e-09
11.3883 1.53125 1.0947e-07
12.1737 1.53125 1.95928e-07
12.9591 1.53125 -1.40135e-07
13.7445 1.53125 3.20162e-08
14.5299 1.53125 1.4446e-07
15.3153 1.53125 -4.00941e-08
16.1007 1.53125 -1.67414e-07
16.8861 1.53125 -4.17913e-07
17.6715 1.53125 2.31788e-07
18.4569 1.53125 4.78441e-07
19.2423 1.53125 -1.70169e-07
20.0277 1.53125 -1.32708e-07
20.8131 1.53125 1.86223e-07
21.5984 1.53125 -7.39381e-09
22.3838 1.53125 -2.4019e-07
23.1692 1.53125 5.3727e-08
23.9546 1.53125 -1.6327e-07
24.74 1.53125 -6.91074e-08
0.392699 1.59375 2.35141e-07
1.1781 1.59375 -1.30705e-07
1.9635 1.59375 -1.85439e-07
2.74889 1.59375 4.62745e-07
3.53429 1.59375 1.05759e-07
4.31969 1.59375 -2.3517e-07
5.10509 1.59375 7.53093e-08
5.89049 1.59375 -1.43557e-08
6.67588 1.59375 -1.13115e-07
7.46128 1.59375 -7.73498e-08
8.24668 1.59375 3.26794e-07
9.03208 1.59375 -1.23322e-07
9.81748 1.59375 -3.0055e-07
10.6029 1.59375 -1.73431e-08
11.3883 1.59375 9.64788e-08
12.1737 1.59375 1.95999e-07
12.9591 1.59375 -1.17837e-07
13.7445 1.59375 5.06066e-08
14.5299 1.59375 1.2271e-07
15.3153 1.59375 -6.99089e-08
16.1007 1.59375 -1.33496e-07
16.8861 1.59375 -4.02966e-07
17.6715 1.59375 2.05622e-07
18.4569 1.59375 5.1746e-07
19.2423 1.59375 -1.3013e-07
20.0277 1.59375 -2.32535e-07
20.8131 1.59375 1.6636e-07
21.5984 1.59375 4.37022e-08
22.3838 1.59375 -2.18268e-07
23.1692 1.59375 4.89882e-08
23.9546 1.59375 -1.36887e-07
24.74 1.59375 -1.62303e-08
0.392699 1.65625 1.61779e-07
1.1781 1.65625 -1.50349e-07
1.9635 1.65625 -1.41726e-07
2.74889 1.65625 4.13415e-07
3.53429 1.65625 1.01966e-07
4.31969 1.65625 -1.76466e-07
5.10509 1.65625 8.65287e-10
5.89049 1.65625 -5.22324e-08
6.67588 1.65625 -6.59862e-08
7.46128 1.65625 -5.59684e-08
8.24668 1.65625 2.67969e-07
9.03208 1.65625 -8.85154e-08
9.81748 1.65625 -2.40645e-07
10.6029 1.65625 -2.6732e-08
11.3883 1.65625 7.82168e-08
12.1737 1.65625 1.7022e-07
12.9591 1.65625 -8.63762e-08
13.7445 1.65625 6.94213e-08
14.5299 1.65625 8.80276e-08
15.3153 1.65625 -8.93872e-08
16.1007 1.65625 -9.8993e-08
16.8861 1.65625 -3.57333e-07
17.6715 1.65625 1.76849e-07
18.4569 1.65625 5.00972e-07
19.2423 1.65625 -1.12152e-07
20.0277 1.65625 -2.86722e-07
20.8131 1.65625 1.53858e-07
21.5984 1.65625 7.15084e-08
22.3838 1.65625 -1.73828e-07
23.1692 1.65625 3.97282e-08
23.9546 1.65625 -1.11813e-07
24.74 1.65625 1.63651e-08
0.392699 1.71875 1.00524e-07
1.1781 1.71875 -1.38425e-07
1.9635 1.71875 -8.89936e-08
2.74889 1.71875 3.37374e-07
3.53429 1.71875 7.7819e-08
4.31969 1.71875 -1.24463e-07
5.10509 1.71875 -4.95951e-08
5.89049 1.71875 -5.95375e-08
6.67588 1.71875 -2.65007e-08
7.46128 1.71875 -3.5017e-08
8.24668 1.71875 2.09449e-07
9.03208 1.71875 -7.16925e-08
9.81748 1.71875 -1.83249e-07
10.6029 1.71875 -2.06957e-08
11.3883 1.71875 5.83094e-08
12.1737 1.71875 1.27188e-07
12.9591 1.71875 -5.07283e-08
13.7445 1.71875 7.93342e-08
14.5299 1.71875 4.56344e-08
15.3153 1.71875 -9.28025e-08
16.1007 1.71875 -6.87511e-08
16.8861 1.71875 -2.84559e-07
17.6715 1.71875 1.52954e-07
18.4569 1.71875 4.262e-07
19.2423 1.71875 -1.13735e-07
20.0277 1.71875 -2.80653e-07
20.8131 1.71875 1.44024e-07
21.5984 1.71875 7.49371e-08
22.3838 1.71875 -1.18593e-07
23.1692 1.71875 2.83808e-08
23.9546 1.71875 -9.06586e-08
24.74 1.71875 3.16491e-08
0.392699 1.78125 5.16132e-08
1.1781 1.78125 -1.06989e-07
1.9635 1.78125 -3.44323e-08
2.74889 1.78125 2.4343e-07
3.53429 1.78125 3.95914e-08
4.31969 1.78125 -8.47637e-08
5.10509 1.78125 -6.427e-08
5.89049 1.78125 -4.20005e-08
6.67588 1.78125 -2.93211e-09
7.46128 1.78125 -1.58651e-08
8.24668 1.78125 1.48346e-07
9.03208 1.78125 -6.60362e-08
9.81748 1.78125 -1.25124e-07
10.6029 1.78125 -6.10646e-09
11.3883 1.78125 3.95731e-08
12.1737 1.78125 7.97796e-08
12.9591 1.78125 -1.87784e-08
13.7445 1.78125 7.15892e-08
14.5299 1.78125 6.26487e-09
15.3153 1.78125 -7.73833e-08
16.1007 1.78125 -4.5223e-08
16.8861 1.78125 -1.93819e-07
17.6715 1.78125 1.3264e-07
18.4569 1.78125 3.02836e-07
19.2423 1.78125 -1.20143e-07
20.0277 1.78125 -2.1545e-07
20.8131 1.78125 1.2899e-07
21.5984 1.78125 5.70434e-08
22.3838 1.78125 -6.84716e-08
23.1692 1.78125 1.65176e-08
23.9546 1.78125 -6.94193e-08
24.74 1.78125 3.47125e-08
0.392699 1.84375 1.61907e-08
1.1781 1.84375 -6.6097e-08
1.9635 1.84375 8.06171e-09
2.74889 1.84375 1.42916e-07
3.53429 1.84375 3.13043e-09
4.31969 1.84375 -5.34797e-08
5.10509 1.84375 -4.77563e-08
5.89049 1.84375 -1.6503e-08
6.67588 1.84375 4.66524e-09
7.46128 1.84375 -9.88494e-10
8.24668 1.84375 8.5288e-08
9.03208 1.84375 -5.72951e-08
9.81748 1.84375 -6.81241e-08
10.6029 1.84375 6.64122e-09
11.3883 1.84375 2.30224e-08
12.1737 1.84375 3.95042e-08
12.9591 1.84375 1.52512e-09
13.7445 1.84375 4.69937e-08
14.5299 1.84375 -1.69303e-08
15.3153 1.84375 -4.81299e-08
16.1007 1.84375 -2.79483e-08
16.8861 1.84375 -1.03101e-07
17.6715 1.84375 1.05083e-07
18.4569 1.84375 1.61685e-07
19.2423 1.84375 -1.09233e-07
20.0277 1.84375 -1.16683e-07
20.8131 1.84375 1.00398e-07
21.5984 1.84375 2.71495e-08
22.3838 1.84375 -3.39669e-08
23.1692 1.84375 6.31067e-09
23.9546 1.84375 -4.45692e-08
24.74 1.84375 2.94467e-08
0.392699 1.90625 -2.23618e-09
1.1781 1.90625 -2.39557e-08
1.9635 1.90625 2.12584e-08
2.74889 1.90625 5.18204e-08
3.53429 1.90625 -1.27825e-08
4.31969 1.90625 -2.36112e-08
5.10509 1.90625 -1.82657e-08
5.89049 1.90625 -6.63926e-10
6.67588 1.90625 2.59611e-09
7.46128 1.90625 5.28983e-09
8.24668 1.90625 2.96625e-08
9.03208 1.90625 -3.39704e-08
9.81748 1.90625 -2.12295e-08
10.6029 1.90625 8.40098e-09
11.3883 1.90625 9.00561e-09
12.1737 1.90625 1.29585e-08
12.9591 1.90625 6.35502e-09
13.7445 1.90625 1.7319e-08
14.5299 1.90625 -1.65715e-08
15.3153 1.90625 -1.78365e-08
16.1007 1.90625 -1.38193e-08
16.8861 1.90625 -3.18205e-08
17.6715 1.90625 5.80494e-08
18.4569 1.90625 4.5065e-08
19.2423 1.90625 -6.31485e-08
20.0277 1.90625 -2.77563e-08
20.8131 1.90625 5.15276e-08
21.5984 1.90625 9.88286e-10
22.3838 1.90625 -1.26135e-08
23.1692 1.90625 6.14696e-10
23.9546 1.90625 -1.82839e-08
24.74 1.90625 1.6484e-08
0.392699 1.96875 -1.91316e-09
1.1781 1.96875 5.66555e-10
1.9635 1.96875 5.04472e-09
2.74889 1.96875 -1.70496e-10
3.53429 1.96875 -3.07434e-09
4.31969 1.96875 -1.12697e-09
5.10509 1.96875 3.0407e-11
5.89049 1.96875 6.61539e-10
6.67588 1.96875 -3.98844e-10
7.46128 1.96875 1.85078e-09
8.24668 1.96875 1.28758e-10
9.03208 1.96875 -3.39251e-09
9.81748 1.96875 3.99221e-11
10.6029 1.96875 1.04914e-09
11.3883 1.96875 5.50917e-10
12.1737 1.96875 -3.8343e-10
12.9591 1.96875 1.70116e-09
13.7445 1.96875 1.06578e-09
14.5299 1.96875 -2.32565e-09
15.3153 1.96875 -5.12699e-10
16.1007 1.96875 -1.85592e-09
16.8861 1.96875 -3.93118e-11
17.6715 1.96875 5.759e-09
18.4569 1.96875 -2.85856e-09
19.2423 1.96875 -4.98825e-09
20.0277 1.96875 4.75347e-09
20.8131 1.96875 3.15113e-09
21.5984 1.96875 -3.6825e-09
22.3838 1.96875 -5.42024e-10
23.1692 1.96875 3.44793e-10
23.9546 1.96875 -1.34148e-09
24.74 1.96875 1.83043e-09
