0.392699 0.03125 3.04939e-10
1.1781 0.03125 -1.79186e-09
1.9635 0.03125 5.04136e-11
2.74889 0.03125 -1.02828e-10
3.53429 0.03125 -2.69783e-10
4.31969 0.03125 6.56777e-10
5.10509 0.03125 1.0156e-10
5.89049 0.03125 -5.08492e-10
6.67588 0.03125 -1.51035e-10
7.46128 0.03125 1.37935e-09
8.24668 0.03125 -2.251e-10
9.03208 0.03125 -2.6204e-10
9.81748 0.03125 8.85435e-10
10.6029 0.03125 9.08374e-11
11.3883 0.03125 1.71907e-09
12.1737 0.03125 2.73251e-10
12.9591 0.03125 -2.13786e-09
13.7445 0.03125 -1.74603e-09
14.5299 0.03125 4.4959e-11
15.3153 0.03125 1.67669e-10
16.1007 0.03125 4.68294e-10
16.8861 0.03125 -1.5185e-10
17.6715 0.03125 -1.21873e-10
18.4569 0.03125 2.15201e-09
19.2423 0.03125 8.18027e-11
20.0277 0.03125 -9.50112e-10
20.8131 0.03125 -1.24472e-09
21.5984 0.03125 -2.12699e-10
22.3838 0.03125 4.05607e-10
23.1692 0.03125 7.64952e-10
23.9546 0.03125 -3.22321e-11
24.74 0.03125 2.96555e-10
0.392699 0.09375 -9.6378e-09
1.1781 0.09375 -1.81322e-08
1.9635 0.09375 3.36264e-08
2.74889 0.09375 1.78985e-09
3.53429 0.09375 1.16929e-08
4.31969 0.09375 1.80382e-08
5.10509 0.09375 -2.29305e-08
5.89049 0.09375 7.39774e-09
6.67588 0.09375 -2.58225e-09
7.46128 0.09375 5.15771e-09
8.24668 0.09375 -1.70962e-08
9.03208 0.09375 5.9135e-10
9.81748 0.09375 2.61802e-08
10.6029 0.09375 -2.17382e-09
11.3883 0.09375 9.68834e-09
12.1737 0.09375 -3.24231e-08
12.9591 0.09375 -2.51617e-08
13.7445 0.09375 1.01584e-08
14.5299 0.09375 7.94687e-09
15.3153 0.09375 -1.52355e-09
16.1007 0.09375 1.39153e-08
16.8861 0.09375 9.08508e-09
17.6715 0.09375 3.48488e-09
18.4569 0.09375 1.42112e-08
19.2423 0.09375 -1.4995e-08
20.0277 0.09375 8.61471e-09
20.8131 0.09375 -3.0667e-08
21.5984 0.09375 3.61483e-09
22.3838 0.09375 4.91908e-08
23.1692 0.09375 -1.82874e-08
23.9546 0.09375 -3.41859e-08
24.74 0.09375 -6.22794e-09
0.392699 0.15625 -2.88467e-08
1.1781 0.15625 -7.01728e-08
1.9635 0.15625 7.74646e-08
2.74889 0.15625 2.48192e-08
3.53429 0.15625 2.83532e-08
4.31969 0.15625 6.4378e-08
5.10509 0.15625 -5.59568e-08
5.89049 0.15625 1.13536e-08
6.67588 0.15625 -2.43786e-09
7.46128 0.15625 1.80346e-08
8.24668 0.15625 -4.08492e-08
9.03208 0.15625 -1.90606e-08
9.81748 0.15625 6.14096e-08
10.6029 0.15625 -1.60831e-10
11.3883 0.15625 3.41787e-08
12.1737 0.15625 -7.26951e-08
12.9591 0.15625 -7.95333e-08
13.7445 0.15625 1.158e-08
14.5299 0.15625 2.94059e-08
15.3153 0.15625 -1.05606e-09
16.1007 0.15625 3.2074e-08
16.8861 0.15625 3.02717e-08
17.6715 0.15625 8.16452e-09
18.4569 0.15625 4.28138e-08
19.2423 0.15625 -5.02352e-08
20.0277 0.15625 2.76041e-08
20.8131 0.15625 -5.67904e-08
21.5984 0.15625 -3.00491e-08
22.3838 0.15625 1.27622e-07
23.1692 0.15625 -8.36845e-09
23.9546 0.15625 -8.78556e-08
24.74 0.15625 -3.01029e-08
0.392699 0.21875 -5.18881e-08
1.1781 0.21875 -1.57496e-07
1.9635 0.21875 9.842e-08
2.74889 0.21875 6.97037e-08
3.53429 0.21875 5.13904e-08
4.31969 0.21875 1.36368e-07
5.10509 0.21875 -8.13007e-08
5.89049 0.21875 6.23736e-09
6.67588 0.21875 -2.02432e-09
7.46128 0.21875 4.09733e-08
8.24668 0.21875 -5.6406e-08
9.03208 0.21875 -5.33954e-08
9.81748 0.21875 8.86013e-08
10.6029 0.21875 -1.93617e-09
11.3883 0.21875 6.99179e-08
12.1737 0.21875 -1.04602e-07
12.9591 0.21875 -1.47704e-07
13.7445 0.21875 -8.87407e-09
14.5299 0.21875 5.16188e-08
15.3153 0.21875 6.10301e-09
16.1007 0.21875 5.32517e-08
16.8861 0.21875 6.0907e-08
17.6715 0.21875 9.79251e-09
18.4569 0.21875 9.28954e-08
19.2423 0.21875 -9.98884e-08
20.0277 0.21875 2.82066e-08
20.8131 0.21875 -5.11539e-08
21.5984 0.21875 -8.73e-08
22.3838 0.21875 1.92634e-07
23.1692 0.21875 3.10288e-08
23.9546 0.21875 -1.31884e-07
24.74 0.21875 -6.10231e-08
0.392699 0.28125 -7.29191e-08
1.1781 0.28125 -2.60158e-07
1.9635 0.28125 8.37489e-08
2.74889 0.28125 1.20158e-07
3.53429 0.28125 8.10376e-08
4.31969 0.28125 2.21845e-07
5.10509 0.28125 -8.67807e-08
5.89049 0.28125 -4.6395e-09
6.67588 0.28125 -6.67643e-09
7.46128 0.28125 6.84334e-08
8.24668 0.28125 -5.77576e-08
9.03208 0.28125 -8.35572e-08
9.81748 0.28125 1.0515e-07
10.6029 0.28125 -1.56213e-08
11.3883 0.28125 1.01646e-07
12.1737 0.28125 -1.30121e-07
12.9591 0.28125 -2.11803e-07
13.7445 0.28125 -3.77018e-08
14.5299 0.28125 6.52382e-08
15.3153 0.28125 1.52728e-08
16.1007 0.28125 7.80896e-08
16.8861 0.28125 9.45581e-08
17.6715 0.28125 5.91922e-09
18.4569 0.28125 1.58991e-07
19.2423 0.28125 -1.47607e-07
20.0277 0.28125 -8.98306e-09
20.8131 0.28125 -1.99783e-08
21.5984 0.28125 -1.31142e-07
22.3838 0.28125 2.28406e-07
23.1692 0.28125 7.14114e-08
23.9546 0.28125 -1.55144e-07
24.74 0.28125 -8.28592e-08
0.392699 0.34375 -8.96018e-08
1.1781 0.34375 -3.56608e-07
1.9635 0.34375 4.10871e-08
2.74889 0.34375 1.62532e-07
3.53429 0.34375 1.11289e-07
4.31969 0.34375 3.06413e-07
5.10509 0.34375 -6.64473e-08
5.89049 0.34375 -1.55749e-08
6.67588 0.34375 -2.19166e-08
7.46128 0.34375 9.22361e-08
8.24668 0.34375 -4.37216e-08
9.03208 0.34375 -9.72458e-08
9.81748 0.34375 1.14513e-07
10.6029 0.34375 -4.05479e-08
11.3883 0.34375 1.1533e-07
12.1737 0.34375 -1.53329e-07
12.9591 0.34375 -2.65434e-07
13.7445 0.34375 -5.7448e-08
14.5299 0.34375 7.44154e-08
15.3153 0.34375 2.13022e-08
16.1007 0.34375 1.05137e-07
16.8861 0.34375 1.20201e-07
17.6715 0.34375 -2.86811e-09
18.4569 0.34375 2.29257e-07
19.2423 0.34375 -1.83415e-07
20.0277 0.34375 -7.86024e-08
20.8131 0.34375 2.15593e-08
21.5984 0.34375 -1.4309e-07
22.3838 0.34375 2.35137e-07
23.1692 0.34375 9.49755e-08
23.9546 0.34375 -1.56856e-07
24.74 0.34375 -9.06087e-08
0.392699 0.40625 -1.05026e-07
1.1781 0.40625 -4.30048e-07
1.9635 0.40625 -1.32894e-08
2.74889 0.40625 1.90693e-07
3.53429 0.40625 1.35088e-07
4.31969 0.40625 3.78345e-07
5.10509 0.40625 -2.06829e-08
5.89049 0.40625 -2.31085e-08
6.67588 0.40625 -5.0216e-08
7.46128 0.40625 1.03683e-07
8.24668 0.40625 -1.43234e-08
9.03208 0.40625 -9.12652e-08
9.81748 0.40625 1.16919e-07
10.6029 0.40625 -6.97307e-08
11.3883 0.40625 1.01588e-07
12.1737 0.40625 -1.72968e-07
12.9591 0.40625 -3.05792e-07
13.7445 0.40625 -6.00489e-08
14.5299 0.40625 8.94383e-08
15.3153 0.40625 2.46486e-08
16.1007 0.40625 1.32384e-07
16.8861 0.40625 1.2617e-07
17.6715 0.40625 -1.54608e-08
18.4569 0.40625 2.90702e-07
19.2423 0.40625 -2.08184e-07
20.0277 0.40625 -1.59369e-07
20.8131 0.40625 6.4377e-08
21.5984 0.40625 -1.24477e-07
22.3838 0.40625 2.15002e-07
23.1692 0.40625 9.87446e-08
23.9546 0.40625 -1.35242e-07
24.74 0.40625 -8.98279e-08
0.392699 0.46875 -1.24891e-07
1.1781 0.46875 -4.69938e-07
1.9635 0.46875 -6.42725e-08
2.74889 0.46875 2.05097e-07
3.53429 0.46875 1.50062e-07
4.31969 0.46875 4.31973e-07
5.10509 0.46875 4.38255e-08
5.89049 0.46875 -2.96827e-08
6.67588 0.46875 -8.66679e-08
7.46128 0.46875 9.61876e-08
8.24668 0.46875 2.5528e-08
9.03208 0.46875 -6.75888e-08
9.81748 0.46875 1.08447e-07
10.6029 0.46875 -9.52652e-08
11.3883 0.46875 5.76531e-08
12.1737 0.46875 -1.84989e-07
12.9591 0.46875 -3.2675e-07
13.7445 0.46875 -4.71114e-08
14.5299 0.46875 1.16244e-07
15.3153 0.46875 3.17448e-08
16.1007 0.46875 1.59452e-07
16.8861 0.46875 1.04922e-07
17.6715 0.46875 -3.09776e-08
18.4569 0.46875 3.32873e-07
19.2423 0.46875 -2.31412e-07
20.0277 0.46875 -2.28346e-07
20.8131 0.46875 1.09294e-07
21.5984 0.46875 -9.00579e-08
22.3838 0.46875 1.69249e-07
23.1692 0.46875 9.24363e-08
23.9546 0.46875 -8.89519e-08
24.74 0.46875 -9.13119e-08
0.392699 0.53125 -1.53608e-07
1.1781 0.53125 -4.7208e-07
1.9635 0.53125 -1.02393e-07
2.74889 0.53125 2.07752e-07
3.53429 0.53125 1.61124e-07
4.31969 0.53125 4.67429e-07
5.10509 0.53125 1.14944e-07
5.89049 0.53125 -4.19348e-08
6.67588 0.53125 -1.18646e-07
7.46128 0.53125 6.95114e-08
8.24668 0.53125 6.14336e-08
9.03208 0.53125 -2.93534e-08
9.81748 0.53125 8.76868e-08
10.6029 0.53125 -1.13059e-07
11.3883 0.53125 -1.14945e-08
12.1737 0.53125 -1.8693e-07
12.9591 0.53125 -3.20239e-07
13.7445 0.53125 -2.44705e-08
14.5299 0.53125 1.50691e-07
15.3153 0.53125 4.89034e-08
16.1007 0.53125 1.88335e-07
16.8861 0.53125 5.68982e-08
17.6715 0.53125 -4.75605e-08
18.4569 0.53125 3.4947e-07
19.2423 0.53125 -2.63646e-07
20.0277 0.53125 -2.71883e-07
20.8131 0.53125 1.59124e-07
21.5984 0.53125 -5.65699e-08
22.3838 0.53125 1.01189e-07
23.1692 0.53125 9.16189e-08
23.9546 0.53125 -2.09493e-08
24.74 0.53125 -1.05061e-07
0.392699 0.59375 -1.90117e-07
1.1781 0.59375 -4.40403e-07
1.9635 0.59375 -1.25942e-07
2.74889 0.59375 2.00175e-07
3.53429 0.59375 1.77509e-07
4.31969 0.59375 4.88785e-07
5.10509 0.59375 1.77561e-07
5.89049 0.59375 -6.64119e-08
6.67588 0.59375 -1.30884e-07
7.46128 0.59375 3.17768e-08
8.24668 0.59375 7.40271e-08
9.03208 0.59375 1.87296e-08
9.81748 0.59375 5.87309e-08
10.6029 0.59375 -1.2442e-07
11.3883 0.59375 -9.32783e-08
12.1737 0.59375 -1.77798e-07
12.9591 0.59375 -2.8222e-07
13.7445 0.59375 2.2868e-09
14.5299 0.59375 1.80716e-07
15.3153 0.59375 7.59674e-08
16.1007 0.59375 2.20647e-07
16.8861 0.59375 -9.44901e-09
17.6715 0.59375 -6.07444e-08
18.4569 0.59375 3.39578e-07
19.2423 0.59375 -3.10523e-07
20.0277 0.59375 -2.88866e-07
20.8131 0.59375 2.15018e-07
21.5984 0.59375 -3.58089e-08
22.3838 0.59375 1.51266e-08
23.1692 0.59375 1.1206e-07
23.9546 0.59375 6.13545e-08
24.74 0.59375 -1.36287e-07
0.392699 0.65625 -2.27426e-07
1.1781 0.65625 -3.85562e-07
1.9635 0.65625 -1.39639e-07
2.74889 0.65625 1.81697e-07
3.53429 0.65625 2.07145e-07
4.31969 0.65625 5.01652e-07
5.10509 0.65625 2.16345e-07
5.89049 0.65625 -1.0417e-07
6.67588 0.65625 -1.13887e-07
7.46128 0.65625 -4.08176e-09
8.24668 0.65625 5.17653e-08
9.03208 0.65625 6.95314e-08
9.81748 0.65625 2.76378e-08
10.6029 0.65625 -1.34777e-07
11.3883 0.65625 -1.69734e-07
12.1737 0.65625 -1.56755e-07
12.9591 0.65625 -2.17253e-07
13.7445 0.65625 2.98616e-08
14.5299 0.65625 1.93751e-07
15.3153 0.65625 1.04181e-07
16.1007 0.65625 2.5388e-07
16.8861 0.65625 -8.01502e-08
17.6715 0.65625 -6.46507e-08
18.4569 0.65625 3.07363e-07
19.2423 0.65625 -3.68958e-07
20.0277 0.65625 -2.86279e-07
20.8131 0.65625 2.7364e-07
21.5984 0.65625 -2.96419e-08
22.3838 0.65625 -8.36632e-08
23.1692 0.65625 1.58705e-07
23.9546 0.65625 1.49628e-07
24.74 0.65625 -1.81652e-07
0.392699 0.71875 -2.54846e-07
1.1781 0.71875 -3.19586e-07
1.9635 0.71875 -1.50544e-07
2.74889 0.71875 1.51185e-07
3.53429 0.71875 2.50929e-07
4.31969 0.71875 5.11222e-07
5.10509 0.71875 2.19482e-07
5.89049 0.71875 -1.49355e-07
6.67588 0.71875 -6.94465e-08
7.46128 0.71875 -2.84105e-08
8.24668 0.71875 1.88346e-09
9.03208 0.71875 1.14346e-07
9.81748 0.71875 -4.75714e-09
10.6029 0.71875 -1.50196e-07
11.3883 0.71875 -2.21085e-07
12.1737 0.71875 -1.23368e-07
12.9591 0.71875 -1.3865e-07
13.7445 0.71875 5.7309e-08
14.5299 0.71875 1.8375e-07
15.3153 0.71875 1.21794e-07
16.1007 0.71875 2.79818e-07
16.8861 0.71875 -1.41721e-07
17.6715 0.71875 -5.50003e-08
18.4569 0.71875 2.62686e-07
19.2423 0.71875 -4.29097e-07
20.0277 0.71875 -2.73028e-07
20.8131 0.71875 3.29601e-07
21.5984 0.71875 -3.32591e-08
22.3838 0.71875 -1.87876e-07
23.1692 0.71875 2.2058e-07
23.9546 0.71875 2.36276e-07
24.74 0.71875 -2.29801e-07
0.392699 0.78125 -2.64211e-07
1.1781 0.78125 -2.48225e-07
1.9635 0.78125 -1.60794e-07
2.74889 0.78125 1.08872e-07
3.53429 0.78125 3.0058e-07
4.31969 0.78125 5.1951e-07
5.10509 0.78125 1.8358e-07
5.89049 0.78125 -1.91011e-07
6.67588 0.78125 -1.06272e-08
7.46128 0.78125 -4.06659e-08
8.24668 0.78125 -5.19316e-08
9.03208 0.78125 1.46872e-07
9.81748 0.78125 -4.38862e-08
10.6029 0.78125 -1.74425e-07
11.3883 0.78125 -2.31014e-07
12.1737 0.78125 -7.95444e-08
12.9591 0.78125 -6.47208e-08
13.7445 0.78125 8.40307e-08
14.5299 0.78125 1.53057e-07
15.3153 0.78125 1.22374e-07
16.1007 0.78125 2.88006e-07
16.8861 0.78125 -1.86189e-07
17.6715 0.78125 -3.21764e-08
18.4569 0.78125 2.18823e-07
19.2423 0.78125 -4.78258e-07
20.0277 0.78125 -2.55495e-07
20.8131 0.78125 3.76203e-07
21.5984 0.78125 -4.00397e-08
22.3838 0.78125 -2.86344e-07
23.1692 0.78125 2.73434e-07
23.9546 0.78125 3.14697e-07
24.74 0.78125 -2.66771e-07
0.392699 0.84375 -2.55439e-07
1.1781 0.84375 -1.68335e-07
1.9635 0.84375 -1.63097e-07
2.74889 0.84375 5.91377e-08
3.53429 0.84375 3.40835e-07
4.31969 0.84375 5.23002e-07
5.10509 0.84375 1.17506e-07
5.89049 0.84375 -2.17483e-07
6.67588 0.84375 4.46754e-08
7.46128 0.84375 -4.8367e-08
8.24668 0.84375 -8.32789e-08
9.03208 0.84375 1.6507e-07
9.81748 0.84375 -9.59714e-08
10.6029 0.84375 -2.06208e-07
11.3883 0.84375 -1.93513e-07
12.1737 0.84375 -3.00555e-08
12.9591 0.84375 -1.20146e-08
13.7445 0.84375 1.07284e-07
14.5299 0.84375 1.08956e-07
15.3153 0.84375 1.09238e-07
16.1007 0.84375 2.71985e-07
16.8861 0.84375 -2.13248e-07
17.6715 0.84375 -1.42609e-09
18.4569 0.84375 1.88308e-07
19.2423 0.84375 -5.0584e-07
20.0277 0.84375 -2.36999e-07
20.8131 0.84375 4.07098e-07
21.5984 0.84375 -4.614e-08
22.3838 0.84375 -3.65828e-07
23.1692 0.84375 2.92957e-07
23.9546 0.84375 3.78802e-07
24.74 0.84375 -2.84669e-07
0.392699 0.90625 -2.36456e-07
1.1781 0.90625 -7.21874e-08
1.9635 0.90625 -1.4424e-07
2.74889 0.90625 1.06905e-08
3.53429 0.90625 3.56062e-07
4.31969 0.90625 5.1246e-07
5.10509 0.90625 4.07758e-08
5.89049 0.90625 -2.20426e-07
6.67588 0.90625 8.25595e-08
7.46128 0.90625 -5.98699e-08
8.24668 0.90625 -7.7466e-08
9.03208 0.90625 1.6981e-07
9.81748 0.90625 -1.61733e-07
10.6029 0.90625 -2.3817e-07
11.3883 0.90625 -1.17585e-07
12.1737 0.90625 1.82386e-08
12.9591 0.90625 1.14596e-08
13.7445 0.90625 1.22048e-07
14.5299 0.90625 5.89927e-08
15.3153 0.90625 9.25649e-08
16.1007 0.90625 2.33854e-07
16.8861 0.90625 -2.28026e-07
17.6715 0.90625 2.98477e-08
18.4569 0.90625 1.76589e-07
19.2423 0.90625 -5.07009e-07
20.0277 0.90625 -2.17473e-07
20.8131 0.90625 4.17722e-07
21.5984 0.90625 -5.0765e-08
22.3838 0.90625 -4.15758e-07
23.1692 0.90625 2.67394e-07
23.9546 0.90625 4.23192e-07
24.74 0.90625 -2.86748e-07
0.392699 0.96875 -2.14432e-07
1.1781 0.96875 4.41985e-08
1.9635 0.96875 -9.76678e-08
2.74889 0.96875 -2.47253e-08
3.53429 0.96875 3.38447e-07
4.31969 0.96875 4.76811e-07
5.10509 0.96875 -2.44787e-08
5.89049 0.96875 -1.98281e-07
6.67588 0.96875 9.93972e-08
7.46128 0.96875 -7.78085e-08
8.24668 0.96875 -3.57046e-08
9.03208 0.96875 1.61581e-07
9.81748 0.96875 -2.36343e-07
10.6029 0.96875 -2.58061e-07
11.3883 0.96875 -2.53533e-08
12.1737 0.96875 5.80528e-08
12.9591 0.96875 8.96945e-09
13.7445 0.96875 1.23883e-07
14.5299 0.96875 9.74741e-09
15.3153 0.96875 8.30264e-08
16.1007 0.96875 1.83197e-07
16.8861 0.96875 -2.38216e-07
17.6715 0.96875 5.54675e-08
18.4569 0.96875 1.80431e-07
19.2423 0.96875 -4.85054e-07
20.0277 0.96875 -1.94065e-07
20.8131 0.96875 4.09302e-07
21.5984 0.96875 -5.56816e-08
22.3838 0.96875 -4.33147e-07
23.1692 0.96875 2.0384e-07
23.9546 0.96875 4.42252e-07
24.74 0.96875 -2.85807e-07
0.392699 1.03125 -1.87231e-07
1.1781 1.03125 1.75571e-07
1.9635 1.03125 -3.35709e-08
2.74889 1.03125 -3.67524e-08
3.53429 1.03125 2.93116e-07
4.31969 1.03125 4.08333e-07
5.10509 1.03125 -6.31306e-08
5.89049 1.03125 -1.55584e-07
6.67588 1.03125 1.00841e-07
7.46128 1.03125 -9.891e-08
8.24668 1.03125 3.0047e-08
9.03208 1.03125 1.40665e-07
9.81748 1.03125 -3.12986e-07
10.6029 1.03125 -2.54496e-07
11.3883 1.03125 5.75443e-08
12.1737 1.03125 8.40971e-08
12.9591 1.03125 -9.03544e-09
13.7445 1.03125 1.11134e-07
14.5299 1.03125 -3.06106e-08
15.3153 1.03125 8.64576e-08
16.1007 1.03125 1.30756e-07
16.8861 1.03125 -2.50464e-07
17.6715 1.03125 7.24165e-08
18.4569 1.03125 1.90701e-07
19.2423 1.03125 -4.50426e-07
20.0277 1.03125 -1.62069e-07
20.8131 1.03125 3.9035e-07
21.5984 1.03125 -6.34746e-08
22.3838 1.03125 -4.23494e-07
23.1692 1.03125 1.23429e-07
23.9546 1.03125 4.30284e-07
24.74 1.03125 -2.9635e-07
0.392699 1.09375 -1.4346e-07
1.1781 1.09375 3.06704e-07
1.9635 1.09375 2.25198e-08
2.74889 1.09375 -2.02485e-08
3.53429 1.09375 2.36614e-07
4.31969 1.09375 3.05825e-07
5.10509 1.09375 -7.17611e-08
5.89049 1.09375 -9.81712e-08
6.67588 1.09375 9.48352e-08
7.46128 1.09375 -1.20478e-07
8.24668 1.09375 1.06541e-07
9.03208 1.09375 1.09912e-07
9.81748 1.09375 -3.86118e-07
10.6029 1.09375 -2.23949e-07
11.3883 1.09375 1.13002e-07
12.1737 1.09375 9.62549e-08
12.9591 1.09375 -3.17184e-08
13.7445 1.09375 8.50392e-08
14.5299 1.09375 -5.18668e-08
15.3153 1.09375 1.01946e-07
16.1007 1.09375 8.24808e-08
16.8861 1.09375 -2.68953e-07
17.6715 1.09375 8.05454e-08
18.4569 1.09375 2.00767e-07
19.2423 1.09375 -4.15564e-07
20.0277 1.09375 -1.20053e-07
20.8131 1.09375 3.73081e-07
21.5984 1.09375 -7.50355e-08
22.3838 1.09375 -3.96733e-07
23.1692 1.09375 5.13845e-08
23.9546 1.09375 3.82923e-07
24.74 1.09375 -3.25846e-07
0.392699 1.15625 -7.34029e-08
1.1781 1.15625 4.16092e-07
1.9635 1.15625 4.40142e-08
2.74889 1.15625 2.24634e-08
3.53429 1.15625 1.88924e-07
4.31969 1.15625 1.75397e-07
5.10509 1.15625 -5.62583e-08
5.89049 1.15625 -2.89904e-08
6.67588 1.15625 8.44404e-08
7.46128 1.15625 -1.45105e-07
8.24668 1.15625 1.84739e-07
9.03208 1.15625 7.66731e-08
9.81748 1.15625 -4.50667e-07
10.6029 1.15625 -1.75098e-07
11.3883 1.15625 1.36402e-07
12.1737 1.15625 1.00916e-07
12.9591 1.15625 -5.25759e-08
13.7445 1.15625 4.89957e-08
14.5299 1.15625 -4.67667e-08
15.3153 1.15625 1.23025e-07
16.1007 1.15625 3.93131e-08
16.8861 1.15625 -2.95156e-07
17.6715 1.15625 8.06384e-08
18.4569 1.15625 2.11797e-07
19.2423 1.15625 -3.86835e-07
20.0277 1.15625 -7.33821e-08
20.8131 1.15625 3.64729e-07
21.5984 1.15625 -8.64663e-08
22.3838 1.15625 -3.62432e-07
23.1692 1.15625 5.38097e-09
23.9546 1.15625 3.01829e-07
24.74 1.15625 -3.69254e-07
0.392699 1.21875 2.03354e-08
1.1781 1.21875 4.82033e-07
1.9635 1.21875 1.76226e-08
2.74889 1.21875 8.35218e-08
3.53429 1.21875 1.64979e-07
4.31969 1.21875 3.0859e-08
5.10509 1.21875 -2.65426e-08
5.89049 1.21875 4.88604e-08
6.67588 1.21875 6.70192e-08
7.46128 1.21875 -1.77681e-07
8.24668 1.21875 2.5972e-07
9.03208 1.21875 4.95999e-08
9.81748 1.21875 -5.00417e-07
10.6029 1.21875 -1.25562e-07
11.3883 1.21875 1.34158e-07
12.1737 1.21875 1.08382e-07
12.9591 1.21875 -6.90783e-08
13.7445 1.21875 8.85424e-09
14.5299 1.21875 -1.7342e-08
15.3153 1.21875 1.40934e-07
16.1007 1.21875 1.76688e-09
16.8861 1.21875 -3.29612e-07
17.6715 1.21875 7.26299e-08
18.4569 1.21875 2.3309e-07
19.2423 1.21875 -3.59202e-07
20.0277 1.21875 -3.44577e-08
20.8131 1.21875 3.61458e-07
21.5984 1.21875 -8.90266e-08
22.3838 1.21875 -3.27993e-07
23.1692 1.21875 -1.07845e-08
23.9546 1.21875 1.98005e-07
24.74 1.21875 -4.10434e-07
0.392699 1.28125 1.20697e-07
1.1781 1.28125 4.90309e-07
1.9635 1.28125 -5.04997e-08
2.74889 1.28125 1.5205e-07
3.53429 1.28125 1.69705e-07
4.31969 1.28125 -1.06958e-07
5.10509 1.28125 7.09991e-09
5.89049 1.28125 1.25541e-07
6.67588 1.28125 3.96998e-08
7.46128 1.28125 -2.17398e-07
8.24668 1.28125 3.25304e-07
9.03208 1.28125 3.39053e-08
9.81748 1.28125 -5.27024e-07
10.6029 1.28125 -9.28821e-08
11.3883 1.28125 1.16773e-07
12.1737 1.28125 1.27431e-07
12.9591 1.28125 -8.03265e-08
13.7445 1.28125 -2.8097e-08
14.5299 1.28125 2.51989e-08
15.3153 1.28125 1.481e-07
16.1007 1.28125 -2.72081e-08
16.8861 1.28125 -3.70965e-07
17.6715 1.28125 5.63004e-08
18.4569 1.28125 2.73472e-07
19.2423 1.28125 -3.19342e-07
20.0277 1.28125 -1.60041e-08
20.8131 1.28125 3.50217e-07
21.5984 1.28125 -7.4017e-08
22.3838 1.28125 -2.99229e-07
23.1692 1.28125 -6.06712e-09
23.9546 1.28125 9.08049e-08
24.74 1.28125 -4.29599e-07
0.392699 1.34375 2.05757e-07
1.1781 1.34375 4.39674e-07
1.9635 1.34375 -1.4067e-07
2.74889 1.34375 2.17593e-07
3.53429 1.34375 1.98667e-07
4.31969 1.34375 -2.14731e-07
5.10509 1.34375 3.49933e-08
5.89049 1.34375 1.82635e-07
6.67588 1.34375 4.87129e-09
7.46128 1.34375 -2.54905e-07
8.24668 1.34375 3.71873e-07
9.03208 1.34375 2.96925e-08
9.81748 1.34375 -5.23242e-07
10.6029 1.34375 -8.47356e-08
11.3883 1.34375 9.26268e-08
12.1737 1.34375 1.6029e-07
12.9591 1.34375 -8.51975e-08
13.7445 1.34375 -5.51951e-08
14.5299 1.34375 6.72521e-08
15.3153 1.34375 1.4032e-07
16.1007 1.34375 -4.36313e-08
16.8861 1.34375 -4.14796e-07
17.6715 1.34375 3.23158e-08
18.4569 1.34375 3.34216e-07
19.2423 1.34375 -2.55056e-07
20.0277 1.34375 -2.62409e-08
20.8131 1.34375 3.17861e-07
21.5984 1.34375 -3.88693e-08
22.3838 1.34375 -2.79275e-07
23.1692 1.34375 6.53319e-09
23.9546 1.34375 -1.62913e-10
24.74 1.34375 -4.13433e-07
0.392699 1.40625 2.59304e-07
1.1781 1.40625 3.43802e-07
1.9635 1.40625 -2.28355e-07
2.74889 1.40625 2.71279e-07
3.53429 1.40625 2.39704e-07
4.31969 1.40625 -2.74629e-07
5.10509 1.40625 4.95374e-08
5.89049 1.40625 2.00985e-07
6.67588 1.40625 -2.96575e-08
7.46128 1.40625 -2.76929e-07
8.24668 1.40625 3.89274e-07
9.03208 1.40625 3.43948e-08
9.81748 1.40625 -4.86988e-07
10.6029 1.40625 -9.6131e-08
11.3883 1.40625 6.67353e-08
12.1737 1.40625 2.00542e-07
12.9591 1.40625 -8.33487e-08
13.7445 1.40625 -6.86001e-08
14.5299 1.40625 1.00135e-07
15.3153 1.40625 1.17317e-07
16.1007 1.40625 -4.61892e-08
16.8861 1.40625 -4.517e-07
17.6715 1.40625 2.34383e-09
18.4569 1.40625 4.04811e-07
19.2423 1.40625 -1.64459e-07
20.0277 1.40625 -6.51805e-08
20.8131 1.40625 2.60396e-07
21.5984 1.40625 1.04187e-08
22.3838 1.40625 -2.66348e-07
23.1692 1.40625 1.7557e-08
23.9546 1.40625 -6.27016e-08
24.74 1.40625 -3.61485e-07
0.392699 1.46875 2.76956e-07
1.1781 1.46875 2.26968e-07
1.9635 1.46875 -2.93006e-07
2.74889 1.46875 3.07161e-07
3.53429 1.46875 2.76993e-07
4.31969 1.46875 -2.81352e-07
5.10509 1.46875 4.66693e-08
5.89049 1.46875 1.72382e-07
6.67588 1.46875 -5.48625e-08
7.46128 1.46875 -2.74668e-07
8.24668 1.46875 3.74756e-07
9.03208 1.46875 4.49286e-08
9.81748 1.46875 -4.25214e-07
10.6029 1.46875 -1.14163e-07
11.3883 1.46875 4.22243e-08
12.1737 1.46875 2.35219e-07
12.9591 1.46875 -7.59517e-08
13.7445 1.46875 -6.68335e-08
14.5299 1.46875 1.2131e-07
15.3153 1.46875 8.21675e-08
16.1007 1.46875 -3.75201e-08
16.8861 1.46875 -4.71283e-07
17.6715 1.46875 -3.14317e-08
18.4569 1.46875 4.69391e-07
19.2423 1.46875 -5.89037e-08
20.0277 1.46875 -1.26752e-07
20.8131 1.46875 1.86441e-07
21.5984 1.46875 6.28782e-08
22.3838 1.46875 -2.53146e-07
23.1692 1.46875 2.37523e-08
23.9546 1.46875 -9.59729e-08
24.74 1.46875 -2.85491e-07
0.392699 1.53125 2.63291e-07
1.1781 1.53125 1.16185e-07
1.9635 1.53125 -3.21769e-07
2.74889 1.53125 3.21371e-07
3.53429 1.53125 2.95423e-07
4.31969 1.53125 -2.43856e-07
5.10509 1.53125 2.71477e-08
5.89049 1.53125 1.06957e-07
6.67588 1.53125 -6.4882e-08
7.46128 1.53125 -2.48042e-07
8.24668 1.53125 3.35477e-07
9.03208 1.53125 5.69871e-08
9.81748 1.53125 -3.51092e-07
10.6029 1.53125 -1.2624e-07
11.3883 1.53125 2.18595e-08
12.1737 1.53125 2.50807e-07
12.9591 1.53125 -6.56437e-08
13.7445 1.53125 -5.04961e-08
14.5299 1.53125 1.30986e-07
15.3153 1.53125 4.01587e-08
16.1007 1.53125 -2.35171e-08
16.8861 1.53125 -4.65496e-07
17.6715 1.53125 -6.40622e-08
18.4569 1.53125 5.11787e-07
19.2423 1.53125 4.00476e-08
20.0277 1.53125 -1.97747e-07
20.8131 1.53125 1.12749e-07
21.5984 1.53125 1.06728e-07
22.3838 1.53125 -2.30273e-07
23.1692 1.53125 2.55851e-08
23.9546 1.53125 -1.06777e-07
24.74 1.53125 -2.02747e-07
0.392699 1.59375 2.27993e-07
1.1781 1.59375 3.05235e-08
1.9635 1.59375 -3.11948e-07
2.74889 1.59375 3.1368e-07
3.53429 1.59375 2.86674e-07
4.31969 1.59375 -1.81904e-07
5.10509 1.59375 -3.92694e-09
5.89049 1.59375 2.96105e-08
6.67588 1.59375 -5.92114e-08
7.46128 1.59375 -2.04829e-07
8.24668 1.59375 2.85271e-07
9.03208 1.59375 6.43408e-08
9.81748 1.59375 -2.7899e-07
10.6029 1.59375 -1.25274e-07
11.3883 1.59375 7.97212e-09
12.1737 1.59375 2.39578e-07
12.9591 1.59375 -5.44421e-08
13.7445 1.59375 -2.21145e-08
14.5299 1.59375 1.28421e-07
15.3153 1.59375 -2.19338e-09
16.1007 1.59375 -1.03835e-08
16.8861 1.59375 -4.32687e-07
17.6715 1.59375 -8.65957e-08
18.4569 1.59375 5.22039e-07
19.2423 1.59375 1.08672e-07
20.0277 1.59375 -2.61251e-07
20.8131 1.59375 5.58702e-08
21.5984 1.59375 1.33446e-07
22.3838 1.59375 -1.92245e-07
23.1692 1.59375 2.53883e-08
23.9546 1.59375 -1.04671e-07
24.74 1.59375 -1.28605e-07
0.392699 1.65625 1.80532e-07
1.1781 1.65625 -2.3552e-08
1.9635 1.65625 -2.67844e-07
2.74889 1.65625 2.86512e-07
3.53429 1.65625 2.49609e-07
4.31969 1.65625 -1.18541e-07
5.10509 1.65625 -3.69787e-08
5.89049 1.65625 -3.17455e-08
6.67588 1.65625 -4.25238e-08
7.46128 1.65625 -1.54878e-07
8.24668 1.65625 2.34984e-07
9.03208 1.65625 6.02536e-08
9.81748 1.65625 -2.17047e-07
10.6029 1.65625 -1.10003e-07
11.3883 1.65625 1.95815e-09
12.1737 1.65625 2.02915e-07
12.9591 1.65625 -4.27146e-08
13.7445 1.65625 1.15274e-08
14.5299 1.65625 1.1182e-07
15.3153 1.65625 -3.7426e-08
16.1007 1.65625 -2.6851e-09
16.8861 1.65625 -3.74687e-07
17.6715 1.65625 -8.78738e-08
18.4569 1.65625 4.93014e-07
19.2423 1.65625 1.29877e-07
20.0277 1.65625 -2.97147e-07
20.8131 1.65625 2.51125e-08
21.5984 1.65625 1.38586e-07
22.3838 1.65625 -1.41859e-07
23.1692 1.65625 2.48525e-08
23.9546 1.65625 -9.62976e-08
24.74 1.65625 -7.15205e-08
0.392699 1.71875 1.29519e-07
1.1781 1.71875 -5.11216e-08
1.9635 1.71875 -1.99222e-07
2.74889 1.71875 2.44837e-07
3.53429 1.71875 1.90335e-07
4.31969 1.71875 -7.17508e-08
5.10509 1.71875 -6.09001e-08
5.89049 1.71875 -5.95794e-08
6.67588 1.71875 -2.2513e-08
7.46128 1.71875 -1.05833e-07
8.24668 1.71875 1.88091e-07
9.03208 1.71875 4.21352e-08
9.81748 1.71875 -1.66096e-07
10.6029 1.71875 -8.30904e-08
11.3883 1.71875 3.40971e-09
12.1737 1.71875 1.49817e-07
12.9591 1.71875 -2.96389e-08
13.7445 1.71875 4.03262e-08
14.5299 1.71875 8.13905e-08
15.3153 1.71875 -5.80995e-08
16.1007 1.71875 -1.39382e-09
16.8861 1.71875 -2.9807e-07
17.6715 1.71875 -6.25402e-08
18.4569 1.71875 4.24146e-07
19.2423 1.71875 1.01303e-07
20.0277 1.71875 -2.91366e-07
20.8131 1.71875 2.09799e-08
21.5984 1.71875 1.2359e-07
22.3838 1.71875 -9.0094e-08
23.1692 1.71875 2.36214e-08
23.9546 1.71875 -8.46359e-08
24.74 1.71875 -3.20823e-08
0.392699 1.78125 8.02208e-08
1.1781 1.78125 -5.84257e-08
1.9635 1.78125 -1.1865e-07
2.74889 1.78125 1.90785e-07
3.53429 1.78125 1.18858e-07
4.31969 1.78125 -4.67293e-08
5.10509 1.78125 -6.59066e-08
5.89049 1.78125 -5.33468e-08
6.67588 1.78125 -6.76661e-09
7.46128 1.78125 -6.1341e-08
8.24668 1.78125 1.40208e-07
9.03208 1.78125 1.41697e-08
9.81748 1.78125 -1.19787e-07
10.6029 1.78125 -4.97296e-08
11.3883 1.78125 8.57095e-09
12.1737 1.78125 9.33745e-08
12.9591 1.78125 -1.54779e-08
13.7445 1.78125 5.25795e-08
14.5299 1.78125 4.29811e-08
15.3153 1.78125 -5.90886e-08
16.1007 1.78125 -4.70893e-09
16.8861 1.78125 -2.10065e-07
17.6715 1.78125 -1.7795e-08
18.4569 1.78125 3.18065e-07
19.2423 1.78125 3.9653e-08
20.0277 1.78125 -2.37449e-07
20.8131 1.78125 3.4393e-08
21.5984 1.78125 9.25522e-08
22.3838 1.78125 -4.90474e-08
23.1692 1.78125 1.87698e-08
23.9546 1.78125 -6.84411e-08
24.74 1.78125 -6.4228e-09
0.392699 1.84375 3.77727e-08
1.1781 1.84375 -4.88309e-08
1.9635 1.84375 -4.47909e-08
2.74889 1.84375 1.25279e-07
3.53429 1.84375 5.13207e-08
4.31969 1.84375 -3.44046e-08
5.10509 1.84375 -4.97909e-08
5.89049 1.84375 -2.83286e-08
6.67588 1.84375 5.76044e-10
7.46128 1.84375 -2.52741e-08
8.24668 1.84375 8.78367e-08
9.03208 1.84375 -1.05009e-08
9.81748 1.84375 -7.30897e-08
10.6029 1.84375 -1.90033e-08
11.3883 1.84375 1.14165e-08
12.1737 1.84375 4.56011e-08
12.9591 1.84375 -3.28879e-09
13.7445 1.84375 4.36958e-08
14.5299 1.84375 9.47081e-09
15.3153 1.84375 -4.21359e-08
16.1007 1.84375 -8.30633e-09
16.8861 1.84375 -1.21643e-07
17.6715 1.84375 2.28203e-08
18.4569 1.84375 1.9002e-07
19.2423 1.84375 -1.90017e-08
20.0277 1.84375 -1.46922e-07
20.8131 1.84375 4.68828e-08
21.5984 1.84375 5.27206e-08
22.3838 1.84375 -2.46029e-08
23.1692 1.84375 1.01617e-08
23.9546 1.84375 -4.6337e-08
24.74 1.84375 8.04699e-09
0.392699 1.90625 8.03317e-09
1.1781 1.90625 -2.40236e-08
1.9635 1.90625 1.82257e-10
2.74889 1.90625 5.33748e-08
3.53429 1.90625 6.64134e-09
4.31969 1.90625 -1.95807e-08
5.10509 1.90625 -2.09957e-08
5.89049 1.90625 -6.14286e-09
6.67588 1.90625 7.05364e-10
7.46128 1.90625 -3.22051e-09
8.24668 1.90625 3.53317e-08
9.03208 1.90625 -1.68351e-08
9.81748 1.90625 -2.81491e-08
10.6029 1.90625 -1.00996e-09
11.3883 1.90625 7.51413e-09
12.1737 1.90625 1.40536e-08
12.9591 1.90625 2.52781e-09
13.7445 1.90625 2.03776e-08
14.5299 1.90625 -5.71298e-09
15.3153 1.90625 -1.753e-08
16.1007 1.90625 -7.74887e-09
16.8861 1.90625 -4.49844e-08
17.6715 1.90625 3.14373e-08
18.4569 1.90625 6.75761e-08
19.2423 1.90625 -3.48045e-08
20.0277 1.90625 -4.97076e-08
20.8131 1.90625 3.58659e-08
21.5984 1.90625 1.46349e-08
22.3838 1.90625 -1.09152e-08
23.1692 1.90625 2.56128e-09
23.9546 1.90625 -2.0389e-08
24.74 1.90625 9.82011e-09
0.392699 1.96875 -1.29578e-09
1.1781 1.96875 -9.58928e-10
1.9635 1.96875 4.49453e-09
2.74889 1.96875 1.66985e-09
3.53429 1.96875 -2.49006e-09
4.31969 1.96875 -1.67341e-09
5.10509 1.96875 -3.55411e-10
5.89049 1.96875 6.08066e-10
6.67588 1.96875 -6.4801e-10
7.46128 1.96875 1.47226e-09
8.24668 1.96875 1.2642e-09
9.03208 1.96875 -2.87316e-09
9.81748 1.96875 -9.35369e-10
10.6029 1.96875 6.82327e-10
11.3883 1.96875 9.4519e-10
12.1737 1.96875 -5.54338e-10
12.9591 1.96875 9.829e-10
13.7445 1.96875 1.95225e-09
14.5299 1.96875 -1.74932e-09
15.3153 1.96875 -6.01802e-10
16.1007 1.96875 -1.55254e-09
16.8861 1.96875 -1.86835e-09
17.6715 1.96875 5.62814e-09
18.4569 1.96875 -3.0006e-11
19.2423 1.96875 -5.83982e-09
20.0277 1.96875 2.31776e-09
20.8131 1.96875 4.37473e-09
21.5984 1.96875 -2.42232e-09
22.3838 1.96875 -1.30301e-09
23.1692 1.96875 5.05392e-10
23.9546 1.96875 -1.55352e-09
24.74 1.96875 1.73249e-09
