0.392699 0.03125 1.10908e-09
1.1781 0.03125 -8.29513e-10
1.9635 0.03125 -1.02466e-09
2.74889 0.03125 -2.57856e-10
3.53429 0.03125 -5.47939e-10
4.31969 0.03125 1.07925e-10
5.10509 0.03125 7.71934e-10
5.89049 0.03125 2.08772e-10
6.67588 0.03125 -9.29653e-10
7.46128 0.03125 7.85175e-10
8.24668 0.03125 7.17972e-10
9.03208 0.03125 -4.10256e-10
9.81748 0.03125 4.34786e-10
10.6029 0.03125 -3.68482e-10
11.3883 0.03125 8.62556e-10
12.1737 0.03125 1.81603e-09
12.9591 0.03125 -7.37806e-11
13.7445 0.03125 -2.28418e-09
14.5299 0.03125 -1.08965e-09
15.3153 0.03125 -2.7647e-10
16.1007 0.03125 3.51068e-10
16.8861 0.03125 5.27968e-10
17.6715 0.03125 -1.0488e-09
18.4569 0.03125 1.25834e-09
19.2423 0.03125 1.30529e-09
20.0277 0.03125 -7.55037e-11
20.8131 0.03125 -7.46907e-10
21.5984 0.03125 -7.63233e-10
22.3838 0.03125 -9.07241e-10
23.1692 0.03125 7.36396e-10
23.9546 0.03125 7.03976e-10
24.74 0.03125 -1.34356e-10

0.392699 0.09375 -1.51397e-09
1.1781 0.09375 -3.12853e-08
1.9635 0.09375 1.16015e-08
2.74889 0.09375 1.03567e-08
3.53429 0.09375 5.20049e-09
4.31969 0.09375 2.77646e-08
5.10509 0.09375 -9.80579e-09
5.89049 0.09375 6.61336e-10
6.67588 0.09375 -5.60104e-09
7.46128 0.09375 9.64399e-09
8.24668 0.09375 -6.59596e-09
9.03208 0.09375 -1.55903e-08
9.81748 0.09375 1.78337e-08
10.6029 0.09375 8.70318e-10
11.3883 0.09375 1.77616e-08
12.1737 0.09375 -8.13725e-09
12.9591 0.09375 -3.04447e-08
13.7445 0.09375 -1.06343e-08
14.5299 0.09375 6.88687e-09
15.3153 0.09375 -1.52471e-09
16.1007 0.09375 7.92164e-09
16.8861 0.09375 1.32422e-08
17.6715 0.09375 -3.21671e-10
18.4569 0.09375 2.05326e-08
19.2423 0.09375 -1.14955e-08
20.0277 0.09375 9.62057e-09
20.8131 0.09375 -1.22812e-08
21.5984 0.09375 -2.7425e-08
22.3838 0.09375 3.27589e-08
23.1692 0.09375 1.85928e-08
23.9546 0.09375 -2.33373e-08
24.74 0.09375 -1.69042e-08

0.392699 0.15625 -1.93199e-09
1.1781 0.15625 -9.32919e-08
1.9635 0.15625 3.50759e-09
2.74889 0.15625 3.45839e-08
3.53429 0.15625 1.02399e-08
4.31969 0.15625 8.56764e-08
5.10509 0.15625 -1.02267e-08
5.89049 0.15625 -1.83627e-09
6.67588 0.15625 -1.67018e-08
7.46128 0.15625 2.50906e-08
8.24668 0.15625 -4.00349e-09
9.03208 0.15625 -5.06714e-08
9.81748 0.15625 3.34798e-08
10.6029 0.15625 -6.78201e-10
11.3883 0.15625 4.86986e-08
12.1737 0.15625 -3.05389e-09
12.9591 0.15625 -7.90828e-08
13.7445 0.15625 -4.59167e-08
14.5299 0.15625 1.55981e-08
15.3153 0.15625 8.70931e-10
16.1007 0.15625 1.58666e-08
16.8861 0.15625 3.88098e-08
17.6715 0.15625 -3.1963e-09
18.4569 0.15625 6.41593e-08
19.2423 0.15625 -3.12937e-08
20.0277 0.15625 1.09198e-08
20.8131 0.15625 -2.56376e-09
21.5984 0.15625 -8.61016e-08
22.3838 0.15625 5.71415e-08
23.1692 0.15625 7.26844e-08
23.9546 0.15625 -3.90961e-08
24.74 0.15625 -5.22245e-08

0.392699 0.21875 6.45097e-09
1.1781 0.21875 -1.66714e-07
1.9635 0.21875 -4.65115e-08
2.74889 0.21875 5.72836e-08
3.53429 0.21875 1.2018e-08
4.31969 0.21875 1.61516e-07
5.10509 0.21875 1.42361e-08
5.89049 0.21875 -2.80828e-10
6.67588 0.21875 -3.46154e-08
7.46128 0.21875 3.90271e-08
8.24668 0.21875 1.54204e-08
9.03208 0.21875 -8.8956e-08
9.81748 0.21875 4.12292e-08
10.6029 0.21875 -1.3064e-08
11.3883 0.21875 7.89737e-08
12.1737 0.21875 1.93971e-08
12.9591 0.21875 -1.23121e-07
13.7445 0.21875 -1.03212e-07
14.5299 0.21875 1.1507e-08
15.3153 0.21875 4.48668e-09
16.1007 0.21875 2.27177e-08
16.8861 0.21875 7.71314e-08
17.6715 0.21875 -1.59131e-08
18.4569 0.21875 1.25981e-07
19.2423 0.21875 -3.56775e-08
20.0277 0.21875 -1.88932e-08
20.8131 0.21875 2.6459e-08
21.5984 0.21875 -1.42327e-07
22.3838 0.21875 5.10952e-08
23.1692 0.21875 1.36537e-07
23.9546 0.21875 -3.04033e-08
24.74 0.21875 -9.0245e-08

0.392699 0.28125 2.43033e-08
1.1781 0.28125 -2.29224e-07
1.9635 0.28125 -1.28905e-07
2.74889 0.28125 6.34878e-08
3.53429 0.28125 8.99338e-09
4.31969 0.28125 2.37848e-07
5.10509 0.28125 6.25805e-08
5.89049 0.28125 1.39153e-08
6.67588 0.28125 -5.51664e-08
7.46128 0.28125 4.50166e-08
8.24668 0.28125 4.35517e-08
9.03208 0.28125 -1.15052e-07
9.81748 0.28125 4.91026e-08
10.6029 0.28125 -3.38734e-08
11.3883 0.28125 9.65721e-08
12.1737 0.28125 4.36456e-08
12.9591 0.28125 -1.57669e-07
13.7445 0.28125 -1.62925e-07
14.5299 0.28125 -2.35644e-09
15.3153 0.28125 3.91097e-09
16.1007 0.28125 2.85092e-08
16.8861 0.28125 1.24196e-07
17.6715 0.28125 -3.81444e-08
18.4569 0.28125 1.88725e-07
19.2423 0.28125 -1.035e-08
20.0277 0.28125 -7.67851e-08
20.8131 0.28125 4.72051e-08
21.5984 0.28125 -1.72459e-07
22.3838 0.28125 3.22365e-08
23.1692 0.28125 1.82956e-07
23.9546 0.28125 -9.19585e-09
24.74 0.28125 -1.17497e-07

0.392699 0.34375 4.65388e-08
1.1781 0.34375 -2.70674e-07
1.9635 0.34375 -2.22099e-07
2.74889 0.34375 5.17465e-08
3.53429 0.34375 1.46784e-09
4.31969 0.34375 2.99424e-07
5.10509 0.34375 1.25652e-07
5.89049 0.34375 4.46055e-08
6.67588 0.34375 -7.32509e-08
7.46128 0.34375 3.8801e-08
8.24668 0.34375 6.98183e-08
9.03208 0.34375 -1.22551e-07
9.81748 0.34375 6.29911e-08
10.6029 0.34375 -5.38529e-08
11.3883 0.34375 9.63006e-08
12.1737 0.34375 5.74628e-08
12.9591 0.34375 -1.88606e-07
13.7445 0.34375 -2.12507e-07
14.5299 0.34375 -1.32857e-08
15.3153 0.34375 -4.40588e-10
16.1007 0.34375 3.66017e-08
16.8861 0.34375 1.70709e-07
17.6715 0.34375 -6.7263e-08
18.4569 0.34375 2.38712e-07
19.2423 0.34375 3.93e-08
20.0277 0.34375 -1.46995e-07
20.8131 0.34375 4.46982e-08
21.5984 0.34375 -1.72778e-07
22.3838 0.34375 1.8229e-08
23.1692 0.34375 2.01754e-07
23.9546 0.34375 1.19519e-08
24.74 0.34375 -1.29417e-07

0.392699 0.40625 6.42345e-08
1.1781 0.40625 -2.91521e-07
1.9635 0.40625 -3.06063e-07
2.74889 0.40625 2.93741e-08
3.53429 0.40625 -8.07131e-09
4.31969 0.40625 3.36982e-07
5.10509 0.40625 1.93432e-07
5.89049 0.40625 8.96012e-08
6.67588 0.40625 -8.45265e-08
7.46128 0.40625 1.76132e-08
8.24668 0.40625 8.62852e-08
9.03208 0.40625 -1.10367e-07
9.81748 0.40625 8.13754e-08
10.6029 0.40625 -6.37611e-08
11.3883 0.40625 7.64335e-08
12.1737 0.40625 5.53699e-08
12.9591 0.40625 -2.1825e-07
13.7445 0.40625 -2.47821e-07
14.5299 0.40625 -1.11749e-08
15.3153 0.40625 -3.9705e-09
16.1007 0.40625 5.36065e-08
16.8861 0.40625 2.07241e-07
17.6715 0.40625 -1.01772e-07
18.4569 0.40625 2.70084e-07
19.2423 0.40625 9.54181e-08
20.0277 0.40625 -2.1577e-07
20.8131 0.40625 2.14428e-08
21.5984 0.40625 -1.46544e-07
22.3838 0.40625 1.42206e-08
23.1692 0.40625 1.90526e-07
23.9546 0.40625 3.08854e-08
24.74 0.40625 -1.24687e-07

0.392699 0.46875 6.78869e-08
1.1781 0.46875 -2.97224e-07
1.9635 0.46875 -3.67897e-07
2.74889 0.46875 5.4003e-09
3.53429 0.46875 -1.58474e-08
4.31969 0.46875 3.49531e-07
5.10509 0.46875 2.60108e-07
5.89049 0.46875 1.39441e-07
6.67588 0.46875 -8.66018e-08
7.46128 0.46875 -1.65069e-08
8.24668 0.46875 8.71667e-08
9.03208 0.46875 -8.11149e-08
9.81748 0.46875 9.75822e-08
10.6029 0.46875 -5.905e-08
11.3883 0.46875 3.83842e-08
12.1737 0.46875 3.57778e-08
12.9591 0.46875 -2.42041e-07
13.7445 0.46875 -2.66941e-07
14.5299 0.46875 5.96083e-09
15.3153 0.46875 -2.22639e-09
16.1007 0.46875 8.65222e-08
16.8861 0.46875 2.28068e-07
17.6715 0.46875 -1.40822e-07
18.4569 0.46875 2.84103e-07
19.2423 0.46875 1.38001e-07
20.0277 0.46875 -2.78688e-07
20.8131 0.46875 -8.66946e-09
21.5984 0.46875 -9.78089e-08
22.3838 0.46875 1.29344e-08
23.1692 0.46875 1.52005e-07
23.9546 0.46875 5.40536e-08
24.74 0.46875 -1.03636e-07

0.392699 0.53125 5.06712e-08
1.1781 0.53125 -2.93812e-07
1.9635 0.53125 -4.01015e-07
2.74889 0.53125 -1.57136e-08
3.53429 0.53125 -1.83909e-08
4.31969 0.53125 3.43828e-07
5.10509 0.53125 3.23908e-07
5.89049 0.53125 1.80124e-07
6.67588 0.53125 -8.02267e-08
7.46128 0.53125 -5.32404e-08
8.24668 0.53125 6.80423e-08
9.03208 0.53125 -4.2201e-08
9.81748 0.53125 1.06236e-07
10.6029 0.53125 -4.06535e-08
11.3883 0.53125 -1.28446e-08
12.1737 0.53125 -6.77684e-10
12.9591 0.53125 -2.52913e-07
13.7445 0.53125 -2.66504e-07
14.5299 0.53125 3.32381e-08
15.3153 0.53125 4.60103e-09
16.1007 0.53125 1.3805e-07
16.8861 0.53125 2.32587e-07
17.6715 0.53125 -1.8143e-07
18.4569 0.53125 2.8549e-07
19.2423 0.53125 1.53525e-07
20.0277 0.53125 -3.37534e-07
20.8131 0.53125 -3.2998e-08
21.5984 0.53125 -3.10698e-08
22.3838 0.53125 3.20886e-09
23.1692 0.53125 9.32295e-08
23.9546 0.53125 8.97589e-08
24.74 0.53125 -6.80888e-08

0.392699 0.59375 1.24427e-08
1.1781 0.59375 -2.85402e-07
1.9635 0.59375 -4.05193e-07
2.74889 0.59375 -3.51719e-08
3.53429 0.59375 -1.4457e-08
4.31969 0.59375 3.31719e-07
5.10509 0.59375 3.84595e-07
5.89049 0.59375 1.97819e-07
6.67588 0.59375 -6.93796e-08
7.46128 0.59375 -7.67416e-08
8.24668 0.59375 2.84237e-08
9.03208 0.59375 -4.73624e-09
9.81748 0.59375 1.06072e-07
10.6029 0.59375 -1.46496e-08
11.3883 0.59375 -6.96485e-08
12.1737 0.59375 -4.91319e-08
12.9591 0.59375 -2.46175e-07
13.7445 0.59375 -2.43014e-07
14.5299 0.59375 6.31267e-08
15.3153 0.59375 1.14574e-08
16.1007 0.59375 2.03363e-07
16.8861 0.59375 2.22874e-07
17.6715 0.59375 -2.17807e-07
18.4569 0.59375 2.80493e-07
19.2423 0.59375 1.39095e-07
20.0277 0.59375 -3.9622e-07
20.8131 0.59375 -4.52279e-08
21.5984 0.59375 4.86316e-08
22.3838 0.59375 -2.4934e-08
23.1692 0.59375 2.44032e-08
23.9546 0.59375 1.43406e-07
24.74 0.59375 -2.23295e-08

0.392699 0.65625 -3.91141e-08
1.1781 0.65625 -2.72905e-07
1.9635 0.65625 -3.84407e-07
2.74889 0.65625 -5.80829e-08
3.53429 0.65625 -6.65776e-09
4.31969 0.65625 3.25821e-07
5.10509 0.65625 4.39454e-07
5.89049 0.65625 1.84831e-07
6.67588 0.65625 -5.92288e-08
7.46128 0.65625 -7.46443e-08
8.24668 0.65625 -2.58027e-08
9.03208 0.65625 2.20218e-08
9.81748 0.65625 9.98604e-08
10.6029 0.65625 8.61187e-09
11.3883 0.65625 -1.24294e-07
12.1737 0.65625 -9.94367e-08
12.9591 0.65625 -2.21707e-07
13.7445 0.65625 -1.9622e-07
14.5299 0.65625 8.9571e-08
15.3153 0.65625 1.1608e-08
16.1007 0.65625 2.69909e-07
16.8861 0.65625 2.01412e-07
17.6715 0.65625 -2.43064e-07
18.4569 0.65625 2.74386e-07
19.2423 0.65625 1.01819e-07
20.0277 0.65625 -4.54891e-07
20.8131 0.65625 -4.68826e-08
21.5984 0.65625 1.35635e-07
22.3838 0.65625 -7.32496e-08
23.1692 0.65625 -4.6409e-08
23.9546 0.65625 2.12962e-07
24.74 0.65625 2.83002e-08

0.392699 0.71875 -9.15275e-08
1.1781 0.71875 -2.54008e-07
1.9635 0.71875 -3.44273e-07
2.74889 0.71875 -8.79328e-08
3.53429 0.71875 -1.01258e-09
4.31969 0.71875 3.3498e-07
5.10509 0.71875 4.8202e-07
5.89049 0.71875 1.4219e-07
6.67588 0.71875 -5.27853e-08
7.46128 0.71875 -4.71907e-08
8.24668 0.71875 -8.30224e-08
9.03208 0.71875 3.67668e-08
9.81748 0.71875 9.13443e-08
10.6029 0.71875 1.60908e-08
11.3883 0.71875 -1.70608e-07
12.1737 0.71875 -1.37631e-07
12.9591 0.71875 -1.83817e-07
13.7445 0.71875 -1.31385e-07
14.5299 0.71875 1.09251e-07
15.3153 0.71875 1.80242e-09
16.1007 0.71875 3.22203e-07
16.8861 0.71875 1.69596e-07
17.6715 0.71875 -2.5363e-07
18.4569 0.71875 2.711e-07
19.2423 0.71875 5.50318e-08
20.0277 0.71875 -5.08924e-07
20.8131 0.71875 -4.24444e-08
21.5984 0.71875 2.22491e-07
22.3838 0.71875 -1.33691e-07
23.1692 0.71875 -1.15608e-07
23.9546 0.71875 2.87871e-07
24.74 0.71875 7.82451e-08

0.392699 0.78125 -1.34702e-07
1.1781 0.78125 -2.25488e-07
1.9635 0.78125 -2.87837e-07
2.74889 0.78125 -1.21645e-07
3.53429 0.78125 -3.61799e-09
4.31969 0.78125 3.59941e-07
5.10509 0.78125 5.03468e-07
5.89049 0.78125 7.95575e-08
6.67588 0.78125 -4.8884e-08
7.46128 0.78125 -8.35082e-09
8.24668 0.78125 -1.31055e-07
9.03208 0.78125 4.70556e-08
9.81748 0.78125 8.36295e-08
10.6029 0.78125 -3.8146e-09
11.3883 0.78125 -2.0452e-07
12.1737 0.78125 -1.5079e-07
12.9591 0.78125 -1.39571e-07
13.7445 0.78125 -5.87732e-08
14.5299 0.78125 1.19922e-07
15.3153 0.78125 -1.54978e-08
16.1007 0.78125 3.48731e-07
16.8861 0.78125 1.28856e-07
17.6715 0.78125 -2.51582e-07
18.4569 0.78125 2.72077e-07
19.2423 0.78125 1.28678e-08
20.0277 0.78125 -5.49738e-07
20.8131 0.78125 -3.58838e-08
21.5984 0.78125 2.99133e-07
22.3838 0.78125 -1.90342e-07
23.1692 0.78125 -1.83949e-07
23.9546 0.78125 3.51954e-07
24.74 0.78125 1.23209e-07

0.392699 0.84375 -1.66842e-07
1.1781 0.84375 -1.86551e-07
1.9635 0.84375 -2.14944e-07
2.74889 0.84375 -1.47745e-07
3.53429 0.84375 -1.59273e-08
4.31969 0.84375 3.91692e-07
5.10509 0.84375 4.96541e-07
5.89049 0.84375 1.16442e-08
6.67588 0.84375 -4.27213e-08
7.46128 0.84375 2.20087e-08
8.24668 0.84375 -1.6196e-07
9.03208 0.84375 6.3727e-08
9.81748 0.84375 7.74183e-08
10.6029 0.84375 -5.52107e-08
11.3883 0.84375 -2.23979e-07
12.1737 0.84375 -1.32566e-07
12.9591 0.84375 -9.63158e-08
13.7445 0.84375 9.5334e-09
14.5299 0.84375 1.18473e-07
15.3153 0.84375 -3.40291e-08
16.1007 0.84375 3.47288e-07
16.8861 0.84375 8.18223e-08
17.6715 0.84375 -2.43758e-07
18.4569 0.84375 2.76507e-07
19.2423 0.84375 -1.43632e-08
20.0277 0.84375 -5.69098e-07
20.8131 0.84375 -2.84861e-08
21.5984 0.84375 3.54464e-07
22.3838 0.84375 -2.27266e-07
23.1692 0.84375 -2.52358e-07
23.9546 0.84375 3.90731e-07
24.74 0.84375 1.59857e-07

0.392699 0.90625 -1.9493e-07
1.1781 0.90625 -1.39872e-07
1.9635 0.90625 -1.24876e-07
2.74889 0.90625 -1.51368e-07
3.53429 0.90625 -3.23051e-08
4.31969 0.90625 4.142e-07
5.10509 0.90625 4.58773e-07
5.89049 0.90625 -4.66517e-08
6.67588 0.90625 -2.867e-08
7.46128 0.90625 2.95411e-08
8.24668 0.90625 -1.73545e-07
9.03208 0.90625 9.38176e-08
9.81748 0.90625 7.00678e-08
10.6029 0.90625 -1.30757e-07
11.3883 0.90625 -2.28813e-07
12.1737 0.90625 -8.69044e-08
12.9591 0.90625 -5.94489e-08
13.7445 0.90625 6.36235e-08
14.5299 0.90625 1.01537e-07
15.3153 0.90625 -4.79575e-08
16.1007 0.90625 3.25179e-07
16.8861 0.90625 3.27837e-08
17.6715 0.90625 -2.37256e-07
18.4569 0.90625 2.81432e-07
19.2423 0.90625 -2.39695e-08
20.0277 0.90625 -5.62366e-07
20.8131 0.90625 -1.94121e-08
21.5984 0.90625 3.80894e-07
22.3838 0.90625 -2.35643e-07
23.1692 0.90625 -3.19017e-07
23.9546 0.90625 3.98051e-07
24.74 0.90625 1.84826e-07

0.392699 0.96875 -2.28596e-07
1.1781 0.96875 -8.78226e-08
1.9635 0.96875 -2.22271e-08
2.74889 0.96875 -1.23384e-07
3.53429 0.96875 -4.15798e-08
4.31969 0.96875 4.11841e-07
5.10509 0.96875 3.9389e-07
5.89049 0.96875 -8.56236e-08
6.67588 0.96875 -3.14444e-09
7.46128 0.96875 1.15178e-08
8.24668 0.96875 -1.67023e-07
9.03208 0.96875 1.37672e-07
9.81748 0.96875 5.49883e-08
10.6029 0.96875 -2.13618e-07
11.3883 0.96875 -2.20637e-07
12.1737 0.96875 -2.69002e-08
12.9591 0.96875 -3.12939e-08
13.7445 0.96875 9.80957e-08
14.5299 0.96875 6.85773e-08
15.3153 0.96875 -5.40588e-08
16.1007 0.96875 2.95317e-07
16.8861 0.96875 -1.40117e-08
17.6715 0.96875 -2.36636e-07
18.4569 0.96875 2.83957e-07
19.2423 0.96875 -2.08567e-08
20.0277 0.96875 -5.3174e-07
20.8131 0.96875 -5.90016e-09
21.5984 0.96875 3.78672e-07
22.3838 0.96875 -2.18104e-07
23.1692 0.96875 -3.7749e-07
23.9546 0.96875 3.78452e-07
24.74 0.96875 1.92002e-07

0.392699 1.03125 -2.72502e-07
1.1781 1.03125 -2.83706e-08
1.9635 1.03125 8.07471e-08
2.74889 1.03125 -6.81454e-08
3.53429 1.03125 -3.20469e-08
4.31969 1.03125 3.76937e-07
5.10509 1.03125 3.09809e-07
5.89049 1.03125 -1.02683e-07
6.67588 1.03125 3.43207e-08
7.46128 1.03125 -2.50415e-08
8.24668 1.03125 -1.45467e-07
9.03208 1.03125 1.90771e-07
9.81748 1.03125 2.51849e-08
10.6029 1.03125 -2.84946e-07
11.3883 1.03125 -2.02965e-07
12.1737 1.03125 3.11921e-08
12.9591 1.03125 -1.09569e-08
13.7445 1.03125 1.11103e-07
14.5299 1.03125 2.43218e-08
15.3153 1.03125 -5.08067e-08
16.1007 1.03125 2.69909e-07
16.8861 1.03125 -5.59534e-08
17.6715 1.03125 -2.43218e-07
18.4569 1.03125 2.82735e-07
19.2423 1.03125 -1.43998e-08
20.0277 1.03125 -4.85536e-07
20.8131 1.03125 1.55741e-08
21.5984 1.03125 3.5665e-07
22.3838 1.03125 -1.86414e-07
23.1692 1.03125 -4.18541e-07
23.9546 1.03125 3.43665e-07
24.74 1.03125 1.72662e-07

0.392699 1.09375 -3.21854e-07
1.1781 1.09375 4.43082e-08
1.9635 1.09375 1.65853e-07
2.74889 1.09375 -3.478e-09
3.53429 1.09375 3.93323e-09
4.31969 1.09375 3.13235e-07
5.10509 1.09375 2.14967e-07
5.89049 1.09375 -1.00432e-07
6.67588 1.09375 8.23869e-08
7.46128 1.09375 -7.11869e-08
8.24668 1.09375 -1.13817e-07
9.03208 1.09375 2.47361e-07
9.81748 1.09375 -2.1451e-08
10.6029 1.09375 -3.31924e-07
11.3883 1.09375 -1.81545e-07
12.1737 1.09375 7.54949e-08
12.9591 1.09375 5.19183e-09
13.7445 1.09375 1.02845e-07
14.5299 1.09375 -2.199e-08
15.3153 1.09375 -3.72931e-08
16.1007 1.09375 2.55869e-07
16.8861 1.09375 -9.2828e-08
17.6715 1.09375 -2.57777e-07
18.4569 1.09375 2.79013e-07
19.2423 1.09375 -1.10901e-08
20.0277 1.09375 -4.34989e-07
20.8131 1.09375 4.62521e-08
21.5984 1.09375 3.28062e-07
22.3838 1.09375 -1.55113e-07
23.1692 1.09375 -4.32607e-07
23.9546 1.09375 3.06178e-07
24.74 1.09375 1.19075e-07

0.392699 1.15625 -3.64044e-07
1.1781 1.15625 1.3287e-07
1.9635 1.15625 2.15544e-07
2.74889 1.15625 4.74634e-08
3.53429 1.15625 6.69112e-08
4.31969 1.15625 2.33286e-07
5.10509 1.15625 1.16094e-07
5.89049 1.15625 -8.25875e-08
6.67588 1.15625 1.38714e-07
7.46128 1.15625 -1.2177e-07
8.24668 1.15625 -7.94026e-08
9.03208 1.15625 3.01903e-07
9.81748 1.15625 -7.77559e-08
10.6029 1.15625 -3.51689e-07
11.3883 1.15625 -1.63946e-07
12.1737 1.15625 1.0287e-07
12.9591 1.15625 2.19255e-08
13.7445 1.15625 7.5708e-08
14.5299 1.15625 -6.02689e-08
15.3153 1.15625 -1.451e-08
16.1007 1.15625 2.53418e-07
16.8861 1.15625 -1.25266e-07
17.6715 1.15625 -2.81758e-07
18.4569 1.15625 2.74448e-07
19.2423 1.15625 -9.43953e-09
20.0277 1.15625 -3.87527e-07
20.8131 1.15625 8.14254e-08
21.5984 1.15625 3.04212e-07
22.3838 1.15625 -1.34117e-07
23.1692 1.15625 -4.14621e-07
23.9546 1.15625 2.73347e-07
24.74 1.15625 3.19056e-08

0.392699 1.21875 -3.84105e-07
1.1781 1.21875 2.30756e-07
1.9635 1.21875 2.18513e-07
2.74889 1.21875 6.72133e-08
3.53429 1.21875 1.50306e-07
4.31969 1.21875 1.53296e-07
5.10509 1.21875 1.98862e-08
5.89049 1.21875 -5.28969e-08
6.67588 1.21875 1.9842e-07
7.46128 1.21875 -1.75685e-07
8.24668 1.21875 -4.96266e-08
9.03208 1.21875 3.48685e-07
9.81748 1.21875 -1.29542e-07
10.6029 1.21875 -3.49422e-07
11.3883 1.21875 -1.57664e-07
12.1737 1.21875 1.17705e-07
12.9591 1.21875 4.28636e-08
13.7445 1.21875 3.60863e-08
14.5299 1.21875 -8.32681e-08
15.3153 1.21875 1.24507e-08
16.1007 1.21875 2.58763e-07
16.8861 1.21875 -1.5319e-07
17.6715 1.21875 -3.17428e-07
18.4569 1.21875 2.69098e-07
19.2423 1.21875 1.1235e-09
20.0277 1.21875 -3.43003e-07
20.8131 1.21875 1.09459e-07
21.5984 1.21875 2.90007e-07
22.3838 1.21875 -1.25415e-07
23.1692 1.21875 -3.67232e-07
23.9546 1.21875 2.45201e-07
24.74 1.21875 -7.59603e-08

0.392699 1.28125 -3.71724e-07
1.1781 1.28125 3.22009e-07
1.9635 1.28125 1.74259e-07
2.74889 1.28125 5.11615e-08
3.53429 1.28125 2.4132e-07
4.31969 1.28125 8.79733e-08
5.10509 1.28125 -6.40176e-08
5.89049 1.28125 -1.70282e-08
6.67588 1.28125 2.51695e-07
7.46128 1.28125 -2.3049e-07
8.24668 1.28125 -2.92555e-08
9.03208 1.28125 3.80701e-07
9.81748 1.28125 -1.61995e-07
10.6029 1.28125 -3.32782e-07
11.3883 1.28125 -1.66861e-07
12.1737 1.28125 1.27017e-07
12.9591 1.28125 6.87033e-08
13.7445 1.28125 -6.33563e-09
14.5299 1.28125 -8.82337e-08
15.3153 1.28125 3.52711e-08
16.1007 1.28125 2.66746e-07
16.8861 1.28125 -1.7488e-07
17.6715 1.28125 -3.64084e-07
18.4569 1.28125 2.59876e-07
19.2423 1.28125 3.31604e-08
20.0277 1.28125 -2.94489e-07
20.8131 1.28125 1.16595e-07
21.5984 1.28125 2.83336e-07
22.3838 1.28125 -1.24795e-07
23.1692 1.28125 -3.01498e-07
23.9546 1.28125 2.16825e-07
24.74 1.28125 -1.81684e-07

0.392699 1.34375 -3.25363e-07
1.1781 1.34375 3.88645e-07
1.9635 1.34375 9.26659e-08
2.74889 1.34375 7.70076e-09
3.53429 1.34375 3.24444e-07
4.31969 1.34375 4.74767e-08
5.10509 1.34375 -1.23448e-07
5.89049 1.34375 1.53606e-08
6.67588 1.34375 2.85078e-07
7.46128 1.34375 -2.79266e-07
8.24668 1.34375 -1.90449e-08
9.03208 1.34375 3.91666e-07
9.81748 1.34375 -1.67221e-07
10.6029 1.34375 -3.07031e-07
11.3883 1.34375 -1.89753e-07
12.1737 1.34375 1.35572e-07
12.9591 1.34375 9.69469e-08
13.7445 1.34375 -4.18866e-08
14.5299 1.34375 -7.60701e-08
15.3153 1.34375 4.63808e-08
16.1007 1.34375 2.72679e-07
16.8861 1.34375 -1.87853e-07
17.6715 1.34375 -4.16632e-07
18.4569 1.34375 2.42568e-07
19.2423 1.34375 9.40422e-08
20.0277 1.34375 -2.35754e-07
20.8131 1.34375 9.36997e-08
21.5984 1.34375 2.7764e-07
22.3838 1.34375 -1.26298e-07
23.1692 1.34375 -2.31326e-07
23.9546 1.34375 1.83265e-07
24.74 1.34375 -2.62418e-07

0.392699 1.40625 -2.53404e-07
1.1781 1.40625 4.18522e-07
1.9635 1.40625 -7.67022e-09
2.74889 1.40625 -4.64046e-08
3.53429 1.40625 3.84683e-07
4.31969 1.40625 3.47795e-08
5.10509 1.40625 -1.48707e-07
5.89049 1.40625 3.30772e-08
6.67588 1.40625 2.87066e-07
7.46128 1.40625 -3.11791e-07
8.24668 1.40625 -1.70701e-08
9.03208 1.40625 3.7902e-07
9.81748 1.40625 -1.46675e-07
10.6029 1.40625 -2.74067e-07
11.3883 1.40625 -2.18227e-07
12.1737 1.40625 1.4399e-07
12.9591 1.40625 1.22435e-07
13.7445 1.40625 -6.50883e-08
14.5299 1.40625 -4.9847e-08
15.3153 1.40625 4.32408e-08
16.1007 1.40625 2.71745e-07
16.8861 1.40625 -1.89519e-07
17.6715 1.40625 -4.64969e-07
18.4569 1.40625 2.13819e-07
19.2423 1.40625 1.79572e-07
20.0277 1.40625 -1.67362e-07
20.8131 1.40625 4.19509e-08
21.5984 1.40625 2.65505e-07
22.3838 1.40625 -1.25138e-07
23.1692 1.40625 -1.67529e-07
23.9546 1.40625 1.43554e-07
24.74 1.40625 -3.04165e-07

0.392699 1.46875 -1.70549e-07
1.1781 1.46875 4.0994e-07
1.9635 1.46875 -1.05323e-07
2.74889 1.46875 -9.29185e-08
3.53429 1.46875 4.12106e-07
4.31969 1.46875 4.54817e-08
5.10509 1.46875 -1.38911e-07
5.89049 1.46875 2.85752e-08
6.67588 1.46875 2.55055e-07
7.46128 1.46875 -3.20635e-07
8.24668 1.46875 -1.9616e-08
9.03208 1.46875 3.46921e-07
9.81748 1.46875 -1.09813e-07
10.6029 1.46875 -2.35296e-07
11.3883 1.46875 -2.40866e-07
12.1737 1.46875 1.49652e-07
12.9591 1.46875 1.38513e-07
13.7445 1.46875 -7.50213e-08
14.5299 1.46875 -1.37406e-08
15.3153 1.46875 2.87538e-08
16.1007 1.46875 2.60042e-07
16.8861 1.46875 -1.79044e-07
17.6715 1.46875 -4.98845e-07
18.4569 1.46875 1.74929e-07
19.2423 1.46875 2.76015e-07
20.0277 1.46875 -9.94181e-08
20.8131 1.46875 -2.774e-08
21.5984 1.46875 2.42268e-07
22.3838 1.46875 -1.18084e-07
23.1692 1.46875 -1.13774e-07
23.9546 1.46875 1.00996e-07
24.74 1.46875 -3.0634e-07

0.392699 1.53125 -9.30653e-08
1.1781 1.53125 3.69582e-07
1.9635 1.53125 -1.80666e-07
2.74889 1.53125 -1.1808e-07
3.53429 1.53125 4.03448e-07
4.31969 1.53125 6.91211e-08
5.10509 1.53125 -1.04246e-07
5.89049 1.53125 2.98024e-09
6.67588 1.53125 1.97942e-07
7.46128 1.53125 -3.04574e-07
8.24668 1.53125 -2.18972e-08
9.03208 1.53125 3.03534e-07
9.81748 1.53125 -6.92247e-08
10.6029 1.53125 -1.93936e-07
11.3883 1.53125 -2.47389e-07
12.1737 1.53125 1.49165e-07
12.9591 1.53125 1.39205e-07
13.7445 1.53125 -7.34928e-08
14.5299 1.53125 2.6593e-08
15.3153 1.53125 8.88558e-09
16.1007 1.53125 2.351e-07
16.8861 1.53125 -1.58525e-07
17.6715 1.53125 -5.09081e-07
18.4569 1.53125 1.32603e-07
19.2423 1.53125 3.62346e-07
20.0277 1.53125 -4.60575e-08
20.8131 1.53125 -9.78806e-08
21.5984 1.53125 2.0745e-07
22.3838 1.53125 -1.03284e-07
23.1692 1.53125 -6.88347e-08
23.9546 1.53125 6.10076e-08
24.74 1.53125 -2.77885e-07

0.392699 1.59375 -3.22222e-08
1.1781 1.59375 3.08019e-07
1.9635 1.59375 -2.22518e-07
2.74889 1.59375 -1.1635e-07
3.53429 1.59375 3.63983e-07
4.31969 1.59375 9.30446e-08
5.10509 1.59375 -6.26384e-08
5.89049 1.59375 -3.3849e-08
6.67588 1.59375 1.32608e-07
7.46128 1.59375 -2.69113e-07
8.24668 1.59375 -1.87816e-08
9.03208 1.59375 2.57222e-07
9.81748 1.59375 -3.66291e-08
10.6029 1.59375 -1.55147e-07
11.3883 1.59375 -2.32398e-07
12.1737 1.59375 1.40478e-07
12.9591 1.59375 1.22116e-07
13.7445 1.59375 -6.21373e-08
14.5299 1.59375 6.38788e-08
15.3153 1.59375 -1.08819e-08
16.1007 1.59375 1.98141e-07
16.8861 1.59375 -1.33978e-07
17.6715 1.59375 -4.90361e-07
18.4569 1.59375 9.87924e-08
19.2423 1.59375 4.17715e-07
20.0277 1.59375 -1.95315e-08
20.8131 1.59375 -1.51313e-07
21.5984 1.59375 1.65453e-07
22.3838 1.59375 -8.11596e-08
23.1692 1.59375 -3.00211e-08
23.9546 1.59375 2.80625e-08
24.74 1.59375 -2.32018e-07

0.392699 1.65625 7.87124e-09
1.1781 1.65625 2.34688e-07
1.9635 1.65625 -2.28326e-07
2.74889 1.65625 -9.00214e-08
3.53429 1.65625 3.03927e-07
4.31969 1.65625 1.04965e-07
5.10509 1.65625 -3.14365e-08
5.89049 1.65625 -6.68385e-08
6.67588 1.65625 7.56974e-08
7.46128 1.65625 -2.21685e-07
8.24668 1.65625 -7.25116e-09
9.03208 1.65625 2.1109e-07
9.81748 1.65625 -1.90245e-08
10.6029 1.65625 -1.22596e-07
11.3883 1.65625 -1.9613e-07
12.1737 1.65625 1.23711e-07
12.9591 1.65625 9.07928e-08
13.7445 1.65625 -4.27002e-08
14.5299 1.65625 8.91565e-08
15.3153 1.65625 -2.66642e-08
16.1007 1.65625 1.53124e-07
16.8861 1.65625 -1.12374e-07
17.6715 1.65625 -4.38201e-07
18.4569 1.65625 8.38342e-08
19.2423 1.65625 4.23773e-07
20.0277 1.65625 -2.27899e-08
20.8131 1.65625 -1.74857e-07
21.5984 1.65625 1.23448e-07
22.3838 1.65625 -5.49951e-08
23.1692 1.65625 2.29123e-09
23.9546 1.65625 4.06069e-09
24.74 1.65625 -1.79786e-07

0.392699 1.71875 3.02293e-08
1.1781 1.71875 1.57168e-07
1.9635 1.71875 -2.03625e-07
2.74889 1.71875 -4.75632e-08
3.53429 1.71875 2.35372e-07
4.31969 1.71875 9.70286e-08
5.10509 1.71875 -1.97911e-08
5.89049 1.71875 -8.2593e-08
6.67588 1.71875 3.67328e-08
7.46128 1.71875 -1.68846e-07
8.24668 1.71875 1.13072e-08
9.03208 1.71875 1.64197e-07
9.81748 1.71875 -1.71603e-08
10.6029 1.71875 -9.64568e-08
11.3883 1.71875 -1.44054e-07
12.1737 1.71875 1.00631e-07
12.9591 1.71875 5.39764e-08
13.7445 1.71875 -1.81718e-08
14.5299 1.71875 9.47165e-08
15.3153 1.71875 -3.62777e-08
16.1007 1.71875 1.0692e-07
16.8861 1.71875 -9.82522e-08
17.6715 1.71875 -3.5365e-07
18.4569 1.71875 9.05997e-08
19.2423 1.71875 3.73102e-07
20.0277 1.71875 -4.89394e-08
20.8131 1.71875 -1.636e-07
21.5984 1.71875 8.94612e-08
22.3838 1.71875 -3.00988e-08
23.1692 1.71875 2.44531e-08
23.9546 1.71875 -1.22221e-08
24.74 1.71875 -1.28502e-07

0.392699 1.78125 3.80634e-08
1.1781 1.78125 8.34145e-08
1.9635 1.78125 -1.5496e-07
2.74889 1.78125 -2.24849e-09
3.53429 1.78125 1.64921e-07
4.31969 1.78125 6.84864e-08
5.10509 1.78125 -2.33508e-08
5.89049 1.78125 -7.43675e-08
6.67588 1.78125 1.55188e-08
7.46128 1.78125 -1.14155e-07
8.24668 1.78125 2.9782e-08
9.03208 1.78125 1.12965e-07
9.81748 1.78125 -2.4414e-08
10.6029 1.78125 -7.18454e-08
11.3883 1.78125 -8.60482e-08
12.1737 1.78125 7.31953e-08
12.9591 1.78125 2.27181e-08
13.7445 1.78125 4.755e-09
14.5299 1.78125 7.74113e-08
15.3153 1.78125 -3.76663e-08
16.1007 1.78125 6.51666e-08
16.8861 1.78125 -8.83461e-08
17.6715 1.78125 -2.42473e-07
18.4569 1.78125 1.05568e-07
19.2423 1.78125 2.70069e-07
20.0277 1.78125 -7.80778e-08
20.8131 1.78125 -1.19974e-07
21.5984 1.78125 6.57245e-08
22.3838 1.78125 -1.16983e-08
23.1692 1.78125 3.13479e-08
23.9546 1.78125 -2.22805e-08
24.74 1.78125 -8.06848e-08

0.392699 1.84375 3.28732e-08
1.1781 1.84375 2.52612e-08
1.9635 1.84375 -9.19969e-08
2.74889 1.84375 2.81561e-08
3.53429 1.84375 9.60012e-08
4.31969 1.84375 3.0298e-08
5.10509 1.84375 -2.73248e-08
5.89049 1.84375 -4.6846e-08
6.67588 1.84375 5.81179e-09
7.46128 1.84375 -6.22188e-08
8.24668 1.84375 3.6856e-08
9.03208 1.84375 5.99974e-08
9.81748 1.84375 -2.86715e-08
10.6029 1.84375 -4.46676e-08
11.3883 1.84375 -3.57448e-08
12.1737 1.84375 4.37422e-08
12.9591 1.84375 4.28144e-09
13.7445 1.84375 1.74144e-08
14.5299 1.84375 4.47848e-08
15.3153 1.84375 -2.96523e-08
16.1007 1.84375 3.2074e-08
16.8861 1.84375 -7.23834e-08
17.6715 1.84375 -1.24806e-07
18.4569 1.84375 1.02705e-07
19.2423 1.84375 1.4179e-07
20.0277 1.84375 -8.41654e-08
20.8131 1.84375 -5.88995e-08
21.5984 1.84375 4.68788e-08
22.3838 1.84375 -3.40364e-09
23.1692 1.84375 2.30764e-08
23.9546 1.84375 -2.46405e-08
24.74 1.84375 -3.89019e-08

0.392699 1.90625 1.58143e-08
1.1781 1.90625 -3.39143e-09
1.9635 1.90625 -3.05528e-08
2.74889 1.90625 2.78297e-08
3.53429 1.90625 3.43572e-08
4.31969 1.90625 2.20971e-09
5.10509 1.90625 -1.76804e-08
5.89049 1.90625 -1.55892e-08
6.67588 1.90625 9.55308e-10
7.46128 1.90625 -2.06536e-08
8.24668 1.90625 2.4549e-08
9.03208 1.90625 1.64164e-08
9.81748 1.90625 -1.9289e-08
10.6029 1.90625 -1.68155e-08
11.3883 1.90625 -5.96702e-09
12.1737 1.90625 1.66234e-08
12.9591 1.90625 -9.86828e-10
13.7445 1.90625 1.41849e-08
14.5299 1.90625 1.33701e-08
15.3153 1.90625 -1.42181e-08
16.1007 1.90625 9.15754e-09
16.8861 1.90625 -4.02721e-08
17.6715 1.90625 -3.1845e-08
18.4569 1.90625 6.02666e-08
19.2423 1.90625 3.44942e-08
20.0277 1.90625 -4.9356e-08
20.8131 1.90625 -8.07964e-09
21.5984 1.90625 2.27321e-08
22.3838 1.90625 -2.95093e-09
23.1692 1.90625 8.58478e-09
23.9546 1.90625 -1.57835e-08
24.74 1.90625 -9.11031e-09

0.392699 1.96875 4.99788e-10
1.1781 1.96875 -2.47598e-09
1.9635 1.96875 1.54289e-09
2.74889 1.96875 3.71557e-09
3.53429 1.96875 -1.43e-12
4.31969 1.96875 -1.81479e-09
5.10509 1.96875 -1.28015e-09
5.89049 1.96875 4.62401e-10
6.67588 1.96875 -7.83206e-10
7.46128 1.96875 -5.66807e-11
8.24668 1.96875 2.36686e-09
9.03208 1.96875 -7.94982e-10
9.81748 1.96875 -1.66376e-09
10.6029 1.96875 -7.37402e-10
11.3883 1.96875 1.08233e-09
12.1737 1.96875 9.74293e-11
12.9591 1.96875 -6.99025e-10
13.7445 1.96875 2.34066e-09
14.5299 1.96875 -8.31445e-11
15.3153 1.96875 -7.1149e-10
16.1007 1.96875 8.19887e-11
16.8861 1.96875 -4.13819e-09
17.6715 1.96875 2.23075e-09
18.4569 1.96875 4.47427e-09
19.2423 1.96875 -3.76181e-09
20.0277 1.96875 -2.42606e-09
20.8131 1.96875 3.98462e-09
21.5984 1.96875 6.36823e-10
22.3838 1.96875 -1.84365e-09
23.1692 1.96875 5.21699e-10
23.9546 1.96875 -1.70469e-09
24.74 1.96875 8.69834e-10

