0.392699 0.03125 1.13578e-09
0.392699 0.09375 -5.08322e-10
0.392699 0.15625 1.03428e-09
0.392699 0.21875 1.1833e-08
0.392699 0.28125 3.17868e-08
0.392699 0.34375 5.55004e-08
0.392699 0.40625 7.44662e-08
0.392699 0.46875 7.99412e-08
0.392699 0.53125 6.5722e-08
0.392699 0.59375 3.17041e-08
0.392699 0.65625 -1.50692e-08
0.392699 0.71875 -6.32731e-08
0.392699 0.78125 -1.03859e-07
0.392699 0.84375 -1.35437e-07
0.392699 0.90625 -1.64742e-07
0.392699 0.96875 -2.01312e-07
0.392699 1.03125 -2.50527e-07
0.392699 1.09375 -3.08912e-07
0.392699 1.15625 -3.6449e-07
0.392699 1.21875 -4.01172e-07
0.392699 1.28125 -4.05719e-07
0.392699 1.34375 -3.73164e-07
0.392699 1.40625 -3.09369e-07
0.392699 1.46875 -2.28296e-07
0.392699 1.53125 -1.46957e-07
0.392699 1.59375 -7.82316e-08
0.392699 1.65625 -2.79145e-08
0.392699 1.71875 5.45574e-09
0.392699 1.78125 2.37735e-08
0.392699 1.84375 2.70667e-08
0.392699 1.90625 1.49833e-08
0.392699 1.96875 7.11523e-10
1.1781 0.03125 -6.34303e-10
1.1781 0.09375 -3.15707e-08
1.1781 0.15625 -9.19028e-08
1.1781 0.21875 -1.59693e-07
1.1781 0.28125 -2.13476e-07
1.1781 0.34375 -2.45246e-07
1.1781 0.40625 -2.57705e-07
1.1781 0.46875 -2.58043e-07
1.1781 0.53125 -2.53313e-07
1.1781 0.59375 -2.47672e-07
1.1781 0.65625 -2.41153e-07
1.1781 0.71875 -2.3013e-07
1.1781 0.78125 -2.10445e-07
1.1781 0.84375 -1.811e-07
1.1781 0.90625 -1.45075e-07
1.1781 0.96875 -1.04854e-07
1.1781 1.03125 -5.78301e-08
1.1781 1.09375 3.28775e-09
1.1781 1.15625 8.32446e-08
1.1781 1.21875 1.77657e-07
1.1781 1.28125 2.71917e-07
1.1781 1.34375 3.47912e-07
1.1781 1.40625 3.91604e-07
1.1781 1.46875 3.98266e-07
1.1781 1.53125 3.71348e-07
1.1781 1.59375 3.19239e-07
1.1781 1.65625 2.50643e-07
1.1781 1.71875 1.73788e-07
1.1781 1.78125 9.75019e-08
1.1781 1.84375 3.45656e-08
1.1781 1.90625 2.17435e-10
1.1781 1.96875 -2.47304e-09
1.9635 0.03125 -1.08203e-09
1.9635 0.09375 8.35883e-09
1.9635 0.15625 -5.89736e-09
1.9635 0.21875 -6.229e-08
1.9635 0.28125 -1.48677e-07
1.9635 0.34375 -2.42863e-07
1.9635 0.40625 -3.25667e-07
1.9635 0.46875 -3.85499e-07
1.9635 0.53125 -4.16701e-07
1.9635 0.59375 -4.19221e-07
1.9635 0.65625 -3.9647e-07
1.9635 0.71875 -3.53315e-07
1.9635 0.78125 -2.92667e-07
1.9635 0.84375 -2.15385e-07
1.9635 0.90625 -1.22468e-07
1.9635 0.96875 -1.95636e-08
1.9635 1.03125 8.18434e-08
1.9635 1.09375 1.66017e-07
1.9635 1.15625 2.18062e-07
1.9635 1.21875 2.27863e-07
1.9635 1.28125 1.93946e-07
1.9635 1.34375 1.23682e-07
1.9635 1.40625 3.27577e-08
1.9635 1.46875 -5.96194e-08
1.9635 1.53125 -1.34878e-07
1.9635 1.59375 -1.81634e-07
1.9635 1.65625 -1.96237e-07
1.9635 1.71875 -1.82501e-07
1.9635 1.78125 -1.44799e-07
1.9635 1.84375 -9.01584e-08
1.9635 1.90625 -3.20852e-08
1.9635 1.96875 1.09738e-09
2.74889 0.03125 -3.19316e-10
2.74889 0.09375 1.05321e-08
2.74889 0.15625 3.31296e-08
2.74889 0.21875 5.12767e-08
2.74889 0.28125 5.11092e-08
2.74889 0.34375 3.27934e-08
2.74889 0.40625 4.81839e-09
2.74889 0.46875 -2.32391e-08
2.74889 0.53125 -4.66928e-08
2.74889 0.59375 -6.66511e-08
2.74889 0.65625 -8.80327e-08
2.74889 0.71875 -1.14047e-07
2.74889 0.78125 -1.4141e-07
2.74889 0.84375 -1.5895e-07
2.74889 0.90625 -1.52872e-07
2.74889 0.96875 -1.15835e-07
2.74889 1.03125 -5.41417e-08
2.74889 1.09375 1.28197e-08
2.74889 1.15625 6.11557e-08
2.74889 1.21875 7.35455e-08
2.74889 1.28125 4.64952e-08
2.74889 1.34375 -9.73168e-09
2.74889 1.40625 -7.60057e-08
2.74889 1.46875 -1.3191e-07
2.74889 1.53125 -1.62093e-07
2.74889 1.59375 -1.60577e-07
2.74889 1.65625 -1.30188e-07
2.74889 1.71875 -8.06731e-08
2.74889 1.78125 -2.63428e-08
2.74889 1.84375 1.39796e-08
2.74889 1.90625 2.28165e-08
2.74889 1.96875 3.748e-09
3.53429 0.03125 -5.76179e-10
3.53429 0.09375 4.32545e-09
3.53429 0.15625 7.36281e-09
3.53429 0.21875 5.3572e-09
3.53429 0.28125 -3.0406e-09
3.53429 0.34375 -1.62966e-08
3.53429 0.40625 -3.04775e-08
3.53429 0.46875 -4.09792e-08
3.53429 0.53125 -4.45805e-08
3.53429 0.59375 -4.11999e-08
3.53429 0.65625 -3.49208e-08
3.53429 0.71875 -3.26625e-08
3.53429 0.78125 -4.01357e-08
3.53429 0.84375 -5.6986e-08
3.53429 0.90625 -7.51034e-08
3.53429 0.96875 -8.15286e-08
3.53429 1.03125 -6.46017e-08
3.53429 1.09375 -1.87178e-08
3.53429 1.15625 5.36198e-08
3.53429 1.21875 1.43156e-07
3.53429 1.28125 2.35821e-07
3.53429 1.34375 3.16435e-07
3.53429 1.40625 3.71601e-07
3.53429 1.46875 3.93579e-07
3.53429 1.53125 3.81186e-07
3.53429 1.59375 3.41021e-07
3.53429 1.65625 2.83707e-07
3.53429 1.71875 2.20783e-07
3.53429 1.78125 1.57411e-07
3.53429 1.84375 9.4629e-08
3.53429 1.90625 3.56896e-08
3.53429 1.96875 3.5616e-10
4.31969 0.03125 1.97927e-12
4.31969 0.09375 2.82823e-08
4.31969 0.15625 8.59159e-08
4.31969 0.21875 1.59266e-07
4.31969 0.28125 2.30789e-07
4.31969 0.34375 2.86171e-07
4.31969 0.40625 3.17388e-07
4.31969 0.46875 3.24284e-07
4.31969 0.53125 3.13843e-07
4.31969 0.59375 2.97678e-07
4.31969 0.65625 2.88028e-07
4.31969 0.71875 2.93518e-07
4.31969 0.78125 3.15127e-07
4.31969 0.84375 3.44708e-07
4.31969 0.90625 3.67559e-07
4.31969 0.96875 3.69304e-07
4.31969 1.03125 3.42853e-07
4.31969 1.09375 2.91698e-07
4.31969 1.15625 2.27396e-07
4.31969 1.21875 1.64514e-07
4.31969 1.28125 1.15442e-07
4.31969 1.34375 8.77072e-08
4.31969 1.40625 8.21075e-08
4.31969 1.46875 9.34644e-08
4.31969 1.53125 1.12203e-07
4.31969 1.59375 1.27938e-07
4.31969 1.65625 1.31017e-07
4.31969 1.71875 1.1562e-07
4.31969 1.78125 8.14063e-08
4.31969 1.84375 3.84312e-08
4.31969 1.90625 5.59157e-09
4.31969 1.96875 -1.70985e-09
5.10509 0.03125 7.85195e-10
5.10509 0.09375 -7.77986e-09
5.10509 0.15625 -3.86961e-09
5.10509 0.21875 2.59166e-08
5.10509 0.28125 7.85588e-08
5.10509 0.34375 1.43381e-07
5.10509 0.40625 2.09832e-07
5.10509 0.46875 2.72778e-07
5.10509 0.53125 3.32072e-07
5.10509 0.59375 3.89528e-07
5.10509 0.65625 4.44166e-07
5.10509 0.71875 4.9036e-07
5.10509 0.78125 5.18778e-07
5.10509 0.84375 5.20348e-07
5.10509 0.90625 4.90049e-07
5.10509 0.96875 4.29358e-07
5.10509 1.03125 3.4513e-07
5.10509 1.09375 2.46228e-07
5.10509 1.15625 1.40821e-07
5.10509 1.21875 3.73591e-08
5.10509 1.28125 -5.29802e-08
5.10509 1.34375 -1.16859e-07
5.10509 1.40625 -1.43937e-07
5.10509 1.46875 -1.33333e-07
5.10509 1.53125 -9.59814e-08
5.10509 1.59375 -5.11108e-08
5.10509 1.65625 -1.7683e-08
5.10509 1.71875 -6.17348e-09
5.10509 1.78125 -1.27233e-08
5.10509 1.84375 -2.15046e-08
5.10509 1.90625 -1.61505e-08
5.10509 1.96875 -1.38611e-09
5.89049 0.03125 3.51368e-10
5.89049 0.09375 5.77125e-10
5.89049 0.15625 -8.05996e-10
5.89049 0.21875 4.41828e-09
5.89049 0.28125 2.44007e-08
5.89049 0.34375 6.15995e-08
5.89049 0.40625 1.12456e-07
5.89049 0.46875 1.6691e-07
5.89049 0.53125 2.11266e-07
5.89049 0.59375 2.32486e-07
5.89049 0.65625 2.23424e-07
5.89049 0.71875 1.84876e-07
5.89049 0.78125 1.25411e-07
5.89049 0.84375 5.82141e-08
5.89049 0.90625 -3.06652e-09
5.89049 0.96875 -4.90755e-08
5.89049 1.03125 -7.66007e-08
5.89049 1.09375 -8.71872e-08
5.89049 1.15625 -8.3569e-08
5.89049 1.21875 -6.84185e-08
5.89049 1.28125 -4.56473e-08
5.89049 1.34375 -2.2462e-08
5.89049 1.40625 -7.87201e-09
5.89049 1.46875 -8.84253e-09
5.89049 1.53125 -2.58591e-08
5.89049 1.59375 -5.22782e-08
5.89049 1.65625 -7.6345e-08
5.89049 1.71875 -8.66543e-08
5.89049 1.78125 -7.63578e-08
5.89049 1.84375 -4.84267e-08
5.89049 1.90625 -1.65567e-08
5.89049 1.96875 4.25508e-10
6.67588 0.03125 -9.52624e-10
6.67588 0.09375 -6.2352e-09
6.67588 0.15625 -1.86495e-08
6.67588 0.21875 -3.74104e-08
6.67588 0.28125 -5.70448e-08
6.67588 0.34375 -7.17491e-08
6.67588 0.40625 -7.72191e-08
6.67588 0.46875 -7.21502e-08
6.67588 0.53125 -5.93749e-08
6.67588 0.59375 -4.52682e-08
6.67588 0.65625 -3.65242e-08
6.67588 0.71875 -3.59624e-08
6.67588 0.78125 -4.04893e-08
6.67588 0.84375 -4.25483e-08
6.67588 0.90625 -3.41835e-08
6.67588 0.96875 -1.07651e-08
6.67588 1.03125 2.79115e-08
6.67588 1.09375 7.95907e-08
6.67588 1.15625 1.41066e-07
6.67588 1.21875 2.06884e-07
6.67588 1.28125 2.6663e-07
6.67588 1.34375 3.05847e-07
6.67588 1.40625 3.11732e-07
6.67588 1.46875 2.80673e-07
6.67588 1.53125 2.21353e-07
6.67588 1.59375 1.51395e-07
6.67588 1.65625 8.87833e-08
6.67588 1.71875 4.44722e-08
6.67588 1.78125 1.9267e-08
6.67588 1.84375 7.24547e-09
6.67588 1.90625 1.36311e-09
6.67588 1.96875 -7.44406e-10
7.46128 0.03125 6.49512e-10
7.46128 0.09375 9.52245e-09
7.46128 0.15625 2.36463e-08
7.46128 0.21875 3.43195e-08
7.46128 0.28125 3.60495e-08
7.46128 0.34375 2.60617e-08
7.46128 0.40625 2.9307e-09
7.46128 0.46875 -3.04839e-08
7.46128 0.53125 -6.38776e-08
7.46128 0.59375 -8.23722e-08
7.46128 0.65625 -7.51066e-08
7.46128 0.71875 -4.35658e-08
7.46128 0.78125 -2.04037e-09
7.46128 0.84375 3.01693e-08
7.46128 0.90625 3.95286e-08
7.46128 0.96875 2.36729e-08
7.46128 1.03125 -1.05253e-08
7.46128 1.09375 -5.42471e-08
7.46128 1.15625 -1.02035e-07
7.46128 1.21875 -1.52407e-07
7.46128 1.28125 -2.03243e-07
7.46128 1.34375 -2.48889e-07
7.46128 1.40625 -2.80646e-07
7.46128 1.46875 -2.91897e-07
7.46128 1.53125 -2.81041e-07
7.46128 1.59375 -2.52297e-07
7.46128 1.65625 -2.11613e-07
7.46128 1.71875 -1.6443e-07
7.46128 1.78125 -1.13707e-07
7.46128 1.84375 -6.37272e-08
7.46128 1.90625 -2.20905e-08
7.46128 1.96875 -2.72536e-10
8.24668 0.03125 7.97629e-10
8.24668 0.09375 -4.75702e-09
8.24668 0.15625 1.30295e-09
8.24668 0.21875 2.4203e-08
8.24668 0.28125 5.43102e-08
8.24668 0.34375 8.02352e-08
8.24668 0.40625 9.37035e-08
8.24668 0.46875 8.93764e-08
8.24668 0.53125 6.44591e-08
8.24668 0.59375 2.079e-08
8.24668 0.65625 -3.41089e-08
8.24668 0.71875 -8.89259e-08
8.24668 0.78125 -1.33662e-07
8.24668 0.84375 -1.631e-07
8.24668 0.90625 -1.76769e-07
8.24668 0.96875 -1.76015e-07
8.24668 1.03125 -1.62846e-07
8.24668 1.09375 -1.40815e-07
8.24668 1.15625 -1.16083e-07
8.24668 1.21875 -9.52095e-08
8.24668 1.28125 -8.20907e-08
8.24668 1.34375 -7.65044e-08
8.24668 1.40625 -7.56501e-08
8.24668 1.46875 -7.56708e-08
8.24668 1.53125 -7.24598e-08
8.24668 1.59375 -6.2121e-08
8.24668 1.65625 -4.25822e-08
8.24668 1.71875 -1.56987e-08
8.24668 1.78125 1.14145e-08
8.24668 1.84375 2.6896e-08
8.24668 1.90625 2.13696e-08
8.24668 1.96875 2.35794e-09
9.03208 0.03125 -3.6956e-10
9.03208 0.09375 -1.67037e-08
9.03208 0.15625 -5.18545e-08
9.03208 0.21875 -8.85594e-08
9.03208 0.28125 -1.12728e-07
9.03208 0.34375 -1.19247e-07
9.03208 0.40625 -1.07637e-07
9.03208 0.46875 -8.05479e-08
9.03208 0.53125 -4.51599e-08
9.03208 0.59375 -1.20963e-08
9.03208 0.65625 1.00704e-08
9.03208 0.71875 2.07365e-08
9.03208 0.78125 2.78426e-08
9.03208 0.84375 4.2353e-08
9.03208 0.90625 7.14934e-08
9.03208 0.96875 1.16164e-07
9.03208 1.03125 1.72419e-07
9.03208 1.09375 2.34413e-07
9.03208 1.15625 2.95409e-07
9.03208 1.21875 3.4789e-07
9.03208 1.28125 3.83378e-07
9.03208 1.34375 3.95163e-07
9.03208 1.40625 3.81204e-07
9.03208 1.46875 3.46707e-07
9.03208 1.53125 3.00984e-07
9.03208 1.59375 2.53442e-07
9.03208 1.65625 2.07837e-07
9.03208 1.71875 1.63177e-07
9.03208 1.78125 1.14865e-07
9.03208 1.84375 6.36683e-08
9.03208 1.90625 1.92208e-08
9.03208 1.96875 -5.12632e-10
9.81748 0.03125 4.0512e-10
9.81748 0.09375 1.63871e-08
9.81748 0.15625 2.96088e-08
9.81748 0.21875 3.55872e-08
9.81748 0.28125 4.3011e-08
9.81748 0.34375 5.74712e-08
9.81748 0.40625 7.69971e-08
9.81748 0.46875 9.46126e-08
9.81748 0.53125 1.0455e-07
9.81748 0.59375 1.05074e-07
9.81748 0.65625 9.89254e-08
9.81748 0.71875 9.07898e-08
9.81748 0.78125 8.54161e-08
9.81748 0.84375 8.48141e-08
9.81748 0.90625 8.63901e-08
9.81748 0.96875 8.23286e-08
9.81748 1.03125 6.38564e-08
9.81748 1.09375 2.73253e-08
9.81748 1.15625 -2.11038e-08
9.81748 1.21875 -6.78024e-08
9.81748 1.28125 -9.8347e-08
9.81748 1.34375 -1.05054e-07
9.81748 1.40625 -8.92298e-08
9.81748 1.46875 -5.94987e-08
9.81748 1.53125 -2.71407e-08
9.81748 1.59375 -2.50861e-09
9.81748 1.65625 8.07438e-09
9.81748 1.71875 3.77156e-09
9.81748 1.78125 -9.58402e-09
9.81748 1.84375 -2.01678e-08
9.81748 1.90625 -1.64436e-08
9.81748 1.96875 -1.61115e-09
10.6029 0.03125 -4.02695e-10
10.6029 0.09375 6.78994e-10
10.6029 0.15625 -2.07314e-09
10.6029 0.21875 -1.59342e-08
10.6029 0.28125 -3.70593e-08
10.6029 0.34375 -5.55197e-08
10.6029 0.40625 -6.22068e-08
10.6029 0.46875 -5.32496e-08
10.6029 0.53125 -3.03727e-08
10.6029 0.59375 -2.95285e-10
10.6029 0.65625 2.63667e-08
10.6029 0.71875 3.66565e-08
10.6029 0.78125 1.92593e-08
10.6029 0.84375 -2.98357e-08
10.6029 0.90625 -1.03705e-07
10.6029 0.96875 -1.86452e-07
10.6029 1.03125 -2.60095e-07
10.6029 1.09375 -3.11816e-07
10.6029 1.15625 -3.37467e-07
10.6029 1.21875 -3.40135e-07
10.6029 1.28125 -3.25647e-07
10.6029 1.34375 -2.98714e-07
10.6029 1.40625 -2.62152e-07
10.6029 1.46875 -2.19197e-07
10.6029 1.53125 -1.749e-07
10.6029 1.59375 -1.35672e-07
10.6029 1.65625 -1.05574e-07
10.6029 1.71875 -8.43048e-08
10.6029 1.78125 -6.56172e-08
10.6029 1.84375 -4.33358e-08
10.6029 1.90625 -1.75221e-08
10.6029 1.96875 -9.12759e-10
11.3883 0.03125 6.87491e-10
11.3883 0.09375 1.78889e-08
11.3883 0.15625 4.77153e-08
11.3883 0.21875 7.48356e-08
11.3883 0.28125 8.85489e-08
11.3883 0.34375 8.5398e-08
11.3883 0.40625 6.49654e-08
11.3883 0.46875 2.92598e-08
11.3883 0.53125 -1.68804e-08
11.3883 0.59375 -6.68451e-08
11.3883 0.65625 -1.14684e-07
11.3883 0.71875 -1.56533e-07
11.3883 0.78125 -1.90455e-07
11.3883 0.84375 -2.15377e-07
11.3883 0.90625 -2.30275e-07
11.3883 0.96875 -2.34318e-07
11.3883 1.03125 -2.28087e-07
11.3883 1.09375 -2.15172e-07
11.3883 1.15625 -2.02409e-07
11.3883 1.21875 -1.9777e-07
11.3883 1.28125 -2.06364e-07
11.3883 1.34375 -2.2718e-07
11.3883 1.40625 -2.52529e-07
11.3883 1.46875 -2.71294e-07
11.3883 1.53125 -2.73538e-07
11.3883 1.59375 -2.54286e-07
11.3883 1.65625 -2.14054e-07
11.3883 1.71875 -1.58332e-07
11.3883 1.78125 -9.65907e-08
11.3883 1.84375 -4.21808e-08
11.3883 1.90625 -8.38278e-09
11.3883 1.96875 1.00048e-09
12.1737 0.03125 1.86601e-09
12.1737 0.09375 -5.03173e-09
12.1737 0.15625 5.10809e-09
12.1737 0.21875 3.24274e-08
12.1737 0.28125 6.03245e-08
12.1737 0.34375 7.65054e-08
12.1737 0.40625 7.53693e-08
12.1737 0.46875 5.50703e-08
12.1737 0.53125 1.61687e-08
12.1737 0.59375 -3.62275e-08
12.1737 0.65625 -9.15708e-08
12.1737 0.71875 -1.35464e-07
12.1737 0.78125 -1.54539e-07
12.1737 0.84375 -1.41959e-07
12.1737 0.90625 -1.01111e-07
12.1737 0.96875 -4.45375e-08
12.1737 1.03125 1.17648e-08
12.1737 1.09375 5.55664e-08
12.1737 1.15625 8.27438e-08
12.1737 1.21875 9.65219e-08
12.1737 1.28125 1.03231e-07
12.1737 1.34375 1.07857e-07
12.1737 1.40625 1.12127e-07
12.1737 1.46875 1.15005e-07
12.1737 1.53125 1.14496e-07
12.1737 1.59375 1.09202e-07
12.1737 1.65625 9.88569e-08
12.1737 1.71875 8.39131e-08
12.1737 1.78125 6.43978e-08
12.1737 1.84375 4.07805e-08
12.1737 1.90625 1.63878e-08
12.1737 1.96875 2.41129e-10
12.9591 0.03125 2.43631e-10
12.9591 0.09375 -2.94826e-08
12.9591 0.15625 -7.4525e-08
12.9591 0.21875 -1.12297e-07
12.9591 0.28125 -1.40099e-07
12.9591 0.34375 -1.6547e-07
12.9591 0.40625 -1.91611e-07
12.9591 0.46875 -2.14609e-07
12.9591 0.53125 -2.27937e-07
12.9591 0.59375 -2.26964e-07
12.9591 0.65625 -2.10768e-07
12.9591 0.71875 -1.8195e-07
12.9591 0.78125 -1.45437e-07
12.9591 0.84375 -1.06831e-07
12.9591 0.90625 -7.09069e-08
12.9591 0.96875 -4.06055e-08
12.9591 1.03125 -1.62916e-08
12.9591 1.09375 4.52078e-09
12.9591 1.15625 2.5963e-08
12.9591 1.21875 5.13474e-08
12.9591 1.28125 8.11037e-08
12.9591 1.34375 1.12371e-07
12.9591 1.40625 1.39705e-07
12.9591 1.46875 1.56362e-07
12.9591 1.53125 1.5647e-07
12.9591 1.59375 1.37745e-07
12.9591 1.65625 1.03818e-07
12.9591 1.71875 6.35765e-08
12.9591 1.78125 2.84807e-08
12.9591 1.84375 6.5951e-09
12.9591 1.90625 -7.60548e-10
12.9591 1.96875 -8.62225e-10
13.7445 0.03125 -2.20322e-09
13.7445 0.09375 -1.29448e-08
13.7445 0.15625 -5.15419e-08
13.7445 0.21875 -1.10964e-07
13.7445 0.28125 -1.71769e-07
13.7445 0.34375 -2.22731e-07
13.7445 0.40625 -2.60436e-07
13.7445 0.46875 -2.82654e-07
13.7445 0.53125 -2.85186e-07
13.7445 0.59375 -2.63777e-07
13.7445 0.65625 -2.17805e-07
13.7445 0.71875 -1.52529e-07
13.7445 0.78125 -7.83322e-08
13.7445 0.84375 -7.31534e-09
13.7445 0.90625 5.06403e-08
13.7445 0.96875 8.9965e-08
13.7445 1.03125 1.08396e-07
13.7445 1.09375 1.05647e-07
13.7445 1.15625 8.37087e-08
13.7445 1.21875 4.85922e-08
13.7445 1.28125 9.5569e-09
13.7445 1.34375 -2.41496e-08
13.7445 1.40625 -4.73399e-08
13.7445 1.46875 -5.92279e-08
13.7445 1.53125 -6.14944e-08
13.7445 1.59375 -5.5276e-08
13.7445 1.65625 -4.12438e-08
13.7445 1.71875 -2.09742e-08
13.7445 1.78125 1.5665e-10
13.7445 1.84375 1.3653e-08
13.7445 1.90625 1.26562e-08
13.7445 1.96875 2.25253e-09
14.5299 0.03125 -1.22401e-09
14.5299 0.09375 5.97466e-09
14.5299 0.15625 1.18262e-08
14.5299 0.21875 3.45574e-09
14.5299 0.28125 -1.45312e-08
14.5299 0.34375 -2.88168e-08
14.5299 0.40625 -2.94517e-08
14.5299 0.46875 -1.45047e-08
14.5299 0.53125 1.17187e-08
14.5299 0.59375 4.2637e-08
14.5299 0.65625 7.28148e-08
14.5299 0.71875 9.8628e-08
14.5299 0.78125 1.16623e-07
14.5299 0.84375 1.22171e-07
14.5299 0.90625 1.10749e-07
14.5299 0.96875 8.12394e-08
14.5299 1.03125 3.80686e-08
14.5299 1.09375 -9.74318e-09
14.5299 1.15625 -5.19926e-08
14.5299 1.21875 -8.05497e-08
14.5299 1.28125 -9.11303e-08
14.5299 1.34375 -8.31425e-08
14.5299 1.40625 -5.89504e-08
14.5299 1.46875 -2.29025e-08
14.5299 1.53125 1.86932e-08
14.5299 1.59375 5.79982e-08
14.5299 1.65625 8.57103e-08
14.5299 1.71875 9.38759e-08
14.5299 1.78125 7.88097e-08
14.5299 1.84375 4.72324e-08
14.5299 1.90625 1.51189e-08
14.5299 1.96875 1.28879e-10
15.3153 0.03125 -3.72346e-10
15.3153 0.09375 -1.5404e-09
15.3153 0.15625 7.37406e-10
15.3153 0.21875 3.30374e-09
15.3153 0.28125 1.14311e-09
15.3153 0.34375 -4.63051e-09
15.3153 0.40625 -9.3314e-09
15.3153 0.46875 -9.08376e-09
15.3153 0.53125 -4.68178e-09
15.3153 0.59375 -1.15853e-09
15.3153 0.65625 -4.41548e-09
15.3153 0.71875 -1.65802e-08
15.3153 0.78125 -3.45868e-08
15.3153 0.84375 -5.25442e-08
15.3153 0.90625 -6.57059e-08
15.3153 0.96875 -7.19837e-08
15.3153 1.03125 -7.04551e-08
15.3153 1.09375 -6.00848e-08
15.3153 1.15625 -4.11128e-08
15.3153 1.21875 -1.7586e-08
15.3153 1.28125 3.1672e-09
15.3153 1.34375 1.42296e-08
15.3153 1.40625 1.3324e-08
15.3153 1.46875 3.21491e-09
15.3153 1.53125 -1.06179e-08
15.3153 1.59375 -2.35666e-08
15.3153 1.65625 -3.29173e-08
15.3153 1.71875 -3.77347e-08
15.3153 1.78125 -3.67298e-08
15.3153 1.84375 -2.84867e-08
15.3153 1.90625 -1.37722e-08
15.3153 1.96875 -7.30731e-10
16.1007 0.03125 2.80487e-10
16.1007 0.09375 7.02825e-09
16.1007 0.15625 1.35501e-08
16.1007 0.21875 1.80531e-08
16.1007 0.28125 2.04371e-08
16.1007 0.34375 2.47701e-08
16.1007 0.40625 3.86464e-08
16.1007 0.46875 6.96853e-08
16.1007 0.53125 1.2049e-07
16.1007 0.59375 1.85736e-07
16.1007 0.65625 2.52484e-07
16.1007 0.71875 3.05359e-07
16.1007 0.78125 3.33289e-07
16.1007 0.84375 3.34398e-07
16.1007 0.90625 3.15856e-07
16.1007 0.96875 2.90101e-07
16.1007 1.03125 2.68939e-07
16.1007 1.09375 2.59231e-07
16.1007 1.15625 2.61237e-07
16.1007 1.21875 2.70841e-07
16.1007 1.28125 2.82095e-07
16.1007 1.34375 2.89489e-07
16.1007 1.40625 2.87865e-07
16.1007 1.46875 2.73652e-07
16.1007 1.53125 2.4521e-07
16.1007 1.59375 2.048e-07
16.1007 1.65625 1.57259e-07
16.1007 1.71875 1.09857e-07
16.1007 1.78125 6.79063e-08
16.1007 1.84375 3.47082e-08
16.1007 1.90625 1.08717e-08
16.1007 1.96875 3.33177e-10
16.8861 0.03125 6.32924e-10
16.8861 0.09375 1.37237e-08
16.8861 0.15625 3.98825e-08
16.8861 0.21875 7.93438e-08
16.8861 0.28125 1.28173e-07
16.8861 0.34375 1.77335e-07
16.8861 0.40625 2.17978e-07
16.8861 0.46875 2.4489e-07
16.8861 0.53125 2.57318e-07
16.8861 0.59375 2.56318e-07
16.8861 0.65625 2.42725e-07
16.8861 0.71875 2.16424e-07
16.8861 0.78125 1.78172e-07
16.8861 0.84375 1.31011e-07
16.8861 0.90625 8.03474e-08
16.8861 0.96875 3.17446e-08
16.8861 1.03125 -1.11379e-08
16.8861 1.09375 -4.74271e-08
16.8861 1.15625 -7.75443e-08
16.8861 1.21875 -1.01543e-07
16.8861 1.28125 -1.18266e-07
16.8861 1.34375 -1.26171e-07
16.8861 1.40625 -1.2402e-07
16.8861 1.46875 -1.12251e-07
16.8861 1.53125 -9.38902e-08
16.8861 1.59375 -7.51297e-08
16.8861 1.65625 -6.26898e-08
16.8861 1.71875 -6.02095e-08
16.8861 1.78125 -6.32645e-08
16.8861 1.84375 -5.95844e-08
16.8861 1.90625 -3.66715e-08
16.8861 1.96875 -4.19249e-09
17.6715 0.03125 -1.0847e-09
17.6715 0.09375 -8.39158e-10
17.6715 0.15625 -5.01821e-09
17.6715 0.21875 -1.947e-08
17.6715 0.28125 -4.28661e-08
17.6715 0.34375 -7.21423e-08
17.6715 0.40625 -1.05966e-07
17.6715 0.46875 -1.43982e-07
17.6715 0.53125 -1.83703e-07
17.6715 0.59375 -2.19878e-07
17.6715 0.65625 -2.46115e-07
17.6715 0.71875 -2.59197e-07
17.6715 0.78125 -2.61109e-07
17.6715 0.84375 -2.58138e-07
17.6715 0.90625 -2.56553e-07
17.6715 0.96875 -2.60255e-07
17.6715 1.03125 -2.70318e-07
17.6715 1.09375 -2.87669e-07
17.6715 1.15625 -3.13865e-07
17.6715 1.21875 -3.50939e-07
17.6715 1.28125 -3.976e-07
17.6715 1.34375 -4.4823e-07
17.6715 1.40625 -4.92542e-07
17.6715 1.46875 -5.20709e-07
17.6715 1.53125 -5.24596e-07
17.6715 1.59375 -5.0055e-07
17.6715 1.65625 -4.45667e-07
17.6715 1.71875 -3.61574e-07
17.6715 1.78125 -2.52464e-07
17.6715 1.84375 -1.3519e-07
17.6715 1.90625 -3.82568e-08
17.6715 1.96875 1.61524e-09
18.4569 0.03125 1.07261e-09
18.4569 0.09375 2.10299e-08
18.4569 0.15625 6.53887e-08
18.4569 0.21875 1.25883e-07
18.4569 0.28125 1.84193e-07
18.4569 0.34375 2.27297e-07
18.4569 0.40625 2.50898e-07
18.4569 0.46875 2.57931e-07
18.4569 0.53125 2.54408e-07
18.4569 0.59375 2.47232e-07
18.4569 0.65625 2.41626e-07
18.4569 0.71875 2.40714e-07
18.4569 0.78125 2.44631e-07
18.4569 0.84375 2.51242e-07
18.4569 0.90625 2.56913e-07
18.4569 0.96875 2.5891e-07
18.4569 1.03125 2.5657e-07
18.4569 1.09375 2.51497e-07
18.4569 1.15625 2.44927e-07
18.4569 1.21875 2.35798e-07
18.4569 1.28125 2.20134e-07
18.4569 1.34375 1.9374e-07
18.4569 1.40625 1.54632e-07
18.4569 1.46875 1.0621e-07
18.4569 1.53125 5.75552e-08
18.4569 1.59375 2.24892e-08
18.4569 1.65625 1.28093e-08
18.4569 1.71875 3.16116e-08
18.4569 1.78125 6.43009e-08
18.4569 1.84375 8.10657e-08
18.4569 1.90625 5.43846e-08
18.4569 1.96875 4.76067e-09
19.2423 0.03125 1.38998e-09
19.2423 0.09375 -1.06591e-08
19.2423 0.15625 -2.705e-08
19.2423 0.21875 -2.4329e-08
19.2423 0.28125 9.99967e-09
19.2423 0.34375 6.82444e-08
19.2423 0.40625 1.31311e-07
19.2423 0.46875 1.794e-07
19.2423 0.53125 1.99867e-07
19.2423 0.59375 1.90701e-07
19.2423 0.65625 1.59235e-07
19.2423 0.71875 1.18337e-07
19.2423 0.78125 8.11109e-08
19.2423 0.84375 5.67541e-08
19.2423 0.90625 4.72165e-08
19.2423 0.96875 4.77351e-08
19.2423 1.03125 4.99679e-08
19.2423 1.09375 4.8848e-08
19.2423 1.15625 4.66503e-08
19.2423 1.21875 5.35207e-08
19.2423 1.28125 8.06271e-08
19.2423 1.34375 1.34109e-07
19.2423 1.40625 2.09606e-07
19.2423 1.46875 2.94711e-07
19.2423 1.53125 3.707e-07
19.2423 1.59375 4.19271e-07
19.2423 1.65625 4.2365e-07
19.2423 1.71875 3.76212e-07
19.2423 1.78125 2.78389e-07
19.2423 1.84375 1.52589e-07
19.2423 1.90625 4.15167e-08
19.2423 1.96875 -3.22329e-09
20.0277 0.03125 4.68075e-11
20.0277 0.09375 9.06487e-09
20.0277 0.15625 7.66499e-09
20.0277 0.21875 -2.44576e-08
20.0277 0.28125 -8.11097e-08
20.0277 0.34375 -1.46055e-07
20.0277 0.40625 -2.07432e-07
20.0277 0.46875 -2.63618e-07
20.0277 0.53125 -3.18442e-07
20.0277 0.59375 -3.76434e-07
20.0277 0.65625 -4.37009e-07
20.0277 0.71875 -4.94177e-07
20.0277 0.78125 -5.3805e-07
20.0277 0.84375 -5.59637e-07
20.0277 0.90625 -5.54302e-07
20.0277 0.96875 -5.2489e-07
20.0277 1.03125 -4.80585e-07
20.0277 1.09375 -4.32914e-07
20.0277 1.15625 -3.88519e-07
20.0277 1.21875 -3.4547e-07
20.0277 1.28125 -2.95014e-07
20.0277 1.34375 -2.2995e-07
20.0277 1.40625 -1.51388e-07
20.0277 1.46875 -7.12383e-08
20.0277 1.53125 -6.38644e-09
20.0277 1.59375 2.80802e-08
20.0277 1.65625 2.67041e-08
20.0277 1.71875 -4.73095e-09
20.0277 1.78125 -4.57782e-08
20.0277 1.84375 -6.70445e-08
20.0277 1.90625 -4.50264e-08
20.0277 1.96875 -2.84628e-09
20.8131 0.03125 -6.57397e-10
20.8131 0.09375 -9.39254e-09
20.8131 0.15625 4.13842e-09
20.8131 0.21875 3.42295e-08
20.8131 0.28125 5.2413e-08
20.8131 0.34375 4.47609e-08
20.8131 0.40625 1.47423e-08
20.8131 0.46875 -2.36697e-08
20.8131 0.53125 -5.80824e-08
20.8131 0.59375 -8.22053e-08
20.8131 0.65625 -9.68912e-08
20.8131 0.71875 -1.05276e-07
20.8131 0.78125 -1.09498e-07
20.8131 0.84375 -1.09051e-07
20.8131 0.90625 -1.01994e-07
20.8131 0.96875 -8.58265e-08
20.8131 1.03125 -5.86919e-08
20.8131 1.09375 -2.16549e-08
20.8131 1.15625 1.8973e-08
20.8131 1.21875 5.14793e-08
20.8131 1.28125 6.33393e-08
20.8131 1.34375 4.6816e-08
20.8131 1.40625 3.61446e-09
20.8131 1.46875 -5.6157e-08
20.8131 1.53125 -1.1668e-07
20.8131 1.59375 -1.62673e-07
20.8131 1.65625 -1.82136e-07
20.8131 1.71875 -1.70262e-07
20.8131 1.78125 -1.27858e-07
20.8131 1.84375 -6.69889e-08
20.8131 1.90625 -1.28958e-08
20.8131 1.96875 3.68941e-09
21.5984 0.03125 -7.27018e-10
21.5984 0.09375 -2.94479e-08
21.5984 0.15625 -8.75561e-08
21.5984 0.21875 -1.40061e-07
21.5984 0.28125 -1.66801e-07
21.5984 0.34375 -1.66493e-07
21.5984 0.40625 -1.42525e-07
21.5984 0.46875 -9.71941e-08
21.5984 0.53125 -3.2891e-08
21.5984 0.59375 4.68066e-08
21.5984 0.65625 1.36322e-07
21.5984 0.71875 2.2718e-07
21.5984 0.78125 3.07791e-07
21.5984 0.84375 3.65877e-07
21.5984 0.90625 3.93442e-07
21.5984 0.96875 3.91232e-07
21.5984 1.03125 3.69145e-07
21.5984 1.09375 3.41344e-07
21.5984 1.15625 3.19244e-07
21.5984 1.21875 3.0683e-07
21.5984 1.28125 3.00558e-07
21.5984 1.34375 2.92784e-07
21.5984 1.40625 2.75977e-07
21.5984 1.46875 2.4627e-07
21.5984 1.53125 2.0458e-07
21.5984 1.59375 1.56813e-07
21.5984 1.65625 1.11437e-07
21.5984 1.71875 7.71207e-08
21.5984 1.78125 5.60253e-08
21.5984 1.84375 4.17104e-08
21.5984 1.90625 2.17723e-08
21.5984 1.96875 9.75111e-10
22.3838 0.03125 -1.06418e-09
22.3838 0.09375 2.88011e-08
22.3838 0.15625 4.49728e-08
22.3838 0.21875 3.03344e-08
22.3838 0.28125 5.70124e-09
22.3838 0.34375 -1.0195e-08
22.3838 0.40625 -1.19344e-08
22.3838 0.46875 -6.85956e-09
22.3838 0.53125 -6.59281e-09
22.3838 0.59375 -2.19609e-08
22.3838 0.65625 -5.57629e-08
22.3838 0.71875 -1.01191e-07
22.3838 0.78125 -1.43758e-07
22.3838 0.84375 -1.69032e-07
22.3838 0.90625 -1.69354e-07
22.3838 0.96875 -1.47788e-07
22.3838 1.03125 -1.15701e-07
22.3838 1.09375 -8.68053e-08
22.3838 1.15625 -7.01959e-08
22.3838 1.21875 -6.72558e-08
22.3838 1.28125 -7.32472e-08
22.3838 1.34375 -8.17509e-08
22.3838 1.40625 -8.76855e-08
22.3838 1.46875 -8.78142e-08
22.3838 1.53125 -8.03648e-08
22.3838 1.59375 -6.55579e-08
22.3838 1.65625 -4.59539e-08
22.3838 1.71875 -2.58301e-08
22.3838 1.78125 -9.85375e-09
22.3838 1.84375 -2.18925e-09
22.3838 1.90625 -2.14535e-09
22.3838 1.96875 -1.80959e-09
23.1692 0.03125 6.17908e-10
23.1692 0.09375 2.15889e-08
23.1692 0.15625 7.71787e-08
23.1692 0.21875 1.38872e-07
23.1692 0.28125 1.81647e-07
23.1692 0.34375 1.97585e-07
23.1692 0.40625 1.84941e-07
23.1692 0.46875 1.45409e-07
23.1692 0.53125 8.42258e-08
23.1692 0.59375 9.98812e-09
23.1692 0.65625 -6.94928e-08
23.1692 0.71875 -1.49116e-07
23.1692 0.78125 -2.26859e-07
23.1692 0.84375 -3.00975e-07
23.1692 0.90625 -3.6836e-07
23.1692 0.96875 -4.23248e-07
23.1692 1.03125 -4.58522e-07
23.1692 1.09375 -4.67063e-07
23.1692 1.15625 -4.45359e-07
23.1692 1.21875 -3.96106e-07
23.1692 1.28125 -3.29204e-07
23.1692 1.34375 -2.57205e-07
23.1692 1.40625 -1.90229e-07
23.1692 1.46875 -1.32087e-07
23.1692 1.53125 -8.22019e-08
23.1692 1.59375 -3.86361e-08
23.1692 1.65625 -2.34063e-09
23.1692 1.71875 2.28014e-08
23.1692 1.78125 3.16591e-08
23.1692 1.84375 2.41985e-08
23.1692 1.90625 9.32198e-09
23.1692 1.96875 5.12658e-10
23.9546 0.03125 8.04916e-10
23.9546 0.09375 -2.05308e-08
23.9546 0.15625 -3.00343e-08
23.9546 0.21875 -1.40861e-08
23.9546 0.28125 1.28409e-08
23.9546 0.34375 3.69161e-08
23.9546 0.40625 5.52466e-08
23.9546 0.46875 7.4028e-08
23.9546 0.53125 1.0189e-07
23.9546 0.59375 1.45161e-07
23.9546 0.65625 2.0293e-07
23.9546 0.71875 2.6578e-07
23.9546 0.78125 3.18478e-07
23.9546 0.84375 3.47339e-07
23.9546 0.90625 3.4689e-07
23.9546 0.96875 3.22512e-07
23.9546 1.03125 2.86988e-07
23.9546 1.09375 2.53798e-07
23.9546 1.15625 2.30458e-07
23.9546 1.21875 2.15777e-07
23.9546 1.28125 2.02273e-07
23.9546 1.34375 1.82128e-07
23.9546 1.40625 1.52302e-07
23.9546 1.46875 1.15545e-07
23.9546 1.53125 7.78847e-08
23.9546 1.59375 4.49324e-08
23.9546 1.65625 1.94188e-08
23.9546 1.71875 5.39843e-10
23.9546 1.78125 -1.31096e-08
23.9546 1.84375 -1.95855e-08
23.9546 1.90625 -1.42251e-08
23.9546 1.96875 -1.68483e-09
24.74 0.03125 -1.71486e-10
24.74 0.09375 -1.7988e-08
24.74 0.15625 -5.39143e-08
24.74 0.21875 -9.17851e-08
24.74 0.28125 -1.18997e-07
24.74 0.34375 -1.31412e-07
24.74 0.40625 -1.27133e-07
24.74 0.46875 -1.05229e-07
24.74 0.53125 -6.62315e-08
24.74 0.59375 -1.38121e-08
24.74 0.65625 4.60761e-08
24.74 0.71875 1.06108e-07
24.74 0.78125 1.59837e-07
24.74 0.84375 2.02462e-07
24.74 0.90625 2.30508e-07
24.74 0.96875 2.38981e-07
24.74 1.03125 2.2074e-07
24.74 1.09375 1.69069e-07
24.74 1.15625 8.44035e-08
24.74 1.21875 -2.18561e-08
24.74 1.28125 -1.28779e-07
24.74 1.34375 -2.14712e-07
24.74 1.40625 -2.65345e-07
24.74 1.46875 -2.78441e-07
24.74 1.53125 -2.60747e-07
24.74 1.59375 -2.23762e-07
24.74 1.65625 -1.77775e-07
24.74 1.71875 -1.30334e-07
24.74 1.78125 -8.44072e-08
24.74 1.84375 -4.27279e-08
24.74 1.90625 -1.12787e-08
24.74 1.96875 6.98502e-10
