0.392699 0.03125 1.14305e-09
1.1781 0.03125 -4.32782e-10
1.9635 0.03125 -1.11495e-09
2.74889 0.03125 -3.83776e-10
3.53429 0.03125 -6.03362e-10
4.31969 0.03125 -1.0823e-10
5.10509 0.03125 7.77879e-10
5.89049 0.03125 4.96697e-10
6.67588 0.03125 -9.52942e-10
7.46128 0.03125 5.07808e-10
8.24668 0.03125 8.62507e-10
9.03208 0.03125 -3.20334e-10
9.81748 0.03125 3.83136e-10
10.6029 0.03125 -4.26321e-10
11.3883 0.03125 5.07057e-10
12.1737 0.03125 1.87814e-09
12.9591 0.03125 5.57253e-10
13.7445 0.03125 -2.08752e-09
14.5299 0.03125 -1.34563e-09
15.3153 0.03125 -4.72872e-10
16.1007 0.03125 1.94222e-10
16.8861 0.03125 7.33797e-10
17.6715 0.03125 -1.09811e-09
18.4569 0.03125 8.78089e-10
19.2423 0.03125 1.45412e-09
20.0277 0.03125 1.68962e-10
20.8131 0.03125 -5.67131e-10
21.5984 0.03125 -6.69353e-10
22.3838 0.03125 -1.20586e-09
23.1692 0.03125 4.75309e-10
23.9546 0.03125 8.98948e-10
24.74 0.03125 -1.99967e-10
0.392699 0.09375 4.30754e-10
1.1781 0.09375 -3.15447e-08
1.9635 0.09375 5.13976e-09
2.74889 0.09375 1.05056e-08
3.53429 0.09375 3.4129e-09
4.31969 0.09375 2.86198e-08
5.10509 0.09375 -5.74252e-09
5.89049 0.09375 6.83785e-10
6.67588 0.09375 -6.84395e-09
7.46128 0.09375 9.22394e-09
8.24668 0.09375 -2.88831e-09
9.03208 0.09375 -1.75868e-08
9.81748 0.09375 1.4923e-08
10.6029 0.09375 3.95715e-10
11.3883 0.09375 1.78001e-08
12.1737 0.09375 -2.03135e-09
12.9591 0.09375 -2.81902e-08
13.7445 0.09375 -1.508e-08
14.5299 0.09375 4.9239e-09
15.3153 0.09375 -1.58523e-09
16.1007 0.09375 6.09347e-09
16.8861 0.09375 1.41888e-08
17.6715 0.09375 -1.34943e-09
18.4569 0.09375 2.14285e-08
19.2423 0.09375 -9.71865e-09
20.0277 0.09375 8.38149e-09
20.8131 0.09375 -6.50509e-09
21.5984 0.09375 -3.09787e-08
22.3838 0.09375 2.46117e-08
23.1692 0.09375 2.40904e-08
23.9546 0.09375 -1.75055e-08
24.74 0.09375 -1.89489e-08
0.392699 0.15625 3.72922e-09
1.1781 0.15625 -8.96241e-08
1.9635 0.15625 -1.49467e-08
2.74889 0.15625 3.11589e-08
3.53429 0.15625 4.3154e-09
4.31969 0.15625 8.55452e-08
5.10509 0.15625 2.35847e-09
5.89049 0.15625 8.26585e-10
6.67588 0.15625 -2.03516e-08
7.46128 0.15625 2.16857e-08
8.24668 0.15625 6.49253e-09
9.03208 0.15625 -5.24133e-08
9.81748 0.15625 2.58486e-08
10.6029 0.15625 -3.61709e-09
11.3883 0.15625 4.61023e-08
12.1737 0.15625 1.27914e-08
12.9591 0.15625 -6.91137e-08
13.7445 0.15625 -5.6512e-08
14.5299 0.15625 7.73611e-09
15.3153 0.15625 4.51505e-10
16.1007 0.15625 1.11228e-08
16.8861 0.15625 4.09537e-08
17.6715 0.15625 -6.83254e-09
18.4569 0.15625 6.61552e-08
19.2423 0.15625 -2.24352e-08
20.0277 0.15625 4.32783e-09
20.8131 0.15625 1.0496e-08
21.5984 0.15625 -8.77193e-08
22.3838 0.15625 3.26473e-08
23.1692 0.15625 8.01751e-08
23.9546 0.15625 -2.06695e-08
24.74 0.15625 -5.51984e-08
0.392699 0.21875 1.64645e-08
1.1781 0.21875 -1.51184e-07
1.9635 0.21875 -7.68593e-08
2.74889 0.21875 4.45934e-08
3.53429 0.21875 -1.65141e-09
4.31969 0.21875 1.55743e-07
5.10509 0.21875 3.69442e-08
5.89049 0.21875 1.01706e-08
6.67588 0.21875 -3.93647e-08
7.46128 0.21875 2.87991e-08
8.24668 0.21875 3.24478e-08
9.03208 0.21875 -8.71906e-08
9.81748 0.21875 3.03031e-08
10.6029 0.21875 -1.88131e-08
11.3883 0.21875 6.96406e-08
12.1737 0.21875 4.42531e-08
12.9591 0.21875 -1.00154e-07
13.7445 0.21875 -1.17294e-07
14.5299 0.21875 -4.95748e-09
15.3153 0.21875 1.825e-09
16.1007 0.21875 1.30942e-08
16.8861 0.21875 8.15453e-08
17.6715 0.21875 -2.2813e-08
18.4569 0.21875 1.24629e-07
19.2423 0.21875 -1.25627e-08
20.0277 0.21875 -2.95742e-08
20.8131 0.21875 4.11659e-08
21.5984 0.21875 -1.3587e-07
22.3838 0.21875 9.94825e-09
23.1692 0.21875 1.38566e-07
23.9546 0.21875 2.33363e-09
24.74 0.21875 -9.2555e-08
0.392699 0.28125 3.77833e-08
1.1781 0.28125 -1.95873e-07
1.9635 0.28125 -1.66022e-07
2.74889 0.28125 3.82167e-08
3.53429 0.28125 -1.55345e-08
4.31969 0.28125 2.21732e-07
5.10509 0.28125 9.29928e-08
5.89049 0.28125 3.61597e-08
6.67588 0.28125 -5.7219e-08
7.46128 0.28125 2.6241e-08
8.24668 0.28125 6.40012e-08
9.03208 0.28125 -1.09276e-07
9.81748 0.28125 3.74489e-08
10.6029 0.28125 -3.99727e-08
11.3883 0.28125 7.92031e-08
12.1737 0.28125 7.49433e-08
12.9591 0.28125 -1.20859e-07
13.7445 0.28125 -1.7836e-07
14.5299 0.28125 -2.70308e-08
15.3153 0.28125 -1.97753e-09
16.1007 0.28125 1.17974e-08
16.8861 0.28125 1.32011e-07
17.6715 0.28125 -4.68618e-08
18.4569 0.28125 1.77713e-07
19.2423 0.28125 3.02717e-08
20.0277 0.28125 -8.40853e-08
20.8131 0.28125 5.66402e-08
21.5984 0.28125 -1.58993e-07
22.3838 0.28125 -1.9872e-08
23.1692 0.28125 1.7679e-07
23.9546 0.28125 3.46908e-08
24.74 0.28125 -1.19381e-07
0.392699 0.34375 6.21271e-08
1.1781 0.34375 -2.17879e-07
1.9635 0.34375 -2.59908e-07
2.74889 0.34375 1.37464e-08
3.53429 0.34375 -3.45311e-08
4.31969 0.34375 2.70358e-07
5.10509 0.34375 1.58519e-07
5.89049 0.34375 7.96802e-08
6.67588 0.34375 -6.76781e-08
7.46128 0.34375 1.28437e-08
8.24668 0.34375 8.91847e-08
9.03208 0.34375 -1.14892e-07
9.81748 0.34375 5.24316e-08
10.6029 0.34375 -5.66508e-08
11.3883 0.34375 7.31295e-08
12.1737 0.34375 9.27644e-08
12.9591 0.34375 -1.40365e-07
13.7445 0.34375 -2.29962e-07
14.5299 0.34375 -4.46865e-08
15.3153 0.34375 -9.16611e-09
16.1007 0.34375 1.20289e-08
16.8861 0.34375 1.83578e-07
17.6715 0.34375 -7.54974e-08
18.4569 0.34375 2.1327e-07
19.2423 0.34375 9.60961e-08
20.0277 0.34375 -1.42753e-07
20.8131 0.34375 4.42501e-08
21.5984 0.34375 -1.58246e-07
22.3838 0.34375 -3.73729e-08
23.1692 0.34375 1.89397e-07
23.9546 0.34375 6.15131e-08
24.74 0.34375 -1.32056e-07
0.392699 0.40625 8.16233e-08
1.1781 0.40625 -2.22029e-07
1.9635 0.40625 -3.40435e-07
2.74889 0.40625 -1.93464e-08
3.53429 0.40625 -5.32971e-08
4.31969 0.40625 2.94993e-07
5.10509 0.40625 2.22681e-07
5.89049 0.40625 1.35777e-07
6.67588 0.40625 -6.67411e-08
7.46128 0.40625 -1.14661e-08
8.24668 0.40625 9.95836e-08
9.03208 0.40625 -1.04173e-07
9.81748 0.40625 7.27776e-08
10.6029 0.40625 -6.00069e-08
11.3883 0.40625 5.23151e-08
12.1737 0.40625 9.21973e-08
12.9591 0.40625 -1.62738e-07
13.7445 0.40625 -2.69486e-07
14.5299 0.40625 -4.81592e-08
15.3153 0.40625 -1.50463e-08
16.1007 0.40625 2.23095e-08
16.8861 0.40625 2.2804e-07
17.6715 0.40625 -1.07625e-07
18.4569 0.40625 2.28646e-07
19.2423 0.40625 1.64854e-07
20.0277 0.40625 -1.95738e-07
20.8131 0.40625 8.28752e-09
21.5984 0.40625 -1.37151e-07
22.3838 0.40625 -3.69406e-08
23.1692 0.40625 1.75438e-07
23.9546 0.40625 7.91933e-08
24.74 0.40625 -1.28252e-07
0.392699 0.46875 8.85193e-08
1.1781 0.46875 -2.17049e-07
1.9635 0.46875 -3.97496e-07
2.74889 0.46875 -5.11141e-08
3.53429 0.46875 -6.64382e-08
4.31969 0.46875 2.96334e-07
5.10509 0.46875 2.81148e-07
5.89049 0.46875 1.93943e-07
6.67588 0.46875 -5.43168e-08
7.46128 0.46875 -4.31593e-08
8.24668 0.46875 9.03999e-08
9.03208 0.46875 -7.97431e-08
9.81748 0.46875 9.12384e-08
10.6029 0.46875 -4.69153e-08
11.3883 0.46875 1.93295e-08
12.1737 0.46875 7.12728e-08
12.9591 0.46875 -1.84756e-07
13.7445 0.46875 -2.94487e-07
14.5299 0.46875 -3.54863e-08
15.3153 0.46875 -1.63401e-08
16.1007 0.46875 5.07903e-08
16.8861 0.46875 2.60767e-07
17.6715 0.46875 -1.43484e-07
18.4569 0.46875 2.28375e-07
19.2423 0.46875 2.17299e-07
20.0277 0.46875 -2.44136e-07
20.8131 0.46875 -3.7547e-08
21.5984 0.46875 -9.63084e-08
22.3838 0.46875 -2.57702e-08
23.1692 0.46875 1.35645e-07
23.9546 0.46875 9.35044e-08
24.74 0.46875 -1.0591e-07
0.392699 0.53125 7.74162e-08
1.1781 0.53125 -2.10871e-07
1.9635 0.53125 -4.26462e-07
2.74889 0.53125 -7.66999e-08
3.53429 0.53125 -7.09672e-08
4.31969 0.53125 2.81449e-07
5.10509 0.53125 3.35361e-07
5.89049 0.53125 2.41081e-07
6.67588 0.53125 -3.52497e-08
7.46128 0.53125 -7.22628e-08
8.24668 0.53125 6.04098e-08
9.03208 0.53125 -4.83861e-08
9.81748 0.53125 1.01741e-07
10.6029 0.53125 -1.99075e-08
11.3883 0.53125 -2.12147e-08
12.1737 0.53125 3.05195e-08
12.9591 0.53125 -2.00484e-07
13.7445 0.53125 -3.00055e-07
14.5299 0.53125 -1.02982e-08
15.3153 0.53125 -1.43595e-08
16.1007 0.53125 9.99602e-08
16.8861 0.53125 2.80894e-07
17.6715 0.53125 -1.8121e-07
18.4569 0.53125 2.19623e-07
19.2423 0.53125 2.41925e-07
20.0277 0.53125 -2.93684e-07
20.8131 0.53125 -8.14381e-08
21.5984 0.53125 -3.60588e-08
22.3838 0.53125 -1.56135e-08
23.1692 0.53125 7.34621e-08
23.9546 0.53125 1.13142e-07
24.74 0.53125 -6.43455e-08
0.392699 0.59375 4.83136e-08
1.1781 0.59375 -2.07669e-07
1.9635 0.59375 -4.27478e-07
2.74889 0.59375 -9.70288e-08
3.53429 0.59375 -6.78967e-08
4.31969 0.59375 2.61462e-07
5.10509 0.59375 3.89047e-07
5.89049 0.59375 2.65291e-07
6.67588 0.59375 -1.80898e-08
7.46128 0.59375 -8.52368e-08
8.24668 0.59375 1.35757e-08
9.03208 0.59375 -2.00102e-08
9.81748 0.59375 1.02205e-07
10.6029 0.59375 1.36982e-08
11.3883 0.59375 -6.37748e-08
12.1737 0.59375 -2.47866e-08
12.9591 0.59375 -2.05372e-07
13.7445 0.59375 -2.81277e-07
14.5299 0.59375 2.17899e-08
15.3153 0.59375 -1.39958e-08
16.1007 0.59375 1.6411e-07
16.8861 0.59375 2.88483e-07
17.6715 0.59375 -2.16233e-07
18.4569 0.59375 2.09817e-07
19.2423 0.59375 2.37694e-07
20.0277 0.59375 -3.4945e-07
20.8131 0.59375 -1.17289e-07
21.5984 0.59375 4.15124e-08
22.3838 0.59375 -1.78761e-08
23.1692 0.59375 -4.20876e-09
23.9546 0.59375 1.45148e-07
24.74 0.59375 -6.57314e-09
0.392699 0.65625 7.51855e-09
1.1781 0.65625 -2.06732e-07
1.9635 0.65625 -4.03377e-07
2.74889 0.65625 -1.16655e-07
3.53429 0.65625 -6.26843e-08
4.31969 0.65625 2.47973e-07
5.10509 0.65625 4.42838e-07
5.89049 0.65625 2.60231e-07
6.67588 0.65625 -1.0827e-08
7.46128 0.65625 -7.29458e-08
8.24668 0.65625 -4.11948e-08
9.03208 0.65625 -2.38658e-09
9.81748 0.65625 9.54586e-08
10.6029 0.65625 4.31652e-08
11.3883 0.65625 -1.04225e-07
12.1737 0.65625 -8.3913e-08
12.9591 0.65625 -1.97689e-07
13.7445 0.65625 -2.37133e-07
14.5299 0.65625 5.58951e-08
15.3153 0.65625 -2.02692e-08
16.1007 0.65625 2.30132e-07
16.8861 0.65625 2.82767e-07
17.6715 0.65625 -2.42786e-07
18.4569 0.65625 2.04062e-07
19.2423 0.65625 2.12108e-07
20.0277 0.65625 -4.10184e-07
20.8131 0.65625 -1.45239e-07
21.5984 0.65625 1.31065e-07
22.3838 0.65625 -3.63601e-08
23.1692 0.65625 -8.99739e-08
23.9546 0.65625 1.89743e-07
24.74 0.65625 6.09975e-08
0.392699 0.71875 -3.50088e-08
1.1781 0.71875 -2.03321e-07
1.9635 0.71875 -3.58228e-07
2.74889 0.71875 -1.38371e-07
3.53429 0.71875 -6.30739e-08
4.31969 0.71875 2.49244e-07
5.10509 0.71875 4.91913e-07
5.89049 0.71875 2.2652e-07
6.67588 0.71875 -1.59993e-08
7.46128 0.71875 -3.80439e-08
8.24668 0.71875 -9.30472e-08
9.03208 0.71875 4.4516e-09
9.81748 0.71875 8.71652e-08
10.6029 0.71875 5.58904e-08
11.3883 0.71875 -1.41001e-07
12.1737 0.71875 -1.32359e-07
12.9591 0.71875 -1.78325e-07
13.7445 0.71875 -1.72697e-07
14.5299 0.71875 8.80027e-08
15.3153 0.71875 -3.42678e-08
16.1007 0.71875 2.8297e-07
16.8861 0.71875 2.622e-07
17.6715 0.71875 -2.58052e-07
18.4569 0.71875 2.04705e-07
19.2423 0.71875 1.77407e-07
20.0277 0.71875 -4.68731e-07
20.8131 0.71875 -1.66894e-07
21.5984 0.71875 2.2337e-07
22.3838 0.71875 -6.57001e-08
23.1692 0.71875 -1.77478e-07
23.9546 0.71875 2.38897e-07
24.74 0.71875 1.29514e-07
0.392699 0.78125 -7.14989e-08
1.1781 0.78125 -1.92468e-07
1.9635 0.78125 -2.94764e-07
2.74889 0.78125 -1.58713e-07
3.53429 0.78125 -7.44009e-08
4.31969 0.78125 2.66563e-07
5.10509 0.78125 5.2656e-07
5.89049 0.78125 1.71449e-07
6.67588 0.78125 -2.87043e-08
7.46128 0.78125 5.20108e-09
8.24668 0.78125 -1.34143e-07
9.03208 0.78125 8.49582e-09
9.81748 0.78125 8.36696e-08
10.6029 0.78125 4.11617e-08
11.3883 0.78125 -1.74255e-07
12.1737 0.78125 -1.56678e-07
12.9591 0.78125 -1.50078e-07
13.7445 0.78125 -9.81729e-08
14.5299 0.78125 1.13429e-07
15.3153 0.78125 -5.2486e-08
16.1007 0.78125 3.12063e-07
16.8861 0.78125 2.26901e-07
17.6715 0.78125 -2.63873e-07
18.4569 0.78125 2.10697e-07
19.2423 0.78125 1.4547e-07
20.0277 0.78125 -5.14181e-07
20.8131 0.78125 -1.82344e-07
21.5984 0.78125 3.05659e-07
22.3838 0.78125 -9.31799e-08
23.1692 0.78125 -2.62212e-07
23.9546 0.78125 2.78726e-07
24.74 0.78125 1.90618e-07
0.392699 0.84375 -1.01125e-07
1.1781 0.84375 -1.72919e-07
1.9635 0.84375 -2.14778e-07
2.74889 0.84375 -1.67051e-07
3.53429 0.84375 -9.46625e-08
4.31969 0.84375 2.92941e-07
5.10509 0.84375 5.36148e-07
5.89049 0.84375 1.06329e-07
6.67588 0.84375 -3.88923e-08
7.46128 0.84375 3.84829e-08
8.24668 0.84375 -1.61859e-07
9.03208 0.84375 2.05036e-08
9.81748 0.84375 8.82397e-08
10.6029 0.84375 -4.74251e-09
11.3883 0.84375 -2.03884e-07
12.1737 0.84375 -1.49775e-07
12.9591 0.84375 -1.16809e-07
13.7445 0.84375 -2.54033e-08
14.5299 0.84375 1.26096e-07
15.3153 0.84375 -6.95491e-08
16.1007 0.84375 3.15776e-07
16.8861 0.84375 1.80288e-07
17.6715 0.84375 -2.6585e-07
18.4569 0.84375 2.18759e-07
19.2423 0.84375 1.24239e-07
20.0277 0.84375 -5.37069e-07
20.8131 0.84375 -1.89164e-07
21.5984 0.84375 3.64799e-07
22.3838 0.84375 -1.06173e-07
23.1692 0.84375 -3.40043e-07
23.9546 0.84375 2.9669e-07
24.74 0.84375 2.38194e-07
0.392699 0.90625 -1.30418e-07
1.1781 0.90625 -1.47776e-07
1.9635 0.90625 -1.20828e-07
2.74889 0.90625 -1.51003e-07
3.53429 0.90625 -1.13567e-07
4.31969 0.90625 3.15402e-07
5.10509 0.90625 5.13404e-07
5.89049 0.90625 4.31744e-08
6.67588 0.90625 -3.65219e-08
7.46128 0.90625 4.93901e-08
8.24668 0.90625 -1.77354e-07
9.03208 0.90625 4.77471e-08
9.81748 0.90625 9.83786e-08
10.6029 0.90625 -7.53668e-08
11.3883 0.90625 -2.2811e-07
12.1737 0.90625 -1.14475e-07
12.9591 0.90625 -8.2631e-08
13.7445 0.90625 3.59016e-08
14.5299 0.90625 1.20432e-07
15.3153 0.90625 -8.18511e-08
16.1007 0.90625 3.00963e-07
16.8861 0.90625 1.28773e-07
17.6715 0.90625 -2.69295e-07
18.4569 0.90625 2.2473e-07
19.2423 0.90625 1.14891e-07
20.0277 0.90625 -5.32924e-07
20.8131 0.90625 -1.84308e-07
21.5984 0.90625 3.92603e-07
22.3838 0.90625 -9.82976e-08
23.1692 0.90625 -4.06781e-07
23.9546 0.90625 2.88122e-07
24.74 0.90625 2.68701e-07
0.392699 0.96875 -1.68768e-07
1.1781 0.96875 -1.19519e-07
1.9635 0.96875 -1.94051e-08
2.74889 0.96875 -1.0523e-07
3.53429 0.96875 -1.16695e-07
4.31969 0.96875 3.2113e-07
5.10509 0.96875 4.57763e-07
5.89049 0.96875 -9.28537e-09
6.67588 0.96875 -1.60012e-08
7.46128 0.96875 3.60209e-08
8.24668 0.96875 -1.82141e-07
9.03208 0.96875 9.1766e-08
9.81748 0.96875 1.05211e-07
10.6029 0.96875 -1.56036e-07
11.3883 0.96875 -2.4384e-07
12.1737 0.96875 -6.25363e-08
12.9591 0.96875 -5.10052e-08
13.7445 0.96875 7.9998e-08
14.5299 0.96875 9.48093e-08
15.3153 0.96875 -8.84205e-08
16.1007 0.96875 2.79401e-07
16.8861 0.96875 7.91208e-08
17.6715 0.96875 -2.7737e-07
18.4569 0.96875 2.26064e-07
19.2423 0.96875 1.12881e-07
20.0277 0.96875 -5.05185e-07
20.8131 0.96875 -1.65639e-07
21.5984 0.96875 3.9032e-07
22.3838 0.96875 -7.29528e-08
23.1692 0.96875 -4.57423e-07
23.9546 0.96875 2.59119e-07
24.74 0.96875 2.78305e-07
0.392699 1.03125 -2.22185e-07
1.1781 1.03125 -8.50968e-08
1.9635 1.03125 7.89786e-08
2.74889 1.03125 -3.78867e-08
3.53429 1.03125 -9.26552e-08
4.31969 1.03125 3.03691e-07
5.10509 1.03125 3.7504e-07
5.89049 1.03125 -4.73076e-08
6.67588 1.03125 2.2703e-08
7.46128 1.03125 5.01479e-09
8.24668 1.03125 -1.77272e-07
9.03208 1.03125 1.49408e-07
9.81748 1.03125 9.8355e-08
10.6029 1.03125 -2.29995e-07
11.3883 1.03125 -2.48894e-07
12.1737 1.03125 -9.36235e-09
12.9591 1.03125 -2.34463e-08
13.7445 1.03125 1.0413e-07
14.5299 1.03125 5.33559e-08
15.3153 1.03125 -8.89162e-08
16.1007 1.03125 2.62369e-07
16.8861 1.03125 3.59802e-08
17.6715 1.03125 -2.9087e-07
18.4569 1.03125 2.22674e-07
19.2423 1.03125 1.10998e-07
20.0277 1.03125 -4.6363e-07
20.8131 1.03125 -1.33093e-07
21.5984 1.03125 3.68679e-07
22.3838 1.03125 -4.08634e-08
23.1692 1.03125 -4.86963e-07
23.9546 1.03125 2.23198e-07
24.74 1.03125 2.61544e-07
0.392699 1.09375 -2.88484e-07
1.1781 1.09375 -3.60836e-08
1.9635 1.09375 1.61215e-07
2.74889 1.09375 3.04758e-08
3.53429 1.09375 -3.79297e-08
4.31969 1.09375 2.66115e-07
5.10509 1.09375 2.74382e-07
5.89049 1.09375 -7.12873e-08
6.67588 1.09375 7.65619e-08
7.46128 1.09375 -3.51221e-08
8.24668 1.09375 -1.6496e-07
9.03208 1.09375 2.14993e-07
9.81748 1.09375 7.26392e-08
10.6029 1.09375 -2.84742e-07
11.3883 1.09375 -2.44718e-07
12.1737 1.09375 3.27434e-08
12.9591 1.09375 1.43183e-09
13.7445 1.09375 1.07449e-07
14.5299 1.09375 4.82928e-09
15.3153 1.09375 -8.2188e-08
16.1007 1.09375 2.56622e-07
16.8861 1.09375 8.90821e-10
17.6715 1.09375 -3.10826e-07
18.4569 1.09375 2.1636e-07
19.2423 1.09375 1.05604e-07
20.0277 1.09375 -4.19726e-07
20.8131 1.09375 -9.00817e-08
21.5984 1.09375 3.42462e-07
22.3838 1.09375 -1.46638e-08
23.1692 1.09375 -4.90674e-07
23.9546 1.09375 1.94523e-07
24.74 1.09375 2.12884e-07
0.392699 1.15625 -3.56447e-07
1.1781 1.15625 3.40431e-08
1.9635 1.15625 2.15199e-07
2.74889 1.15625 7.57148e-08
3.53429 1.15625 4.20323e-08
4.31969 1.15625 2.18588e-07
5.10509 1.15625 1.65173e-07
5.89049 1.15625 -8.27681e-08
6.67588 1.15625 1.41592e-07
7.46128 1.15625 -7.88266e-08
8.24668 1.15625 -1.50084e-07
9.03208 1.15625 2.80813e-07
9.81748 1.15625 3.3014e-08
10.6029 1.15625 -3.1503e-07
11.3883 1.15625 -2.37225e-07
12.1737 1.15625 5.88189e-08
12.9591 1.15625 2.7072e-08
13.7445 1.15625 9.14685e-08
14.5299 1.15625 -4.05357e-08
15.3153 1.15625 -6.7721e-08
16.1007 1.15625 2.62489e-07
16.8861 1.15625 -2.63528e-08
17.6715 1.15625 -3.3884e-07
18.4569 1.15625 2.07872e-07
19.2423 1.15625 9.96233e-08
20.0277 1.15625 -3.7913e-07
20.8131 1.15625 -4.44171e-08
21.5984 1.15625 3.22978e-07
22.3838 1.15625 -2.50761e-09
23.1692 1.15625 -4.66508e-07
23.9546 1.15625 1.80634e-07
24.74 1.15625 1.32596e-07
0.392699 1.21875 -4.0916e-07
1.1781 1.21875 1.23027e-07
1.9635 1.21875 2.32133e-07
2.74889 1.21875 8.09754e-08
3.53429 1.21875 1.35519e-07
4.31969 1.21875 1.7367e-07
5.10509 1.21875 5.73328e-08
5.89049 1.21875 -8.31201e-08
6.67588 1.21875 2.1184e-07
7.46128 1.21875 -1.24411e-07
8.24668 1.21875 -1.3817e-07
9.03208 1.21875 3.37729e-07
9.81748 1.21875 -7.78616e-09
10.6029 1.21875 -3.21931e-07
11.3883 1.21875 -2.34562e-07
12.1737 1.21875 7.09576e-08
12.9591 1.21875 5.64044e-08
13.7445 1.21875 6.17073e-08
14.5299 1.21875 -7.38572e-08
15.3153 1.21875 -4.84222e-08
16.1007 1.21875 2.75636e-07
16.8861 1.21875 -4.59944e-08
17.6715 1.21875 -3.76636e-07
18.4569 1.21875 1.95134e-07
19.2423 1.21875 1.0255e-07
20.0277 1.21875 -3.38205e-07
20.8131 1.21875 -7.67211e-09
21.5984 1.21875 3.13254e-07
22.3838 1.21875 -5.25617e-09
23.1692 1.21875 -4.17061e-07
23.9546 1.21875 1.79256e-07
24.74 1.21875 3.04385e-08
0.392699 1.28125 -4.30788e-07
1.1781 1.28125 2.17906e-07
1.9635 1.28125 2.0961e-07
2.74889 1.28125 4.38846e-08
3.53429 1.28125 2.27505e-07
4.31969 1.28125 1.41234e-07
5.10509 1.28125 -3.68047e-08
5.89049 1.28125 -7.4322e-08
6.67588 1.28125 2.76463e-07
7.46128 1.28125 -1.70219e-07
8.24668 1.28125 -1.32151e-07
9.03208 1.28125 3.75926e-07
9.81748 1.28125 -3.59999e-08
10.6029 1.28125 -3.09448e-07
11.3883 1.28125 -2.42549e-07
12.1737 1.28125 7.47788e-08
12.9591 1.28125 8.95669e-08
13.7445 1.28125 2.68475e-08
14.5299 1.28125 -8.94813e-08
15.3153 1.28125 -3.04441e-08
16.1007 1.28125 2.89485e-07
16.8861 1.28125 -5.75693e-08
17.6715 1.28125 -4.22332e-07
18.4569 1.28125 1.73495e-07
19.2423 1.28125 1.23987e-07
20.0277 1.28125 -2.86649e-07
20.8131 1.28125 9.0857e-09
21.5984 1.28125 3.08415e-07
22.3838 1.28125 -1.78708e-08
23.1692 1.28125 -3.50864e-07
23.9546 1.28125 1.80651e-07
24.74 1.28125 -7.49723e-08
0.392699 1.34375 -4.13101e-07
1.1781 1.34375 3.00943e-07
1.9635 1.34375 1.52379e-07
2.74889 1.34375 -2.37042e-08
3.53429 1.34375 3.03509e-07
4.31969 1.34375 1.26172e-07
5.10509 1.34375 -1.03183e-07
5.89049 1.34375 -6.10105e-08
6.67588 1.34375 3.20341e-07
7.46128 1.34375 -2.11983e-07
8.24668 1.34375 -1.30917e-07
9.03208 1.34375 3.88348e-07
9.81748 1.34375 -4.42189e-08
10.6029 1.34375 -2.81699e-07
11.3883 1.34375 -2.60916e-07
12.1737 1.34375 7.54574e-08
12.9591 1.34375 1.23399e-07
13.7445 1.34375 -4.43423e-09
14.5299 1.34375 -8.54539e-08
15.3153 1.34375 -1.98632e-08
16.1007 1.34375 2.97878e-07
16.8861 1.34375 -6.05869e-08
17.6715 1.34375 -4.69897e-07
18.4569 1.34375 1.38949e-07
19.2423 1.34375 1.6882e-07
20.0277 1.34375 -2.16539e-07
20.8131 1.34375 -3.63609e-10
21.5984 1.34375 2.99836e-07
22.3838 1.34375 -3.36897e-08
23.1692 1.34375 -2.78867e-07
23.9546 1.34375 1.74407e-07
24.74 1.34375 -1.6368e-07
0.392699 1.40625 -3.59301e-07
1.1781 1.40625 3.56704e-07
1.9635 1.40625 7.29157e-08
2.74889 1.40625 -1.00724e-07
3.53429 1.40625 3.52087e-07
4.31969 1.40625 1.27261e-07
5.10509 1.40625 -1.31198e-07
5.89049 1.40625 -4.99353e-08
6.67588 1.40625 3.29716e-07
7.46128 1.40625 -2.42644e-07
8.24668 1.40625 -1.30998e-07
9.03208 1.40625 3.7349e-07
9.81748 1.40625 -3.34638e-08
10.6029 1.40625 -2.42333e-07
11.3883 1.40625 -2.82576e-07
12.1737 1.40625 7.57956e-08
12.9591 1.40625 1.52295e-07
13.7445 1.40625 -2.73163e-08
14.5299 1.40625 -6.34939e-08
15.3153 1.40625 -1.86137e-08
16.1007 1.40625 2.95466e-07
16.8861 1.40625 -5.51792e-08
17.6715 1.40625 -5.09098e-07
18.4569 1.40625 9.08831e-08
19.2423 1.40625 2.32705e-07
20.0277 1.40625 -1.29581e-07
20.8131 1.40625 -3.38401e-08
21.5984 1.40625 2.7988e-07
22.3838 1.40625 -4.741e-08
23.1692 1.40625 -2.10298e-07
23.9546 1.40625 1.55474e-07
24.74 1.40625 -2.21464e-07
0.392699 1.46875 -2.82216e-07
1.1781 1.46875 3.77758e-07
1.9635 1.46875 -1.2196e-08
2.74889 1.46875 -1.6499e-07
3.53429 1.46875 3.679e-07
4.31969 1.46875 1.38763e-07
5.10509 1.46875 -1.2008e-07
5.89049 1.46875 -4.74441e-08
6.67588 1.46875 3.00106e-07
7.46128 1.46875 -2.56455e-07
8.24668 1.46875 -1.28565e-07
9.03208 1.46875 3.37515e-07
9.81748 1.46875 -1.12903e-08
10.6029 1.46875 -1.9626e-07
11.3883 1.46875 -2.96994e-07
12.1737 1.46875 7.62789e-08
12.9591 1.46875 1.69561e-07
13.7445 1.46875 -4.11281e-08
14.5299 1.46875 -2.8104e-08
15.3153 1.46875 -2.41187e-08
16.1007 1.46875 2.79095e-07
16.8861 1.46875 -4.29527e-08
17.6715 1.46875 -5.30814e-07
18.4569 1.46875 3.45938e-08
19.2423 1.46875 3.04875e-07
20.0277 1.46875 -3.92726e-08
20.8131 1.46875 -8.22434e-08
21.5984 1.46875 2.45374e-07
22.3838 1.46875 -5.5693e-08
23.1692 1.46875 -1.49033e-07
23.9546 1.46875 1.25879e-07
24.74 1.46875 -2.44611e-07
0.392699 1.53125 -1.99115e-07
1.1781 1.53125 3.6442e-07
1.9635 1.53125 -8.58354e-08
2.74889 1.53125 -1.99847e-07
3.53429 1.53125 3.51866e-07
4.31969 1.53125 1.5221e-07
5.10509 1.53125 -8.12905e-08
5.89049 1.53125 -5.56553e-08
6.67588 1.53125 2.39813e-07
7.46128 1.53125 -2.51407e-07
8.24668 1.53125 -1.20232e-07
9.03208 1.53125 2.90696e-07
9.81748 1.53125 1.25498e-08
10.6029 1.53125 -1.50194e-07
11.3883 1.53125 -2.94838e-07
12.1737 1.53125 7.62394e-08
12.9591 1.53125 1.69511e-07
13.7445 1.53125 -4.73493e-08
14.5299 1.53125 1.38365e-08
15.3153 1.53125 -3.15171e-08
16.1007 1.53125 2.47973e-07
16.8861 1.53125 -2.76718e-08
17.6715 1.53125 -5.28218e-07
18.4569 1.53125 -1.87922e-08
19.2423 1.53125 3.69288e-07
20.0277 1.53125 3.51335e-08
20.8131 1.53125 -1.31745e-07
21.5984 1.53125 1.98449e-07
22.3838 1.53125 -5.66405e-08
23.1692 1.53125 -9.51591e-08
23.9546 1.53125 9.19751e-08
24.74 1.53125 -2.3762e-07
0.392699 1.59375 -1.24132e-07
1.1781 1.59375 3.22783e-07
1.9635 1.59375 -1.36649e-07
2.74889 1.59375 -1.98968e-07
3.53429 1.59375 3.11742e-07
4.31969 1.59375 1.59651e-07
5.10509 1.59375 -3.4876e-08
5.89049 1.59375 -7.12329e-08
6.67588 1.59375 1.66802e-07
7.46128 1.59375 -2.30316e-07
8.24668 1.59375 -1.03273e-07
9.03208 1.59375 2.43267e-07
9.81748 1.59375 2.92263e-08
10.6029 1.59375 -1.11625e-07
11.3883 1.59375 -2.71699e-07
12.1737 1.59375 7.48658e-08
12.9591 1.59375 1.49972e-07
13.7445 1.59375 -4.65518e-08
14.5299 1.59375 5.40627e-08
15.3153 1.59375 -3.72158e-08
16.1007 1.59375 2.0531e-07
16.8861 1.59375 -1.54656e-08
17.6715 1.59375 -4.99461e-07
18.4569 1.59375 -5.39709e-08
19.2423 1.59375 4.10539e-07
20.0277 1.59375 7.61386e-08
20.8131 1.59375 -1.69275e-07
21.5984 1.59375 1.46301e-07
22.3838 1.59375 -5.00495e-08
23.1692 1.59375 -4.75378e-08
23.9546 1.59375 6.0254e-08
24.74 1.59375 -2.10089e-07
0.392699 1.65625 -6.45925e-08
1.1781 1.65625 2.60576e-07
1.9635 1.65625 -1.59926e-07
2.74889 1.65625 -1.65617e-07
3.53429 1.65625 2.58293e-07
4.31969 1.65625 1.54159e-07
5.10509 1.65625 -8.8211e-10
5.89049 1.65625 -8.58993e-08
6.67588 1.65625 9.99577e-08
7.46128 1.65625 -1.97491e-07
8.24668 1.65625 -7.64546e-08
9.03208 1.65625 1.99496e-07
9.81748 1.65625 3.31558e-08
10.6029 1.65625 -8.4934e-08
11.3883 1.65625 -2.28358e-07
12.1737 1.65625 7.1482e-08
12.9591 1.65625 1.14531e-07
13.7445 1.65625 -3.83022e-08
14.5299 1.65625 8.31275e-08
15.3153 1.65625 -3.97693e-08
16.1007 1.65625 1.56675e-07
16.8861 1.65625 -1.25962e-08
17.6715 1.65625 -4.4326e-07
18.4569 1.65625 -5.79729e-08
19.2423 1.65625 4.13711e-07
20.0277 1.65625 7.60572e-08
20.8131 1.65625 -1.8432e-07
21.5984 1.65625 9.85068e-08
22.3838 1.65625 -3.75918e-08
23.1692 1.65625 -7.68853e-09
23.9546 1.65625 3.41421e-08
24.74 1.65625 -1.71343e-07
0.392699 1.71875 -2.06497e-08
1.1781 1.71875 1.86338e-07
1.9635 1.71875 -1.57618e-07
2.74889 1.71875 -1.10573e-07
3.53429 1.71875 2.02224e-07
4.31969 1.71875 1.31941e-07
5.10509 1.71875 9.263e-09
5.89049 1.71875 -9.0416e-08
6.67588 1.71875 5.13708e-08
7.46128 1.71875 -1.57112e-07
8.24668 1.71875 -4.19921e-08
9.03208 1.71875 1.58304e-07
9.81748 1.71875 2.33655e-08
10.6029 1.71875 -6.93575e-08
11.3883 1.71875 -1.70165e-07
12.1737 1.71875 6.52356e-08
12.9591 1.71875 7.19857e-08
13.7445 1.71875 -2.27536e-08
14.5299 1.71875 9.30578e-08
15.3153 1.71875 -3.95262e-08
16.1007 1.71875 1.09539e-07
16.8861 1.71875 -2.17342e-08
17.6715 1.71875 -3.61722e-07
18.4569 1.71875 -2.75092e-08
19.2423 1.71875 3.71048e-07
20.0277 1.71875 3.95693e-08
20.8131 1.71875 -1.7231e-07
21.5984 1.71875 6.42821e-08
22.3838 1.71875 -2.24617e-08
23.1692 1.71875 2.03089e-08
23.9546 1.71875 1.3255e-08
24.74 1.71875 -1.28959e-07
0.392699 1.78125 8.16044e-09
1.1781 1.78125 1.09409e-07
1.9635 1.78125 -1.31762e-07
2.74889 1.78125 -4.88259e-08
3.53429 1.78125 1.47131e-07
4.31969 1.78125 9.29392e-08
5.10509 1.78125 -1.01245e-09
5.89049 1.78125 -7.79501e-08
6.67588 1.78125 2.27774e-08
7.46128 1.78125 -1.11438e-07
8.24668 1.78125 -6.87773e-09
9.03208 1.78125 1.14131e-07
9.81748 1.78125 4.70674e-09
10.6029 1.78125 -5.73916e-08
11.3883 1.78125 -1.05892e-07
12.1737 1.78125 5.42493e-08
12.9591 1.78125 3.39225e-08
13.7445 1.78125 -3.91915e-09
14.5299 1.78125 7.98079e-08
15.3153 1.78125 -3.59534e-08
16.1007 1.78125 6.87108e-08
16.8861 1.78125 -3.74858e-08
17.6715 1.78125 -2.57239e-07
18.4569 1.78125 2.21525e-08
19.2423 1.78125 2.80885e-07
20.0277 1.78125 -1.27374e-08
20.8131 1.78125 -1.32353e-07
21.5984 1.78125 4.5843e-08
22.3838 1.78125 -8.80983e-09
23.1692 1.78125 3.12999e-08
23.9546 1.78125 -3.66931e-09
24.74 1.78125 -8.61721e-08
0.392699 1.84375 2.0285e-08
1.1781 1.84375 4.31408e-08
1.9635 1.84375 -8.65676e-08
2.74889 1.84375 1.76404e-10
3.53429 1.84375 9.16356e-08
4.31969 1.84375 4.60346e-08
5.10509 1.84375 -1.50408e-08
5.89049 1.84375 -4.97394e-08
6.67588 1.84375 8.68213e-09
7.46128 1.84375 -6.43184e-08
8.24668 1.84375 1.66469e-08
9.03208 1.84375 6.58864e-08
9.81748 1.84375 -1.15989e-08
10.6029 1.84375 -4.08356e-08
11.3883 1.84375 -4.82769e-08
12.1737 1.84375 3.70921e-08
12.9591 1.84375 9.02502e-09
13.7445 1.84375 9.99824e-09
14.5299 1.84375 4.92791e-08
15.3153 1.84375 -2.73753e-08
16.1007 1.84375 3.64371e-08
16.8861 1.84375 -4.59567e-08
17.6715 1.84375 -1.42908e-07
18.4569 1.84375 5.81249e-08
19.2423 1.84375 1.60336e-07
20.0277 1.84375 -4.87879e-08
20.8131 1.84375 -7.32763e-08
21.5984 1.84375 3.59923e-08
22.3838 1.84375 -1.46236e-09
23.1692 1.84375 2.49815e-08
23.9546 1.84375 -1.41886e-08
24.74 1.84375 -4.56691e-08
0.392699 1.90625 1.37254e-08
1.1781 1.90625 3.82094e-09
1.9635 1.90625 -3.29755e-08
2.74889 1.90625 1.76456e-08
3.53429 1.90625 3.64276e-08
4.31969 1.90625 8.9513e-09
5.10509 1.90625 -1.43488e-08
5.89049 1.90625 -1.74495e-08
6.67588 1.90625 1.81791e-09
7.46128 1.90625 -2.32443e-08
8.24668 1.90625 1.79148e-08
9.03208 1.90625 2.15461e-08
9.81748 1.90625 -1.33778e-08
10.6029 1.90625 -1.78171e-08
11.3883 1.90625 -1.08404e-08
12.1737 1.90625 1.59353e-08
12.9591 1.90625 -3.94524e-10
13.7445 1.90625 1.10516e-08
14.5299 1.90625 1.66945e-08
15.3153 1.90625 -1.33343e-08
16.1007 1.90625 1.23412e-08
16.8861 1.90625 -3.2529e-08
17.6715 1.90625 -4.39251e-08
18.4569 1.90625 4.76181e-08
19.2423 1.90625 4.77046e-08
20.0277 1.90625 -3.99239e-08
20.8131 1.90625 -1.72478e-08
21.5984 1.90625 2.04519e-08
22.3838 1.90625 -1.47587e-09
23.1692 1.90625 9.98492e-09
23.9546 1.90625 -1.24684e-08
24.74 1.90625 -1.32469e-08
0.392699 1.96875 9.07374e-10
1.1781 1.96875 -2.4261e-09
1.9635 1.96875 6.56071e-10
2.74889 1.96875 3.72608e-09
3.53429 1.96875 7.06463e-10
4.31969 1.96875 -1.57612e-09
5.10509 1.96875 -1.48374e-09
5.89049 1.96875 3.81363e-10
6.67588 1.96875 -6.92603e-10
7.46128 1.96875 -4.83264e-10
8.24668 1.96875 2.31535e-09
9.03208 1.96875 -2.40355e-10
9.81748 1.96875 -1.52822e-09
10.6029 1.96875 -1.07426e-09
11.3883 1.96875 8.95203e-10
12.1737 1.96875 3.89047e-10
12.9591 1.96875 -1.00484e-09
13.7445 1.96875 2.13794e-09
14.5299 1.96875 3.3482e-10
15.3153 1.96875 -7.52757e-10
16.1007 1.96875 5.81974e-10
16.8861 1.96875 -4.18604e-09
17.6715 1.96875 9.85614e-10
18.4569 1.96875 4.96578e-09
19.2423 1.96875 -2.64824e-09
20.0277 1.96875 -3.20561e-09
20.8131 1.96875 3.35249e-09
21.5984 1.96875 1.28863e-09
22.3838 1.96875 -1.75534e-09
23.1692 1.96875 5.03524e-10
23.9546 1.96875 -1.65357e-09
24.74 1.96875 5.16607e-10
