0.392699 0.03125 -2.29729e-08
0.392699 0.09375 -3.55119e-08
0.392699 0.15625 4.65281e-08
0.392699 0.21875 1.72274e-07
0.392699 0.28125 2.81895e-07
0.392699 0.34375 3.56773e-07
0.392699 0.40625 4.03477e-07
0.392699 0.46875 4.33158e-07
0.392699 0.53125 4.53101e-07
0.392699 0.59375 4.67059e-07
0.392699 0.65625 4.76453e-07
0.392699 0.71875 4.81963e-07
0.392699 0.78125 4.83781e-07
0.392699 0.84375 4.82113e-07
0.392699 0.90625 4.76961e-07
0.392699 0.96875 4.684e-07
0.392699 1.03125 4.56359e-07
0.392699 1.09375 4.40894e-07
0.392699 1.15625 4.22019e-07
0.392699 1.21875 4.00021e-07
0.392699 1.28125 3.75224e-07
0.392699 1.34375 3.48207e-07
0.392699 1.40625 3.1931e-07
0.392699 1.46875 2.8873e-07
0.392699 1.53125 2.55712e-07
0.392699 1.59375 2.18829e-07
0.392699 1.65625 1.75757e-07
0.392699 1.71875 1.26295e-07
0.392699 1.78125 7.54754e-08
0.392699 1.84375 3.59295e-08
0.392699 1.90625 1.53569e-08
0.392699 1.96875 1.02347e-08
1.1781 0.03125 -4.7595e-08
1.1781 0.09375 -1.40128e-07
1.1781 0.15625 -2.00059e-07
1.1781 0.21875 -2.00042e-07
1.1781 0.28125 -1.60428e-07
1.1781 0.34375 -1.09824e-07
1.1781 0.40625 -6.19542e-08
1.1781 0.46875 -1.84302e-08
1.1781 0.53125 2.33969e-08
1.1781 0.59375 6.60292e-08
1.1781 0.65625 1.10376e-07
1.1781 0.71875 1.55798e-07
1.1781 0.78125 2.00544e-07
1.1781 0.84375 2.42351e-07
1.1781 0.90625 2.78871e-07
1.1781 0.96875 3.08023e-07
1.1781 1.03125 3.28104e-07
1.1781 1.09375 3.3789e-07
1.1781 1.15625 3.36631e-07
1.1781 1.21875 3.2414e-07
1.1781 1.28125 3.0078e-07
1.1781 1.34375 2.67567e-07
1.1781 1.40625 2.26106e-07
1.1781 1.46875 1.78629e-07
1.1781 1.53125 1.27701e-07
1.1781 1.59375 7.60638e-08
1.1781 1.65625 2.62522e-08
1.1781 1.71875 -1.90964e-08
1.1781 1.78125 -5.66671e-08
1.1781 1.84375 -8.04528e-08
1.1781 1.90625 -7.95966e-08
1.1781 1.96875 -4.23775e-08
1.9635 0.03125 -2.21227e-09
1.9635 0.09375 -2.97068e-08
1.9635 0.15625 -7.0155e-08
1.9635 0.21875 -9.88544e-08
1.9635 0.28125 -1.07493e-07
1.9635 0.34375 -1.03981e-07
1.9635 0.40625 -9.74067e-08
1.9635 0.46875 -9.17728e-08
1.9635 0.53125 -8.6865e-08
1.9635 0.59375 -8.10702e-08
1.9635 0.65625 -7.28205e-08
1.9635 0.71875 -6.13651e-08
1.9635 0.78125 -4.67439e-08
1.9635 0.84375 -2.98965e-08
1.9635 0.90625 -1.23976e-08
1.9635 0.96875 3.76388e-09
1.9635 1.03125 1.68204e-08
1.9635 1.09375 2.56418e-08
1.9635 1.15625 3.01601e-08
1.9635 1.21875 3.12202e-08
1.9635 1.28125 3.0328e-08
1.9635 1.34375 2.88627e-08
1.9635 1.40625 2.75435e-08
1.9635 1.46875 2.57075e-08
1.9635 1.53125 2.13735e-08
1.9635 1.59375 1.1302e-08
1.9635 1.65625 -7.31332e-09
1.9635 1.71875 -3.40778e-08
1.9635 1.78125 -6.00313e-08
1.9635 1.84375 -6.72125e-08
1.9635 1.90625 -4.28227e-08
1.9635 1.96875 -6.76765e-09
2.74889 0.03125 -2.59783e-08
2.74889 0.09375 -9.43145e-08
2.74889 0.15625 -1.72021e-07
2.74889 0.21875 -2.37464e-07
2.74889 0.28125 -2.82316e-07
2.74889 0.34375 -3.07898e-07
2.74889 0.40625 -3.1969e-07
2.74889 0.46875 -3.22928e-07
2.74889 0.53125 -3.21382e-07
2.74889 0.59375 -3.17489e-07
2.74889 0.65625 -3.13292e-07
2.74889 0.71875 -3.10736e-07
2.74889 0.78125 -3.11754e-07
2.74889 0.84375 -3.17785e-07
2.74889 0.90625 -3.29359e-07
2.74889 0.96875 -3.45674e-07
2.74889 1.03125 -3.64655e-07
2.74889 1.09375 -3.83381e-07
2.74889 1.15625 -3.98908e-07
2.74889 1.21875 -4.09087e-07
2.74889 1.28125 -4.13084e-07
2.74889 1.34375 -4.115e-07
2.74889 1.40625 -4.05926e-07
2.74889 1.46875 -3.98329e-07
2.74889 1.53125 -3.89797e-07
2.74889 1.59375 -3.79246e-07
2.74889 1.65625 -3.6114e-07
2.74889 1.71875 -3.24996e-07
2.74889 1.78125 -2.5909e-07
2.74889 1.84375 -1.66021e-07
2.74889 1.90625 -7.55472e-08
2.74889 1.96875 -2.08437e-08
3.53429 0.03125 2.36896e-08
3.53429 0.09375 3.53758e-08
3.53429 0.15625 -9.03088e-10
3.53429 0.21875 -4.07721e-08
3.53429 0.28125 -6.85667e-08
3.53429 0.34375 -8.88809e-08
3.53429 0.40625 -1.08538e-07
3.53429 0.46875 -1.32011e-07
3.53429 0.53125 -1.61114e-07
3.53429 0.59375 -1.9594e-07
3.53429 0.65625 -2.34888e-07
3.53429 0.71875 -2.75448e-07
3.53429 0.78125 -3.14471e-07
3.53429 0.84375 -3.49046e-07
3.53429 0.90625 -3.76697e-07
3.53429 0.96875 -3.95926e-07
3.53429 1.03125 -4.05969e-07
3.53429 1.09375 -4.06929e-07
3.53429 1.15625 -3.99285e-07
3.53429 1.21875 -3.8398e-07
3.53429 1.28125 -3.61902e-07
3.53429 1.34375 -3.33956e-07
3.53429 1.40625 -3.00365e-07
3.53429 1.46875 -2.60702e-07
3.53429 1.53125 -2.13219e-07
3.53429 1.59375 -1.55699e-07
3.53429 1.65625 -8.68517e-08
3.53429 1.71875 -1.18709e-08
3.53429 1.78125 5.17803e-08
3.53429 1.84375 7.6314e-08
3.53429 1.90625 5.323e-08
3.53429 1.96875 1.73402e-08
4.31969 0.03125 2.71415e-08
4.31969 0.09375 3.5481e-08
4.31969 0.15625 -3.81098e-08
4.31969 0.21875 -1.42091e-07
4.31969 0.28125 -2.22308e-07
4.31969 0.34375 -2.64417e-07
4.31969 0.40625 -2.76608e-07
4.31969 0.46875 -2.69795e-07
4.31969 0.53125 -2.51773e-07
4.31969 0.59375 -2.27138e-07
4.31969 0.65625 -1.98741e-07
4.31969 0.71875 -1.68228e-07
4.31969 0.78125 -1.3644e-07
4.31969 0.84375 -1.03384e-07
4.31969 0.90625 -6.86014e-08
4.31969 0.96875 -3.15168e-08
4.31969 1.03125 7.86812e-09
4.31969 1.09375 4.86971e-08
4.31969 1.15625 8.9069e-08
4.31969 1.21875 1.26533e-07
4.31969 1.28125 1.58454e-07
4.31969 1.34375 1.8275e-07
4.31969 1.40625 1.97908e-07
4.31969 1.46875 2.0321e-07
4.31969 1.53125 1.97763e-07
4.31969 1.59375 1.79865e-07
4.31969 1.65625 1.45066e-07
4.31969 1.71875 8.79478e-08
4.31969 1.78125 9.44165e-09
4.31969 1.84375 -6.39559e-08
4.31969 1.90625 -8.10399e-08
4.31969 1.96875 -2.34551e-08
5.10509 0.03125 7.01191e-08
5.10509 0.09375 2.00593e-07
5.10509 0.15625 2.88448e-07
5.10509 0.21875 2.84358e-07
5.10509 0.28125 2.29726e-07
5.10509 0.34375 1.75061e-07
5.10509 0.40625 1.43021e-07
5.10509 0.46875 1.3642e-07
5.10509 0.53125 1.50623e-07
5.10509 0.59375 1.80072e-07
5.10509 0.65625 2.19356e-07
5.10509 0.71875 2.63398e-07
5.10509 0.78125 3.06884e-07
5.10509 0.84375 3.44728e-07
5.10509 0.90625 3.72368e-07
5.10509 0.96875 3.86731e-07
5.10509 1.03125 3.86324e-07
5.10509 1.09375 3.71392e-07
5.10509 1.15625 3.43215e-07
5.10509 1.21875 3.0395e-07
5.10509 1.28125 2.5596e-07
5.10509 1.34375 2.01803e-07
5.10509 1.40625 1.43508e-07
5.10509 1.46875 8.25603e-08
5.10509 1.53125 1.93106e-08
5.10509 1.59375 -4.59146e-08
5.10509 1.65625 -1.10559e-07
5.10509 1.71875 -1.6365e-07
5.10509 1.78125 -1.81508e-07
5.10509 1.84375 -1.38905e-07
5.10509 1.90625 -5.26385e-08
5.10509 1.96875 6.3413e-10
5.89049 0.03125 -5.00563e-08
5.89049 0.09375 -4.2158e-08
5.89049 0.15625 6.39131e-08
5.89049 0.21875 1.6055e-07
5.89049 0.28125 1.98215e-07
5.89049 0.34375 1.88181e-07
5.89049 0.40625 1.55229e-07
5.89049 0.46875 1.15129e-07
5.89049 0.53125 7.48576e-08
5.89049 0.59375 3.67776e-08
5.89049 0.65625 1.99484e-09
5.89049 0.71875 -2.87525e-08
5.89049 0.78125 -5.49772e-08
5.89049 0.84375 -7.68864e-08
5.89049 0.90625 -9.55219e-08
5.89049 0.96875 -1.12586e-07
5.89049 1.03125 -1.30039e-07
5.89049 1.09375 -1.49476e-07
5.89049 1.15625 -1.71787e-07
5.89049 1.21875 -1.96719e-07
5.89049 1.28125 -2.23101e-07
5.89049 1.34375 -2.4881e-07
5.89049 1.40625 -2.71496e-07
5.89049 1.46875 -2.88335e-07
5.89049 1.53125 -2.9621e-07
5.89049 1.59375 -2.89918e-07
5.89049 1.65625 -2.61845e-07
5.89049 1.71875 -2.0247e-07
5.89049 1.78125 -1.11115e-07
5.89049 1.84375 -1.25276e-08
5.89049 1.90625 3.95868e-08
5.89049 1.96875 2.47181e-08
6.67588 0.03125 -4.0671e-08
6.67588 0.09375 -6.64357e-08
6.67588 0.15625 -1.95078e-08
6.67588 0.21875 6.42647e-08
6.67588 0.28125 1.26146e-07
6.67588 0.34375 1.45571e-07
6.67588 0.40625 1.30655e-07
6.67588 0.46875 9.53468e-08
6.67588 0.53125 5.04674e-08
6.67588 0.59375 2.45915e-09
6.67588 0.65625 -4.46416e-08
6.67588 0.71875 -8.81586e-08
6.67588 0.78125 -1.25608e-07
6.67588 0.84375 -1.54745e-07
6.67588 0.90625 -1.7344e-07
6.67588 0.96875 -1.8037e-07
6.67588 1.03125 -1.75095e-07
6.67588 1.09375 -1.58415e-07
6.67588 1.15625 -1.32064e-07
6.67588 1.21875 -9.88397e-08
6.67588 1.28125 -6.22355e-08
6.67588 1.34375 -2.63556e-08
6.67588 1.40625 4.96036e-09
6.67588 1.46875 2.88498e-08
6.67588 1.53125 4.46437e-08
6.67588 1.59375 5.41841e-08
6.67588 1.65625 6.12346e-08
6.67588 1.71875 6.81271e-08
6.67588 1.78125 7.05627e-08
6.67588 1.84375 5.601e-08
6.67588 1.90625 1.91884e-08
6.67588 1.96875 -1.41922e-08
7.46128 0.03125 -3.93431e-08
7.46128 0.09375 -1.11827e-07
7.46128 0.15625 -1.05723e-07
7.46128 0.21875 -1.15066e-08
7.46128 0.28125 1.11649e-07
7.46128 0.34375 2.15014e-07
7.46128 0.40625 2.81289e-07
7.46128 0.46875 3.11868e-07
7.46128 0.53125 3.12822e-07
7.46128 0.59375 2.90395e-07
7.46128 0.65625 2.49756e-07
7.46128 0.71875 1.95642e-07
7.46128 0.78125 1.3229e-07
7.46128 0.84375 6.35431e-08
7.46128 0.90625 -7.26403e-09
7.46128 0.96875 -7.73201e-08
7.46128 1.03125 -1.44144e-07
7.46128 1.09375 -2.05708e-07
7.46128 1.15625 -2.60043e-07
7.46128 1.21875 -3.05554e-07
7.46128 1.28125 -3.40408e-07
7.46128 1.34375 -3.63239e-07
7.46128 1.40625 -3.72303e-07
7.46128 1.46875 -3.66549e-07
7.46128 1.53125 -3.44028e-07
7.46128 1.59375 -3.03437e-07
7.46128 1.65625 -2.42487e-07
7.46128 1.71875 -1.63776e-07
7.46128 1.78125 -7.78748e-08
7.46128 1.84375 -1.18101e-08
7.46128 1.90625 1.20389e-08
7.46128 1.96875 -2.42792e-09
8.24668 0.03125 -3.69627e-08
8.24668 0.09375 -1.51066e-07
8.24668 0.15625 -2.91411e-07
8.24668 0.21875 -3.58638e-07
8.24668 0.28125 -3.42847e-07
8.24668 0.34375 -2.85964e-07
8.24668 0.40625 -2.22447e-07
8.24668 0.46875 -1.6661e-07
8.24668 0.53125 -1.21034e-07
8.24668 0.59375 -8.46024e-08
8.24668 0.65625 -5.60118e-08
8.24668 0.71875 -3.44664e-08
8.24668 0.78125 -1.96304e-08
8.24668 0.84375 -1.12091e-08
8.24668 0.90625 -8.80432e-09
8.24668 0.96875 -1.14608e-08
8.24668 1.03125 -1.76427e-08
8.24668 1.09375 -2.48699e-08
8.24668 1.15625 -3.00649e-08
8.24668 1.21875 -2.94837e-08
8.24668 1.28125 -1.94829e-08
8.24668 1.34375 3.46674e-09
8.24668 1.40625 4.17605e-08
8.24668 1.46875 9.66438e-08
8.24668 1.53125 1.66545e-07
8.24668 1.59375 2.46019e-07
8.24668 1.65625 3.21053e-07
8.24668 1.71875 3.65986e-07
8.24668 1.78125 3.45132e-07
8.24668 1.84375 2.4255e-07
8.24668 1.90625 1.06277e-07
8.24668 1.96875 3.08454e-08
9.03208 0.03125 5.25869e-08
9.03208 0.09375 6.45301e-08
9.03208 0.15625 -5.53659e-08
9.03208 0.21875 -2.19975e-07
9.03208 0.28125 -3.36881e-07
9.03208 0.34375 -3.84177e-07
9.03208 0.40625 -3.79221e-07
9.03208 0.46875 -3.43272e-07
9.03208 0.53125 -2.89459e-07
9.03208 0.59375 -2.24738e-07
9.03208 0.65625 -1.52787e-07
9.03208 0.71875 -7.62428e-08
9.03208 0.78125 2.86376e-09
9.03208 0.84375 8.27899e-08
9.03208 0.90625 1.62034e-07
9.03208 0.96875 2.39193e-07
9.03208 1.03125 3.12823e-07
9.03208 1.09375 3.81601e-07
9.03208 1.15625 4.44081e-07
9.03208 1.21875 4.98839e-07
9.03208 1.28125 5.43767e-07
9.03208 1.34375 5.76234e-07
9.03208 1.40625 5.92068e-07
9.03208 1.46875 5.85927e-07
9.03208 1.53125 5.49637e-07
9.03208 1.59375 4.73067e-07
9.03208 1.65625 3.4472e-07
9.03208 1.71875 1.63756e-07
9.03208 1.78125 -4.00308e-08
9.03208 1.84375 -1.85233e-07
9.03208 1.90625 -1.8703e-07
9.03208 1.96875 -7.07665e-08
9.81748 0.03125 3.92371e-08
9.81748 0.09375 1.11152e-07
9.81748 0.15625 1.30846e-07
9.81748 0.21875 5.01167e-08
9.81748 0.28125 -8.24967e-08
9.81748 0.34375 -2.0568e-07
9.81748 0.40625 -2.94474e-07
9.81748 0.46875 -3.50208e-07
9.81748 0.53125 -3.82607e-07
9.81748 0.59375 -4.00286e-07
9.81748 0.65625 -4.09196e-07
9.81748 0.71875 -4.13024e-07
9.81748 0.78125 -4.14144e-07
9.81748 0.84375 -4.14074e-07
9.81748 0.90625 -4.13694e-07
9.81748 0.96875 -4.13606e-07
9.81748 1.03125 -4.14195e-07
9.81748 1.09375 -4.16266e-07
9.81748 1.15625 -4.20861e-07
9.81748 1.21875 -4.29816e-07
9.81748 1.28125 -4.44767e-07
9.81748 1.34375 -4.67377e-07
9.81748 1.40625 -4.97548e-07
9.81748 1.46875 -5.34005e-07
9.81748 1.53125 -5.7184e-07
9.81748 1.59375 -6.02487e-07
9.81748 1.65625 -6.07464e-07
9.81748 1.71875 -5.58043e-07
9.81748 1.78125 -4.2072e-07
9.81748 1.84375 -2.03751e-07
9.81748 1.90625 -7.05502e-09
9.81748 1.96875 2.73993e-08
10.6029 0.03125 1.14806e-08
10.6029 0.09375 5.86404e-08
10.6029 0.15625 1.57672e-07
10.6029 0.21875 2.45906e-07
10.6029 0.28125 2.73408e-07
10.6029 0.34375 2.46435e-07
10.6029 0.40625 1.91494e-07
10.6029 0.46875 1.27549e-07
10.6029 0.53125 6.31426e-08
10.6029 0.59375 1.32883e-09
10.6029 0.65625 -5.61232e-08
10.6029 0.71875 -1.07192e-07
10.6029 0.78125 -1.4944e-07
10.6029 0.84375 -1.80594e-07
10.6029 0.90625 -1.99165e-07
10.6029 0.96875 -2.04897e-07
10.6029 1.03125 -1.98914e-07
10.6029 1.09375 -1.8342e-07
10.6029 1.15625 -1.61203e-07
10.6029 1.21875 -1.34769e-07
10.6029 1.28125 -1.05768e-07
10.6029 1.34375 -7.43778e-08
10.6029 1.40625 -3.94126e-08
10.6029 1.46875 1.84492e-09
10.6029 1.53125 5.30376e-08
10.6029 1.59375 1.18349e-07
10.6029 1.65625 1.98929e-07
10.6029 1.71875 2.85774e-07
10.6029 1.78125 3.46473e-07
10.6029 1.84375 3.27522e-07
10.6029 1.90625 2.05837e-07
10.6029 1.96875 6.81406e-08
11.3883 0.03125 2.17575e-08
11.3883 0.09375 1.45378e-08
11.3883 0.15625 2.30358e-08
11.3883 0.21875 9.23452e-08
11.3883 0.28125 2.00567e-07
11.3883 0.34375 3.09467e-07
11.3883 0.40625 4.01242e-07
11.3883 0.46875 4.74082e-07
11.3883 0.53125 5.30562e-07
11.3883 0.59375 5.72191e-07
11.3883 0.65625 5.98978e-07
11.3883 0.71875 6.10499e-07
11.3883 0.78125 6.06938e-07
11.3883 0.84375 5.89557e-07
11.3883 0.90625 5.60526e-07
11.3883 0.96875 5.22571e-07
11.3883 1.03125 4.78372e-07
11.3883 1.09375 4.30457e-07
11.3883 1.15625 3.80895e-07
11.3883 1.21875 3.31643e-07
11.3883 1.28125 2.84129e-07
11.3883 1.34375 2.39564e-07
11.3883 1.40625 1.98027e-07
11.3883 1.46875 1.59027e-07
11.3883 1.53125 1.20344e-07
11.3883 1.59375 7.91375e-08
11.3883 1.65625 3.02366e-08
11.3883 1.71875 -3.03181e-08
11.3883 1.78125 -1.01352e-07
11.3883 1.84375 -1.59061e-07
11.3883 1.90625 -1.57682e-07
11.3883 1.96875 -7.00544e-08
12.1737 0.03125 9.98735e-09
12.1737 0.09375 3.94475e-08
12.1737 0.15625 1.13789e-08
12.1737 0.21875 -5.39142e-08
12.1737 0.28125 -1.02774e-07
12.1737 0.34375 -1.1902e-07
12.1737 0.40625 -1.11484e-07
12.1737 0.46875 -9.11779e-08
12.1737 0.53125 -6.46371e-08
12.1737 0.59375 -3.53222e-08
12.1737 0.65625 -5.80605e-09
12.1737 0.71875 2.11897e-08
12.1737 0.78125 4.28655e-08
12.1737 0.84375 5.68104e-08
12.1737 0.90625 6.17285e-08
12.1737 0.96875 5.77407e-08
12.1737 1.03125 4.6555e-08
12.1737 1.09375 3.09162e-08
12.1737 1.15625 1.41921e-08
12.1737 1.21875 -6.61874e-10
12.1737 1.28125 -1.14306e-08
12.1737 1.34375 -1.74572e-08
12.1737 1.40625 -1.89558e-08
12.1737 1.46875 -1.70183e-08
12.1737 1.53125 -1.17399e-08
12.1737 1.59375 -2.38828e-09
12.1737 1.65625 1.42112e-08
12.1737 1.71875 4.04795e-08
12.1737 1.78125 7.56208e-08
12.1737 1.84375 1.04521e-07
12.1737 1.90625 9.89045e-08
12.1737 1.96875 3.7291e-08
12.9591 0.03125 -1.36187e-08
12.9591 0.09375 3.65927e-08
12.9591 0.15625 1.1703e-07
12.9591 0.21875 1.33665e-07
12.9591 0.28125 8.52154e-08
12.9591 0.34375 1.08961e-08
12.9591 0.40625 -6.31384e-08
12.9591 0.46875 -1.28189e-07
12.9591 0.53125 -1.82827e-07
12.9591 0.59375 -2.26452e-07
12.9591 0.65625 -2.57691e-07
12.9591 0.71875 -2.74764e-07
12.9591 0.78125 -2.76353e-07
12.9591 0.84375 -2.61993e-07
12.9591 0.90625 -2.32436e-07
12.9591 0.96875 -1.89556e-07
12.9591 1.03125 -1.36472e-07
12.9591 1.09375 -7.71359e-08
12.9591 1.15625 -1.61264e-08
12.9591 1.21875 4.21477e-08
12.9591 1.28125 9.37675e-08
12.9591 1.34375 1.36102e-07
12.9591 1.40625 1.67797e-07
12.9591 1.46875 1.89011e-07
12.9591 1.53125 2.00364e-07
12.9591 1.59375 2.01842e-07
12.9591 1.65625 1.90326e-07
12.9591 1.71875 1.58214e-07
12.9591 1.78125 9.59006e-08
12.9591 1.84375 7.61037e-09
12.9591 1.90625 -6.14352e-08
12.9591 1.96875 -3.8127e-08
13.7445 0.03125 -5.29117e-08
13.7445 0.09375 -9.51098e-08
13.7445 0.15625 5.99534e-10
13.7445 0.21875 1.48717e-07
13.7445 0.28125 2.6165e-07
13.7445 0.34375 3.23481e-07
13.7445 0.40625 3.52294e-07
13.7445 0.46875 3.66488e-07
13.7445 0.53125 3.75432e-07
13.7445 0.59375 3.82346e-07
13.7445 0.65625 3.87171e-07
13.7445 0.71875 3.88879e-07
13.7445 0.78125 3.86187e-07
13.7445 0.84375 3.78265e-07
13.7445 0.90625 3.64736e-07
13.7445 0.96875 3.45594e-07
13.7445 1.03125 3.20815e-07
13.7445 1.09375 2.90271e-07
13.7445 1.15625 2.53933e-07
13.7445 1.21875 2.12286e-07
13.7445 1.28125 1.66653e-07
13.7445 1.34375 1.19206e-07
13.7445 1.40625 7.25897e-08
13.7445 1.46875 2.92162e-08
13.7445 1.53125 -9.87909e-09
13.7445 1.59375 -4.59046e-08
13.7445 1.65625 -8.26551e-08
13.7445 1.71875 -1.23121e-07
13.7445 1.78125 -1.614e-07
13.7445 1.84375 -1.71221e-07
13.7445 1.90625 -1.2223e-07
13.7445 1.96875 -3.92396e-08
14.5299 0.03125 -7.25332e-08
14.5299 0.09375 -2.0929e-07
14.5299 0.15625 -2.73257e-07
14.5299 0.21875 -2.15152e-07
14.5299 0.28125 -1.02121e-07
14.5299 0.34375 -8.05745e-10
14.5299 0.40625 6.75611e-08
14.5299 0.46875 1.07968e-07
14.5299 0.53125 1.31598e-07
14.5299 0.59375 1.46582e-07
14.5299 0.65625 1.57245e-07
14.5299 0.71875 1.64849e-07
14.5299 0.78125 1.69325e-07
14.5299 0.84375 1.6996e-07
14.5299 0.90625 1.66298e-07
14.5299 0.96875 1.58246e-07
14.5299 1.03125 1.4645e-07
14.5299 1.09375 1.32004e-07
14.5299 1.15625 1.16421e-07
14.5299 1.21875 1.01082e-07
14.5299 1.28125 8.71147e-08
14.5299 1.34375 7.48222e-08
14.5299 1.40625 6.35539e-08
14.5299 1.46875 5.11008e-08
14.5299 1.53125 3.39545e-08
14.5299 1.59375 7.75597e-09
14.5299 1.65625 -2.95642e-08
14.5299 1.71875 -7.2227e-08
14.5299 1.78125 -9.9213e-08
14.5299 1.84375 -8.2018e-08
14.5299 1.90625 -2.46754e-08
14.5299 1.96875 6.31367e-09
15.3153 0.03125 4.91204e-09
15.3153 0.09375 -8.13797e-08
15.3153 0.15625 -2.74696e-07
15.3153 0.21875 -4.20687e-07
15.3153 0.28125 -4.69408e-07
15.3153 0.34375 -4.59563e-07
15.3153 0.40625 -4.3591e-07
15.3153 0.46875 -4.20418e-07
15.3153 0.53125 -4.17518e-07
15.3153 0.59375 -4.24612e-07
15.3153 0.65625 -4.37968e-07
15.3153 0.71875 -4.55051e-07
15.3153 0.78125 -4.74766e-07
15.3153 0.84375 -4.96982e-07
15.3153 0.90625 -5.21775e-07
15.3153 0.96875 -5.48689e-07
15.3153 1.03125 -5.76324e-07
15.3153 1.09375 -6.02306e-07
15.3153 1.15625 -6.23874e-07
15.3153 1.21875 -6.38598e-07
15.3153 1.28125 -6.45206e-07
15.3153 1.34375 -6.43841e-07
15.3153 1.40625 -6.35918e-07
15.3153 1.46875 -6.23209e-07
15.3153 1.53125 -6.06254e-07
15.3153 1.59375 -5.81867e-07
15.3153 1.65625 -5.39755e-07
15.3153 1.71875 -4.61676e-07
15.3153 1.78125 -3.30394e-07
15.3153 1.84375 -1.5997e-07
15.3153 1.90625 -2.1208e-08
15.3153 1.96875 1.28347e-08
16.1007 0.03125 8.02653e-08
16.1007 0.09375 1.4488e-07
16.1007 0.15625 3.30165e-08
16.1007 0.21875 -1.76741e-07
16.1007 0.28125 -3.62614e-07
16.1007 0.34375 -4.75877e-07
16.1007 0.40625 -5.2664e-07
16.1007 0.46875 -5.39435e-07
16.1007 0.53125 -5.33356e-07
16.1007 0.59375 -5.18569e-07
16.1007 0.65625 -4.99435e-07
16.1007 0.71875 -4.77097e-07
16.1007 0.78125 -4.51783e-07
16.1007 0.84375 -4.23628e-07
16.1007 0.90625 -3.93312e-07
16.1007 0.96875 -3.61864e-07
16.1007 1.03125 -3.30607e-07
16.1007 1.09375 -3.00695e-07
16.1007 1.15625 -2.72957e-07
16.1007 1.21875 -2.47551e-07
16.1007 1.28125 -2.23995e-07
16.1007 1.34375 -2.00925e-07
16.1007 1.40625 -1.76062e-07
16.1007 1.46875 -1.45725e-07
16.1007 1.53125 -1.04734e-07
16.1007 1.59375 -4.6384e-08
16.1007 1.65625 3.48022e-08
16.1007 1.71875 1.35774e-07
16.1007 1.78125 2.30763e-07
16.1007 1.84375 2.66577e-07
16.1007 1.90625 1.99954e-07
16.1007 1.96875 6.87183e-08
16.8861 0.03125 8.1179e-08
16.8861 0.09375 2.36333e-07
16.8861 0.15625 3.42614e-07
16.8861 0.21875 3.27248e-07
16.8861 0.28125 2.35644e-07
16.8861 0.34375 1.38173e-07
16.8861 0.40625 7.04726e-08
16.8861 0.46875 3.65688e-08
16.8861 0.53125 2.81122e-08
16.8861 0.59375 3.53429e-08
16.8861 0.65625 5.13249e-08
16.8861 0.71875 7.19182e-08
16.8861 0.78125 9.53486e-08
16.8861 0.84375 1.21027e-07
16.8861 0.90625 1.48895e-07
16.8861 0.96875 1.78376e-07
16.8861 1.03125 2.08079e-07
16.8861 1.09375 2.35635e-07
16.8861 1.15625 2.58428e-07
16.8861 1.21875 2.74227e-07
16.8861 1.28125 2.82012e-07
16.8861 1.34375 2.82152e-07
16.8861 1.40625 2.76327e-07
16.8861 1.46875 2.66801e-07
16.8861 1.53125 2.55465e-07
16.8861 1.59375 2.42575e-07
16.8861 1.65625 2.24846e-07
16.8861 1.71875 1.94077e-07
16.8861 1.78125 1.39642e-07
16.8861 1.84375 6.36349e-08
16.8861 1.90625 -1.03999e-09
16.8861 1.96875 -1.35435e-08
17.6715 0.03125 6.685e-09
17.6715 0.09375 8.06846e-08
17.6715 0.15625 2.21803e-07
17.6715 0.21875 3.38748e-07
17.6715 0.28125 3.85262e-07
17.6715 0.34375 3.75639e-07
17.6715 0.40625 3.38405e-07
17.6715 0.46875 2.91629e-07
17.6715 0.53125 2.42169e-07
17.6715 0.59375 1.91348e-07
17.6715 0.65625 1.39052e-07
17.6715 0.71875 8.54037e-08
17.6715 0.78125 3.11824e-08
17.6715 0.84375 -2.23717e-08
17.6715 0.90625 -7.36297e-08
17.6715 0.96875 -1.20767e-07
17.6715 1.03125 -1.61631e-07
17.6715 1.09375 -1.93918e-07
17.6715 1.15625 -2.15111e-07
17.6715 1.21875 -2.23059e-07
17.6715 1.28125 -2.16258e-07
17.6715 1.34375 -1.94798e-07
17.6715 1.40625 -1.60323e-07
17.6715 1.46875 -1.16384e-07
17.6715 1.53125 -6.71539e-08
17.6715 1.59375 -1.72221e-08
17.6715 1.65625 2.9873e-08
17.6715 1.71875 7.0231e-08
17.6715 1.78125 9.99668e-08
17.6715 1.84375 1.12325e-07
17.6715 1.90625 9.83564e-08
17.6715 1.96875 4.36368e-08
18.4569 0.03125 -9.72022e-09
18.4569 0.09375 1.26756e-08
18.4569 0.15625 9.61811e-08
18.4569 0.21875 2.11434e-07
18.4569 0.28125 3.07308e-07
18.4569 0.34375 3.62122e-07
18.4569 0.40625 3.8117e-07
18.4569 0.46875 3.77724e-07
18.4569 0.53125 3.62572e-07
18.4569 0.59375 3.42258e-07
18.4569 0.65625 3.20099e-07
18.4569 0.71875 2.97896e-07
18.4569 0.78125 2.76769e-07
18.4569 0.84375 2.57873e-07
18.4569 0.90625 2.42367e-07
18.4569 0.96875 2.31515e-07
18.4569 1.03125 2.26268e-07
18.4569 1.09375 2.27186e-07
18.4569 1.15625 2.34131e-07
18.4569 1.21875 2.46504e-07
18.4569 1.28125 2.63216e-07
18.4569 1.34375 2.83001e-07
18.4569 1.40625 3.04298e-07
18.4569 1.46875 3.25462e-07
18.4569 1.53125 3.44183e-07
18.4569 1.59375 3.5671e-07
18.4569 1.65625 3.55794e-07
18.4569 1.71875 3.30251e-07
18.4569 1.78125 2.68784e-07
18.4569 1.84375 1.74653e-07
18.4569 1.90625 7.86867e-08
18.4569 1.96875 2.23431e-08
19.2423 0.03125 -1.62021e-08
19.2423 0.09375 -3.61181e-08
19.2423 0.15625 -2.32579e-08
19.2423 0.21875 2.94082e-08
19.2423 0.28125 9.61538e-08
19.2423 0.34375 1.52794e-07
19.2423 0.40625 1.9143e-07
19.2423 0.46875 2.15391e-07
19.2423 0.53125 2.31663e-07
19.2423 0.59375 2.46912e-07
19.2423 0.65625 2.66034e-07
19.2423 0.71875 2.91789e-07
19.2423 0.78125 3.24866e-07
19.2423 0.84375 3.64291e-07
19.2423 0.90625 4.07847e-07
19.2423 0.96875 4.52503e-07
19.2423 1.03125 4.94536e-07
19.2423 1.09375 5.29875e-07
19.2423 1.15625 5.54366e-07
19.2423 1.21875 5.64635e-07
19.2423 1.28125 5.58548e-07
19.2423 1.34375 5.35896e-07
19.2423 1.40625 4.97798e-07
19.2423 1.46875 4.46326e-07
19.2423 1.53125 3.82671e-07
19.2423 1.59375 3.0699e-07
19.2423 1.65625 2.18324e-07
19.2423 1.71875 1.2075e-07
19.2423 1.78125 3.0468e-08
19.2423 1.84375 -2.15187e-08
19.2423 1.90625 -2.15371e-08
19.2423 1.96875 -2.66394e-09
20.0277 0.03125 -2.24312e-09
20.0277 0.09375 -1.71681e-08
20.0277 0.15625 -2.52508e-08
20.0277 0.21875 -3.73417e-09
20.0277 0.28125 4.15086e-08
20.0277 0.34375 9.14439e-08
20.0277 0.40625 1.33473e-07
20.0277 0.46875 1.64914e-07
20.0277 0.53125 1.87913e-07
20.0277 0.59375 2.05865e-07
20.0277 0.65625 2.21484e-07
20.0277 0.71875 2.36525e-07
20.0277 0.78125 2.51572e-07
20.0277 0.84375 2.66281e-07
20.0277 0.90625 2.79423e-07
20.0277 0.96875 2.89279e-07
20.0277 1.03125 2.9386e-07
20.0277 1.09375 2.91485e-07
20.0277 1.15625 2.81013e-07
20.0277 1.21875 2.6222e-07
20.0277 1.28125 2.35543e-07
20.0277 1.34375 2.02016e-07
20.0277 1.40625 1.6276e-07
20.0277 1.46875 1.19146e-07
20.0277 1.53125 7.29908e-08
20.0277 1.59375 2.82797e-08
20.0277 1.65625 -6.64791e-09
20.0277 1.71875 -1.76987e-08
20.0277 1.78125 6.78472e-09
20.0277 1.84375 5.20481e-08
20.0277 1.90625 6.49427e-08
20.0277 1.96875 2.15058e-08
20.8131 0.03125 -5.67337e-09
20.8131 0.09375 -3.4116e-08
20.8131 0.15625 -9.26072e-08
20.8131 0.21875 -1.58214e-07
20.8131 0.28125 -2.02582e-07
20.8131 0.34375 -2.20161e-07
20.8131 0.40625 -2.18335e-07
20.8131 0.46875 -2.0545e-07
20.8131 0.53125 -1.87244e-07
20.8131 0.59375 -1.68025e-07
20.8131 0.65625 -1.51656e-07
20.8131 0.71875 -1.4173e-07
20.8131 0.78125 -1.40967e-07
20.8131 0.84375 -1.50624e-07
20.8131 0.90625 -1.7009e-07
20.8131 0.96875 -1.96999e-07
20.8131 1.03125 -2.27591e-07
20.8131 1.09375 -2.57533e-07
20.8131 1.15625 -2.82662e-07
20.8131 1.21875 -2.99869e-07
20.8131 1.28125 -3.0728e-07
20.8131 1.34375 -3.04259e-07
20.8131 1.40625 -2.90436e-07
20.8131 1.46875 -2.64958e-07
20.8131 1.53125 -2.25075e-07
20.8131 1.59375 -1.6655e-07
20.8131 1.65625 -8.62776e-08
20.8131 1.71875 7.47254e-09
20.8131 1.78125 8.23667e-08
20.8131 1.84375 8.76526e-08
20.8131 1.90625 2.00736e-08
20.8131 1.96875 -2.32825e-08
21.5984 0.03125 9.34348e-09
21.5984 0.09375 4.65094e-08
21.5984 0.15625 8.65709e-08
21.5984 0.21875 9.64535e-08
21.5984 0.28125 7.95627e-08
21.5984 0.34375 5.51306e-08
21.5984 0.40625 3.4938e-08
21.5984 0.46875 2.17005e-08
21.5984 0.53125 1.43077e-08
21.5984 0.59375 1.12455e-08
21.5984 0.65625 1.17123e-08
21.5984 0.71875 1.56057e-08
21.5984 0.78125 2.33745e-08
21.5984 0.84375 3.57565e-08
21.5984 0.90625 5.36065e-08
21.5984 0.96875 7.75891e-08
21.5984 1.03125 1.08001e-07
21.5984 1.09375 1.44572e-07
21.5984 1.15625 1.86512e-07
21.5984 1.21875 2.326e-07
21.5984 1.28125 2.81505e-07
21.5984 1.34375 3.3192e-07
21.5984 1.40625 3.8254e-07
21.5984 1.46875 4.3129e-07
21.5984 1.53125 4.73786e-07
21.5984 1.59375 5.00226e-07
21.5984 1.65625 4.91849e-07
21.5984 1.71875 4.21136e-07
21.5984 1.78125 2.70102e-07
21.5984 1.84375 7.53559e-08
21.5984 1.90625 -4.94284e-08
21.5984 1.96875 -3.53964e-08
22.3838 0.03125 -3.72902e-08
22.3838 0.09375 -8.68377e-08
22.3838 0.15625 -9.73806e-08
22.3838 0.21875 -7.39557e-08
22.3838 0.28125 -4.79429e-08
22.3838 0.34375 -3.42582e-08
22.3838 0.40625 -3.14796e-08
22.3838 0.46875 -3.38423e-08
22.3838 0.53125 -3.6996e-08
22.3838 0.59375 -3.87149e-08
22.3838 0.65625 -3.83535e-08
22.3838 0.71875 -3.62361e-08
22.3838 0.78125 -3.32937e-08
22.3838 0.84375 -3.07334e-08
22.3838 0.90625 -2.97655e-08
22.3838 0.96875 -3.13204e-08
22.3838 1.03125 -3.58458e-08
22.3838 1.09375 -4.31657e-08
22.3838 1.15625 -5.24577e-08
22.3838 1.21875 -6.24649e-08
22.3838 1.28125 -7.19735e-08
22.3838 1.34375 -8.0631e-08
22.3838 1.40625 -8.97916e-08
22.3838 1.46875 -1.0353e-07
22.3838 1.53125 -1.29052e-07
22.3838 1.59375 -1.75928e-07
22.3838 1.65625 -2.50203e-07
22.3838 1.71875 -3.40697e-07
22.3838 1.78125 -3.99536e-07
22.3838 1.84375 -3.52903e-07
22.3838 1.90625 -1.89425e-07
22.3838 1.96875 -4.12713e-08
23.1692 0.03125 2.62172e-08
23.1692 0.09375 3.23502e-08
23.1692 0.15625 -6.48369e-09
23.1692 0.21875 -3.56048e-08
23.1692 0.28125 -3.83071e-08
23.1692 0.34375 -2.8709e-08
23.1692 0.40625 -2.13808e-08
23.1692 0.46875 -2.29031e-08
23.1692 0.53125 -3.42518e-08
23.1692 0.59375 -5.41462e-08
23.1692 0.65625 -8.06295e-08
23.1692 0.71875 -1.11832e-07
23.1692 0.78125 -1.46178e-07
23.1692 0.84375 -1.82539e-07
23.1692 0.90625 -2.20047e-07
23.1692 0.96875 -2.57981e-07
23.1692 1.03125 -2.95407e-07
23.1692 1.09375 -3.31226e-07
23.1692 1.15625 -3.64125e-07
23.1692 1.21875 -3.93091e-07
23.1692 1.28125 -4.17445e-07
23.1692 1.34375 -4.37099e-07
23.1692 1.40625 -4.51885e-07
23.1692 1.46875 -4.61048e-07
23.1692 1.53125 -4.61442e-07
23.1692 1.59375 -4.45454e-07
23.1692 1.65625 -3.97789e-07
23.1692 1.71875 -2.96991e-07
23.1692 1.78125 -1.32811e-07
23.1692 1.84375 5.1011e-08
23.1692 1.90625 1.39303e-07
23.1692 1.96875 6.75738e-08
23.9546 0.03125 9.01519e-09
23.9546 0.09375 2.95928e-08
23.9546 0.15625 1.06449e-08
23.9546 0.21875 -4.44375e-08
23.9546 0.28125 -9.62791e-08
23.9546 0.34375 -1.25321e-07
23.9546 0.40625 -1.33592e-07
23.9546 0.46875 -1.29832e-07
23.9546 0.53125 -1.21461e-07
23.9546 0.59375 -1.12988e-07
23.9546 0.65625 -1.06318e-07
23.9546 0.71875 -1.01473e-07
23.9546 0.78125 -9.71903e-08
23.9546 0.84375 -9.16285e-08
23.9546 0.90625 -8.30373e-08
23.9546 0.96875 -7.03505e-08
23.9546 1.03125 -5.35523e-08
23.9546 1.09375 -3.37176e-08
23.9546 1.15625 -1.28182e-08
23.9546 1.21875 6.80167e-09
23.9546 1.28125 2.29912e-08
23.9546 1.34375 3.46084e-08
23.9546 1.40625 4.21215e-08
23.9546 1.46875 4.83311e-08
23.9546 1.53125 5.83898e-08
23.9546 1.59375 7.90945e-08
23.9546 1.65625 1.14873e-07
23.9546 1.71875 1.5916e-07
23.9546 1.78125 1.82879e-07
23.9546 1.84375 1.43831e-07
23.9546 1.90625 4.75841e-08
23.9546 1.96875 -7.56353e-09
24.74 0.03125 5.92353e-09
24.74 0.09375 5.79971e-08
24.74 0.15625 1.20748e-07
24.74 0.21875 1.35997e-07
24.74 0.28125 1.03816e-07
24.74 0.34375 5.34368e-08
24.74 0.40625 6.28118e-09
24.74 0.46875 -3.04268e-08
24.74 0.53125 -5.69834e-08
24.74 0.59375 -7.62382e-08
24.74 0.65625 -9.09264e-08
24.74 0.71875 -1.03084e-07
24.74 0.78125 -1.13603e-07
24.74 0.84375 -1.22501e-07
24.74 0.90625 -1.29064e-07
24.74 0.96875 -1.32406e-07
24.74 1.03125 -1.3173e-07
24.74 1.09375 -1.26647e-07
24.74 1.15625 -1.17033e-07
24.74 1.21875 -1.02892e-07
24.74 1.28125 -8.40806e-08
24.74 1.34375 -6.04193e-08
24.74 1.40625 -3.19467e-08
24.74 1.46875 4.63474e-10
24.74 1.53125 3.4538e-08
24.74 1.59375 6.55688e-08
24.74 1.65625 8.54299e-08
24.74 1.71875 8.26028e-08
24.74 1.78125 4.94401e-08
24.74 1.84375 -1.70227e-10
24.74 1.90625 -2.40795e-08
24.74 1.96875 -7.12921e-09
