0.392699 0.03125 -6.87879e-08
1.1781 0.03125 1.50102e-07
1.9635 0.03125 -1.84353e-07
2.74889 0.03125 -3.18085e-07
3.53429 0.03125 -8.58794e-08
4.31969 0.03125 1.39233e-07
5.10509 0.03125 1.88085e-07
5.89049 0.03125 1.02984e-07
6.67588 0.03125 -3.28543e-08
7.46128 0.03125 8.42099e-09
8.24668 0.03125 1.00937e-07
9.03208 0.03125 -1.95008e-07
9.81748 0.03125 -1.42297e-07
10.6029 0.03125 -2.62732e-07
11.3883 0.03125 2.71858e-07
12.1737 0.03125 5.13514e-07
12.9591 0.03125 1.30153e-07
13.7445 0.03125 -2.50304e-07
14.5299 0.03125 -1.77901e-07
15.3153 0.03125 -6.94985e-08
16.1007 0.03125 2.1746e-08
16.8861 0.03125 5.83152e-08
17.6715 0.03125 -5.50031e-08
18.4569 0.03125 1.03455e-07
19.2423 0.03125 1.39049e-07
20.0277 0.03125 -2.14946e-08
20.8131 0.03125 -6.08575e-08
21.5984 0.03125 -2.31422e-07
22.3838 0.03125 -1.5146e-07
23.1692 0.03125 1.03816e-08
23.9546 0.03125 1.14848e-07
24.74 0.03125 2.63623e-07

0.392699 0.09375 -1.04747e-07
1.1781 0.09375 2.90926e-07
1.9635 0.09375 -2.03508e-07
2.74889 0.09375 -6.29282e-07
3.53429 0.09375 -2.61336e-07
4.31969 0.09375 2.15378e-07
5.10509 0.09375 3.54859e-07
5.89049 0.09375 2.61701e-07
6.67588 0.09375 -9.44796e-08
7.46128 0.09375 -2.20114e-08
8.24668 0.09375 2.19241e-07
9.03208 0.09375 -2.99648e-07
9.81748 0.09375 -1.56315e-07
10.6029 0.09375 -5.14306e-07
11.3883 0.09375 2.98229e-07
12.1737 0.09375 9.52584e-07
12.9591 0.09375 4.20636e-07
13.7445 0.09375 -4.69502e-07
14.5299 0.09375 -3.96118e-07
15.3153 0.09375 -1.05669e-07
16.1007 0.09375 4.47144e-08
16.8861 0.09375 1.03187e-07
17.6715 0.09375 -1.34464e-07
18.4569 0.09375 2.01012e-07
19.2423 0.09375 2.76622e-07
20.0277 0.09375 -5.07291e-08
20.8131 0.09375 -9.8468e-08
21.5984 0.09375 -4.22174e-07
22.3838 0.09375 -2.96348e-07
23.1692 0.09375 1.79042e-08
23.9546 0.09375 1.56797e-07
24.74 0.09375 4.89196e-07

0.392699 0.15625 -9.71814e-08
1.1781 0.15625 3.51178e-07
1.9635 0.15625 -1.84834e-07
2.74889 0.15625 -6.72786e-07
3.53429 0.15625 -3.3126e-07
4.31969 0.15625 1.69046e-07
5.10509 0.15625 3.76147e-07
5.89049 0.15625 3.53911e-07
6.67588 0.15625 -6.02837e-08
7.46128 0.15625 -7.76788e-08
8.24668 0.15625 2.4639e-07
9.03208 0.15625 -2.95704e-07
9.81748 0.15625 -1.6799e-07
10.6029 0.15625 -6.05542e-07
11.3883 0.15625 2.49195e-07
12.1737 0.15625 1.00981e-06
12.9591 0.15625 5.72214e-07
13.7445 0.15625 -4.20243e-07
14.5299 0.15625 -4.97761e-07
15.3153 0.15625 -1.3863e-07
16.1007 0.15625 5.27165e-08
16.8861 0.15625 1.39784e-07
17.6715 0.15625 -1.44691e-07
18.4569 0.15625 1.52351e-07
19.2423 0.15625 3.26451e-07
20.0277 0.15625 -2.62558e-08
20.8131 0.15625 -8.88774e-08
21.5984 0.15625 -4.53685e-07
22.3838 0.15625 -3.689e-07
23.1692 0.15625 6.3158e-09
23.9546 0.15625 1.51511e-07
24.74 0.15625 5.31154e-07

0.392699 0.21875 -8.0057e-08
1.1781 0.21875 3.45524e-07
1.9635 0.21875 -1.7419e-07
2.74889 0.21875 -6.03021e-07
3.53429 0.21875 -3.76536e-07
4.31969 0.21875 1.39355e-07
5.10509 0.21875 4.10989e-07
5.89049 0.21875 3.65978e-07
6.67588 0.21875 -7.05808e-08
7.46128 0.21875 -1.22486e-07
8.24668 0.21875 2.46043e-07
9.03208 0.21875 -2.69536e-07
9.81748 0.21875 -1.34853e-07
10.6029 0.21875 -6.50496e-07
11.3883 0.21875 2.11186e-07
12.1737 0.21875 9.84485e-07
12.9591 0.21875 5.94579e-07
13.7445 0.21875 -3.35447e-07
14.5299 0.21875 -5.24914e-07
15.3153 0.21875 -1.56482e-07
16.1007 0.21875 4.90684e-08
16.8861 0.21875 1.26068e-07
17.6715 0.21875 -1.04811e-07
18.4569 0.21875 1.36814e-07
19.2423 0.21875 3.32749e-07
20.0277 0.21875 -8.07674e-09
20.8131 0.21875 -8.04193e-08
21.5984 0.21875 -4.68515e-07
22.3838 0.21875 -4.38364e-07
23.1692 0.21875 -3.36706e-09
23.9546 0.21875 1.55553e-07
24.74 0.21875 5.30226e-07

0.392699 0.28125 -5.47326e-08
1.1781 0.28125 3.84615e-07
1.9635 0.28125 -1.52966e-07
2.74889 0.28125 -5.68275e-07
3.53429 0.28125 -4.3444e-07
4.31969 0.28125 1.32949e-07
5.10509 0.28125 3.76573e-07
5.89049 0.28125 3.88493e-07
6.67588 0.28125 1.94881e-09
7.46128 0.28125 -1.83952e-07
8.24668 0.28125 2.02958e-07
9.03208 0.28125 -2.43615e-07
9.81748 0.28125 -1.15894e-07
10.6029 0.28125 -6.6235e-07
11.3883 0.28125 2.20496e-07
12.1737 0.28125 9.56566e-07
12.9591 0.28125 5.93059e-07
13.7445 0.28125 -2.77424e-07
14.5299 0.28125 -5.82102e-07
15.3153 0.28125 -1.16771e-07
16.1007 0.28125 2.41869e-08
16.8861 0.28125 7.76836e-08
17.6715 0.28125 -4.03952e-09
18.4569 0.28125 7.36982e-08
19.2423 0.28125 2.9539e-07
20.0277 0.28125 5.35795e-08
20.8131 0.28125 -1.14173e-07
21.5984 0.28125 -4.65744e-07
22.3838 0.28125 -4.45337e-07
23.1692 0.28125 -1.22719e-09
23.9546 0.28125 1.78707e-07
24.74 0.28125 4.44944e-07

0.392699 0.34375 -3.66987e-08
1.1781 0.34375 3.7149e-07
1.9635 0.34375 -1.35194e-07
2.74889 0.34375 -4.61473e-07
3.53429 0.34375 -4.95058e-07
4.31969 0.34375 1.33196e-07
5.10509 0.34375 3.94043e-07
5.89049 0.34375 3.73924e-07
6.67588 0.34375 3.35554e-08
7.46128 0.34375 -2.58385e-07
8.24668 0.34375 1.58494e-07
9.03208 0.34375 -1.87546e-07
9.81748 0.34375 -6.23899e-08
10.6029 0.34375 -6.54739e-07
11.3883 0.34375 2.38708e-07
12.1737 0.34375 9.27443e-07
12.9591 0.34375 5.57286e-07
13.7445 0.34375 -2.72377e-07
14.5299 0.34375 -5.97499e-07
15.3153 0.34375 -6.62078e-08
16.1007 0.34375 -1.60013e-08
16.8861 0.34375 2.26033e-09
17.6715 0.34375 9.52636e-08
18.4569 0.34375 1.09137e-07
19.2423 0.34375 2.44438e-07
20.0277 0.34375 5.25368e-08
20.8131 0.34375 -9.20956e-08
21.5984 0.34375 -4.64583e-07
22.3838 0.34375 -5.20887e-07
23.1692 0.34375 2.35363e-08
23.9546 0.34375 2.01455e-07
24.74 0.34375 3.6557e-07

0.392699 0.40625 -5.46638e-08
1.1781 0.40625 3.84146e-07
1.9635 0.40625 -9.66353e-08
2.74889 0.40625 -4.03479e-07
3.53429 0.40625 -5.35521e-07
4.31969 0.40625 1.39252e-07
5.10509 0.40625 3.40239e-07
5.89049 0.40625 3.9351e-07
6.67588 0.40625 1.26931e-07
7.46128 0.40625 -3.27024e-07
8.24668 0.40625 1.29218e-07
9.03208 0.40625 -1.78563e-07
9.81748 0.40625 -5.89291e-08
10.6029 0.40625 -6.42947e-07
11.3883 0.40625 2.58692e-07
12.1737 0.40625 9.32761e-07
12.9591 0.40625 5.65454e-07
13.7445 0.40625 -3.05019e-07
14.5299 0.40625 -6.58907e-07
15.3153 0.40625 3.31207e-08
16.1007 0.40625 -5.88234e-08
16.8861 0.40625 -6.6638e-08
17.6715 0.40625 2.27943e-07
18.4569 0.40625 7.90803e-08
19.2423 0.40625 1.83341e-07
20.0277 0.40625 9.12609e-08
20.8131 0.40625 -1.27083e-07
21.5984 0.40625 -4.75069e-07
22.3838 0.40625 -5.00992e-07
23.1692 0.40625 4.83048e-08
23.9546 0.40625 2.17111e-07
24.74 0.40625 2.97997e-07

0.392699 0.46875 -7.87871e-08
1.1781 0.46875 3.12392e-07
1.9635 0.46875 -9.66764e-08
2.74889 0.46875 -2.87027e-07
3.53429 0.46875 -5.41229e-07
4.31969 0.46875 1.13471e-07
5.10509 0.46875 3.81449e-07
5.89049 0.46875 3.57676e-07
6.67588 0.46875 1.72641e-07
7.46128 0.46875 -3.79163e-07
8.24668 0.46875 3.18909e-08
9.03208 0.46875 -1.30631e-07
9.81748 0.46875 -2.36374e-09
10.6029 0.46875 -6.42231e-07
11.3883 0.46875 2.72505e-07
12.1737 0.46875 8.98909e-07
12.9591 0.46875 5.3192e-07
13.7445 0.46875 -3.25613e-07
14.5299 0.46875 -6.91647e-07
15.3153 0.46875 1.25262e-07
16.1007 0.46875 -5.71339e-08
16.8861 0.46875 -1.88382e-07
17.6715 0.46875 3.19803e-07
18.4569 0.46875 1.63172e-07
19.2423 0.46875 1.40802e-07
20.0277 0.46875 1.05591e-07
20.8131 0.46875 -1.08821e-07
21.5984 0.46875 -5.09448e-07
22.3838 0.46875 -5.51004e-07
23.1692 0.46875 7.62538e-08
23.9546 0.46875 2.21854e-07
24.74 0.46875 3.08521e-07

0.392699 0.53125 -9.85879e-08
1.1781 0.53125 2.50126e-07
1.9635 0.53125 -7.2589e-08
2.74889 0.53125 -2.05662e-07
3.53429 0.53125 -5.23783e-07
4.31969 0.53125 1.13471e-07
5.10509 0.53125 3.5882e-07
5.89049 0.53125 3.2469e-07
6.67588 0.53125 2.18247e-07
7.46128 0.53125 -3.99453e-07
8.24668 0.53125 -2.44305e-08
9.03208 0.53125 -1.49703e-07
9.81748 0.53125 -2.86666e-08
10.6029 0.53125 -5.80614e-07
11.3883 0.53125 2.71553e-07
12.1737 0.53125 8.59518e-07
12.9591 0.53125 5.91139e-07
13.7445 0.53125 -4.00248e-07
14.5299 0.53125 -7.59214e-07
15.3153 0.53125 2.45524e-07
16.1007 0.53125 -5.53425e-08
16.8861 0.53125 -2.78951e-07
17.6715 0.53125 4.1624e-07
18.4569 0.53125 1.68979e-07
19.2423 0.53125 1.21622e-07
20.0277 0.53125 1.60482e-07
20.8131 0.53125 -1.64309e-07
21.5984 0.53125 -5.44762e-07
22.3838 0.53125 -4.87752e-07
23.1692 0.53125 1.08684e-07
23.9546 0.53125 1.82149e-07
24.74 0.53125 3.15227e-07

0.392699 0.59375 -1.10156e-07
1.1781 0.59375 1.54778e-07
1.9635 0.59375 -6.58992e-08
2.74889 0.59375 -1.13401e-07
3.53429 0.59375 -4.90345e-07
4.31969 0.59375 5.34386e-08
5.10509 0.59375 4.18773e-07
5.89049 0.59375 2.82219e-07
6.67588 0.59375 2.49758e-07
7.46128 0.59375 -3.98687e-07
8.24668 0.59375 -1.44797e-07
9.03208 0.59375 -1.1503e-07
9.81748 0.59375 6.036e-09
10.6029 0.59375 -5.13948e-07
11.3883 0.59375 2.17028e-07
12.1737 0.59375 7.83567e-07
12.9591 0.59375 6.42892e-07
13.7445 0.59375 -4.41308e-07
14.5299 0.59375 -7.705e-07
15.3153 0.59375 3.39467e-07
16.1007 0.59375 -6.04704e-08
16.8861 0.59375 -4.42614e-07
17.6715 0.59375 4.89376e-07
18.4569 0.59375 2.67393e-07
19.2423 0.59375 9.02579e-08
20.0277 0.59375 2.35013e-07
20.8131 0.59375 -1.59191e-07
21.5984 0.59375 -6.39214e-07
22.3838 0.59375 -5.12402e-07
23.1692 0.59375 1.91457e-07
23.9546 0.59375 1.53126e-07
24.74 0.59375 3.3908e-07

0.392699 0.65625 -1.69923e-07
1.1781 0.65625 8.13002e-08
1.9635 0.65625 -4.02995e-08
2.74889 0.65625 -5.9727e-08
3.53429 0.65625 -3.99734e-07
4.31969 0.65625 2.10462e-08
5.10509 0.65625 3.55739e-07
5.89049 0.65625 2.99716e-07
6.67588 0.65625 3.27726e-07
7.46128 0.65625 -4.21757e-07
8.24668 0.65625 -1.92864e-07
9.03208 0.65625 -8.96281e-08
9.81748 0.65625 -8.08202e-08
10.6029 0.65625 -4.46196e-07
11.3883 0.65625 2.13367e-07
12.1737 0.65625 7.2213e-07
12.9591 0.65625 7.42153e-07
13.7445 0.65625 -4.931e-07
14.5299 0.65625 -7.96867e-07
15.3153 0.65625 4.27505e-07
16.1007 0.65625 -9.75058e-08
16.8861 0.65625 -5.25817e-07
17.6715 0.65625 5.63265e-07
18.4569 0.65625 2.89198e-07
19.2423 0.65625 6.14664e-08
20.0277 0.65625 2.88485e-07
20.8131 0.65625 -1.9001e-07
21.5984 0.65625 -6.6998e-07
22.3838 0.65625 -4.74325e-07
23.1692 0.65625 2.39909e-07
23.9546 0.65625 1.37845e-07
24.74 0.65625 3.40203e-07

0.392699 0.71875 -2.18821e-07
1.1781 0.71875 -4.21147e-08
1.9635 0.71875 -3.45536e-08
2.74889 0.71875 3.52797e-08
3.53429 0.71875 -3.28141e-07
4.31969 0.71875 -3.2792e-08
5.10509 0.71875 3.27782e-07
5.89049 0.71875 3.0284e-07
6.67588 0.71875 4.31651e-07
7.46128 0.71875 -4.61873e-07
8.24668 0.71875 -2.84904e-07
9.03208 0.71875 -2.35402e-09
9.81748 0.71875 -1.20022e-07
10.6029 0.71875 -4.18503e-07
11.3883 0.71875 2.01948e-07
12.1737 0.71875 6.55851e-07
12.9591 0.71875 7.99569e-07
13.7445 0.71875 -4.82737e-07
14.5299 0.71875 -7.54768e-07
15.3153 0.71875 5.19991e-07
16.1007 0.71875 -1.43092e-07
16.8861 0.71875 -6.70702e-07
17.6715 0.71875 6.04717e-07
18.4569 0.71875 3.53967e-07
19.2423 0.71875 2.83507e-08
20.0277 0.71875 3.64923e-07
20.8131 0.71875 -1.45693e-07
21.5984 0.71875 -7.47762e-07
22.3838 0.71875 -5.19343e-07
23.1692 0.71875 3.29902e-07
23.9546 0.71875 1.25471e-07
24.74 0.71875 3.34505e-07

0.392699 0.78125 -2.81486e-07
1.1781 0.78125 -1.4673e-07
1.9635 0.78125 -1.95606e-08
2.74889 0.78125 1.06323e-07
3.53429 0.78125 -2.49521e-07
4.31969 0.78125 -4.91003e-08
5.10509 0.78125 2.26074e-07
5.89049 0.78125 3.48316e-07
6.67588 0.78125 5.14432e-07
7.46128 0.78125 -4.91386e-07
8.24668 0.78125 -2.87572e-07
9.03208 0.78125 2.74368e-08
9.81748 0.78125 -2.15856e-07
10.6029 0.78125 -3.78878e-07
11.3883 0.78125 1.88823e-07
12.1737 0.78125 6.13671e-07
12.9591 0.78125 9.18488e-07
13.7445 0.78125 -4.8613e-07
14.5299 0.78125 -7.43971e-07
15.3153 0.78125 5.89289e-07
16.1007 0.78125 -2.27489e-07
16.8861 0.78125 -7.24576e-07
17.6715 0.78125 6.53889e-07
18.4569 0.78125 3.15589e-07
19.2423 0.78125 2.44205e-08
20.0277 0.78125 4.14755e-07
20.8131 0.78125 -1.17116e-07
21.5984 0.78125 -7.69474e-07
22.3838 0.78125 -5.14746e-07
23.1692 0.78125 3.85143e-07
23.9546 0.78125 1.37163e-07
24.74 0.78125 3.092e-07

0.392699 0.84375 -2.99191e-07
1.1781 0.84375 -2.71393e-07
1.9635 0.84375 -4.43661e-08
2.74889 0.84375 2.20873e-07
3.53429 0.84375 -2.50362e-07
4.31969 0.84375 -1.10941e-07
5.10509 0.84375 2.3258e-07
5.89049 0.84375 2.91497e-07
6.67588 0.84375 5.828e-07
7.46128 0.84375 -4.39146e-07
8.24668 0.84375 -3.51533e-07
9.03208 0.84375 3.89501e-08
9.81748 0.84375 -2.06676e-07
10.6029 0.84375 -3.40445e-07
11.3883 0.84375 1.22236e-07
12.1737 0.84375 5.71516e-07
12.9591 0.84375 9.66066e-07
13.7445 0.84375 -4.81769e-07
14.5299 0.84375 -6.53405e-07
15.3153 0.84375 6.17835e-07
16.1007 0.84375 -3.20573e-07
16.8861 0.84375 -7.76403e-07
17.6715 0.84375 6.96783e-07
18.4569 0.84375 3.33871e-07
19.2423 0.84375 -3.04292e-08
20.0277 0.84375 4.74273e-07
20.8131 0.84375 -1.11813e-08
21.5984 0.84375 -8.03645e-07
22.3838 0.84375 -5.55061e-07
23.1692 0.84375 4.37985e-07
23.9546 0.84375 1.60644e-07
24.74 0.84375 2.95175e-07

0.392699 0.90625 -3.26199e-07
1.1781 0.90625 -3.28172e-07
1.9635 0.90625 -7.26065e-08
2.74889 0.90625 2.85869e-07
3.53429 0.90625 -2.29357e-07
4.31969 0.90625 -1.48359e-07
5.10509 0.90625 1.93848e-07
5.89049 0.90625 2.84782e-07
6.67588 0.90625 5.95366e-07
7.46128 0.90625 -3.82215e-07
8.24668 0.90625 -3.58808e-07
9.03208 0.90625 -1.73608e-08
9.81748 0.90625 -1.73426e-07
10.6029 0.90625 -3.02779e-07
11.3883 0.90625 9.92374e-08
12.1737 0.90625 5.56218e-07
12.9591 0.90625 9.54547e-07
13.7445 0.90625 -4.60081e-07
14.5299 0.90625 -5.8383e-07
15.3153 0.90625 5.81782e-07
16.1007 0.90625 -4.3436e-07
16.8861 0.90625 -7.25636e-07
17.6715 0.90625 7.28665e-07
18.4569 0.90625 2.75195e-07
19.2423 0.90625 -4.74837e-08
20.0277 0.90625 5.07733e-07
20.8131 0.90625 5.42086e-08
21.5984 0.90625 -8.40567e-07
22.3838 0.90625 -5.72185e-07
23.1692 0.90625 4.72142e-07
23.9546 0.90625 2.16634e-07
24.74 0.90625 2.74011e-07

0.392699 0.96875 -3.64127e-07
1.1781 0.96875 -4.10668e-07
1.9635 0.96875 -1.39885e-07
2.74889 0.96875 4.43154e-07
3.53429 0.96875 -2.37441e-07
4.31969 0.96875 -2.75988e-07
5.10509 0.96875 2.37029e-07
5.89049 0.96875 2.18518e-07
6.67588 0.96875 6.26176e-07
7.46128 0.96875 -3.14765e-07
8.24668 0.96875 -4.21962e-07
9.03208 0.96875 -5.97039e-08
9.81748 0.96875 -1.12738e-07
10.6029 0.96875 -2.25765e-07
11.3883 0.96875 6.87238e-08
12.1737 0.96875 5.07543e-07
12.9591 0.96875 9.53261e-07
13.7445 0.96875 -4.59855e-07
14.5299 0.96875 -5.00861e-07
15.3153 0.96875 5.25816e-07
16.1007 0.96875 -5.2557e-07
16.8861 0.96875 -6.43205e-07
17.6715 0.96875 7.1119e-07
18.4569 0.96875 2.71615e-07
19.2423 0.96875 -7.93054e-08
20.0277 0.96875 5.52862e-07
20.8131 0.96875 1.11355e-07
21.5984 0.96875 -9.10958e-07
22.3838 0.96875 -5.75765e-07
23.1692 0.96875 4.9173e-07
23.9546 0.96875 2.94379e-07
24.74 0.96875 2.92592e-07

0.392699 1.03125 -3.7061e-07
1.1781 1.03125 -4.37379e-07
1.9635 1.03125 -1.89487e-07
2.74889 1.03125 5.3075e-07
3.53429 1.03125 -2.10133e-07
4.31969 1.03125 -3.26802e-07
5.10509 1.03125 2.45901e-07
5.89049 1.03125 1.78002e-07
6.67588 1.03125 6.10666e-07
7.46128 1.03125 -2.66131e-07
8.24668 1.03125 -3.75503e-07
9.03208 1.03125 -1.65101e-07
9.81748 1.03125 -1.33018e-07
10.6029 1.03125 -1.37343e-07
11.3883 1.03125 8.80719e-08
12.1737 1.03125 5.36491e-07
12.9591 1.03125 9.67857e-07
13.7445 1.03125 -4.50509e-07
14.5299 1.03125 -4.75165e-07
15.3153 1.03125 4.75456e-07
16.1007 1.03125 -6.32315e-07
16.8861 1.03125 -5.20308e-07
17.6715 1.03125 6.80458e-07
18.4569 1.03125 2.05516e-07
19.2423 1.03125 -3.22227e-08
20.0277 1.03125 5.46903e-07
20.8131 1.03125 1.49252e-07
21.5984 1.03125 -1.0106e-06
22.3838 1.03125 -5.49485e-07
23.1692 1.03125 5.60939e-07
23.9546 1.03125 2.74181e-07
24.74 1.03125 2.85721e-07

0.392699 1.09375 -3.81917e-07
1.1781 1.09375 -5.22249e-07
1.9635 1.09375 -1.83149e-07
2.74889 1.09375 6.68836e-07
3.53429 1.09375 -2.29847e-07
4.31969 1.09375 -3.55434e-07
5.10509 1.09375 2.59149e-07
5.89049 1.09375 8.54611e-08
6.67588 1.09375 6.10054e-07
7.46128 1.09375 -2.11437e-07
8.24668 1.09375 -3.70074e-07
9.03208 1.09375 -2.64178e-07
9.81748 1.09375 -1.32515e-07
10.6029 1.09375 4.63166e-09
11.3883 1.09375 4.02297e-08
12.1737 1.09375 5.18114e-07
12.9591 1.09375 1.01586e-06
13.7445 1.09375 -5.01761e-07
14.5299 1.09375 -4.01947e-07
15.3153 1.09375 4.87288e-07
16.1007 1.09375 -7.183e-07
16.8861 1.09375 -4.51675e-07
17.6715 1.09375 6.39906e-07
18.4569 1.09375 2.22072e-07
19.2423 1.09375 -4.13652e-08
20.0277 1.09375 5.26798e-07
20.8131 1.09375 2.19883e-07
21.5984 1.09375 -1.08024e-06
22.3838 1.09375 -5.17574e-07
23.1692 1.09375 5.8288e-07
23.9546 1.09375 2.41986e-07
24.74 1.09375 3.16028e-07

0.392699 1.15625 -3.19334e-07
1.1781 1.15625 -5.42597e-07
1.9635 1.15625 -2.36977e-07
2.74889 1.15625 7.16363e-07
3.53429 1.15625 -2.06196e-07
4.31969 1.15625 -2.9958e-07
5.10509 1.15625 2.37253e-07
5.89049 1.15625 -6.36536e-09
6.67588 1.15625 5.97575e-07
7.46128 1.15625 -1.31701e-07
8.24668 1.15625 -3.13798e-07
9.03208 1.15625 -4.12461e-07
9.81748 1.15625 -1.97338e-07
10.6029 1.15625 1.23233e-07
11.3883 1.15625 5.92929e-08
12.1737 1.15625 5.35833e-07
12.9591 1.15625 1.03869e-06
13.7445 1.15625 -5.47367e-07
14.5299 1.15625 -3.82722e-07
15.3153 1.15625 5.19761e-07
16.1007 1.15625 -7.78046e-07
16.8861 1.15625 -3.62502e-07
17.6715 1.15625 5.90294e-07
18.4569 1.15625 1.57692e-07
19.2423 1.15625 2.64963e-08
20.0277 1.15625 4.57835e-07
20.8131 1.15625 2.6988e-07
21.5984 1.15625 -1.14142e-06
22.3838 1.15625 -4.907e-07
23.1692 1.15625 6.73343e-07
23.9546 1.15625 1.3868e-07
24.74 1.15625 2.82065e-07

0.392699 1.21875 -2.94031e-07
1.1781 1.21875 -6.08292e-07
1.9635 1.21875 -2.60689e-07
2.74889 1.21875 8.10565e-07
3.53429 1.21875 -1.9351e-07
4.31969 1.21875 -2.61625e-07
5.10509 1.21875 2.21439e-07
5.89049 1.21875 -1.11701e-07
6.67588 1.21875 5.79647e-07
7.46128 1.21875 -5.82941e-08
8.24668 1.21875 -3.19311e-07
9.03208 1.21875 -4.89135e-07
9.81748 1.21875 -2.29375e-07
10.6029 1.21875 2.55676e-07
11.3883 1.21875 2.01283e-08
12.1737 1.21875 4.40677e-07
12.9591 1.21875 1.06227e-06
13.7445 1.21875 -5.66305e-07
14.5299 1.21875 -3.09016e-07
15.3153 1.21875 5.39615e-07
16.1007 1.21875 -7.91333e-07
16.8861 1.21875 -3.22255e-07
17.6715 1.21875 5.798e-07
18.4569 1.21875 1.78868e-07
19.2423 1.21875 -3.49515e-08
20.0277 1.21875 3.78825e-07
20.8131 1.21875 3.38053e-07
21.5984 1.21875 -1.14149e-06
22.3838 1.21875 -4.39592e-07
23.1692 1.21875 6.90112e-07
23.9546 1.21875 7.45652e-08
24.74 1.21875 2.6621e-07

0.392699 1.28125 -2.16566e-07
1.1781 1.28125 -5.85595e-07
1.9635 1.28125 -3.43549e-07
2.74889 1.28125 8.24407e-07
3.53429 1.28125 -1.40605e-07
4.31969 1.28125 -2.45139e-07
5.10509 1.28125 2.44428e-07
5.89049 1.28125 -1.55545e-07
6.67588 1.28125 5.03076e-07
7.46128 1.28125 1.99576e-08
8.24668 1.28125 -2.52214e-07
9.03208 1.28125 -5.87526e-07
9.81748 1.28125 -3.24098e-07
10.6029 1.28125 3.58411e-07
11.3883 1.28125 4.54207e-08
12.1737 1.28125 3.89605e-07
12.9591 1.28125 1.10147e-06
13.7445 1.28125 -5.62401e-07
14.5299 1.28125 -3.26186e-07
15.3153 1.28125 5.38474e-07
16.1007 1.28125 -7.8476e-07
16.8861 1.28125 -2.5421e-07
17.6715 1.28125 5.0463e-07
18.4569 1.28125 1.47939e-07
19.2423 1.28125 2.04469e-08
20.0277 1.28125 2.65938e-07
20.8131 1.28125 3.51092e-07
21.5984 1.28125 -1.10469e-06
22.3838 1.28125 -3.83187e-07
23.1692 1.28125 7.06625e-07
23.9546 1.28125 -1.55882e-08
24.74 1.28125 2.25542e-07

0.392699 1.34375 -1.97265e-07
1.1781 1.34375 -5.65342e-07
1.9635 1.34375 -3.42863e-07
2.74889 1.34375 8.46116e-07
3.53429 1.34375 -1.19067e-07
4.31969 1.34375 -2.7292e-07
5.10509 1.34375 2.38959e-07
5.89049 1.34375 -1.96194e-07
6.67588 1.34375 4.6784e-07
7.46128 1.34375 6.62733e-08
8.24668 1.34375 -2.45972e-07
9.03208 1.34375 -5.87888e-07
9.81748 1.34375 -3.44183e-07
10.6029 1.34375 4.85237e-07
11.3883 1.34375 -1.30375e-08
12.1737 1.34375 2.76242e-07
12.9591 1.34375 1.15042e-06
13.7445 1.34375 -5.89476e-07
14.5299 1.34375 -2.89398e-07
15.3153 1.34375 5.59321e-07
16.1007 1.34375 -7.24174e-07
16.8861 1.34375 -2.131e-07
17.6715 1.34375 4.04266e-07
18.4569 1.34375 1.61936e-07
19.2423 1.34375 -3.18693e-09
20.0277 1.34375 1.62542e-07
20.8131 1.34375 3.73182e-07
21.5984 1.34375 -1.01448e-06
22.3838 1.34375 -3.21083e-07
23.1692 1.34375 6.67608e-07
23.9546 1.34375 -5.27698e-08
24.74 1.34375 1.88485e-07

0.392699 1.40625 -1.42151e-07
1.1781 1.40625 -4.48433e-07
1.9635 1.40625 -3.50974e-07
2.74889 1.40625 7.89175e-07
3.53429 1.40625 -1.00175e-07
4.31969 1.40625 -3.19036e-07
5.10509 1.40625 2.44464e-07
5.89049 1.40625 -1.56324e-07
6.67588 1.40625 4.07068e-07
7.46128 1.40625 8.66981e-08
8.24668 1.40625 -1.97389e-07
9.03208 1.40625 -6.18708e-07
9.81748 1.40625 -3.93065e-07
10.6029 1.40625 5.94111e-07
11.3883 1.40625 1.96908e-09
12.1737 1.40625 1.97321e-07
12.9591 1.40625 1.17371e-06
13.7445 1.40625 -5.88602e-07
14.5299 1.40625 -2.95118e-07
15.3153 1.40625 5.57396e-07
16.1007 1.40625 -6.64941e-07
16.8861 1.40625 -1.44943e-07
17.6715 1.40625 2.34739e-07
18.4569 1.40625 1.06669e-07
19.2423 1.40625 8.33201e-08
20.0277 1.40625 1.20782e-07
20.8131 1.40625 3.43416e-07
21.5984 1.40625 -9.60652e-07
22.3838 1.40625 -2.6358e-07
23.1692 1.40625 6.21524e-07
23.9546 1.40625 -1.09954e-07
24.74 1.40625 1.26035e-07

0.392699 1.46875 -1.1979e-07
1.1781 1.46875 -3.19575e-07
1.9635 1.46875 -3.25643e-07
2.74889 1.46875 7.60903e-07
3.53429 1.46875 -1.1297e-07
4.31969 1.46875 -3.60566e-07
5.10509 1.46875 2.03404e-07
5.89049 1.46875 -1.15436e-07
6.67588 1.46875 3.83455e-07
7.46128 1.46875 4.9017e-08
8.24668 1.46875 -1.97494e-07
9.03208 1.46875 -5.74713e-07
9.81748 1.46875 -3.60834e-07
10.6029 1.46875 6.69364e-07
11.3883 1.46875 -2.17709e-08
12.1737 1.46875 1.39916e-07
12.9591 1.46875 1.17716e-06
13.7445 1.46875 -6.60078e-07
14.5299 1.46875 -3.01758e-07
15.3153 1.46875 5.98495e-07
16.1007 1.46875 -5.4644e-07
16.8861 1.46875 -7.63736e-08
17.6715 1.46875 7.61326e-08
18.4569 1.46875 7.79962e-08
19.2423 1.46875 1.09645e-07
20.0277 1.46875 1.07082e-07
20.8131 1.46875 3.20696e-07
21.5984 1.46875 -9.28638e-07
22.3838 1.46875 -2.23953e-07
23.1692 1.46875 5.57147e-07
23.9546 1.46875 -9.56119e-08
24.74 1.46875 4.04128e-08

0.392699 1.53125 -7.40901e-08
1.1781 1.53125 -1.49168e-07
1.9635 1.53125 -3.07166e-07
2.74889 1.53125 6.8405e-07
3.53429 1.53125 -1.13288e-07
4.31969 1.53125 -3.7768e-07
5.10509 1.53125 1.64207e-07
5.89049 1.53125 -3.1784e-08
6.67588 1.53125 3.33707e-07
7.46128 1.53125 3.2607e-09
8.24668 1.53125 -1.75592e-07
9.03208 1.53125 -5.56144e-07
9.81748 1.53125 -3.05719e-07
10.6029 1.53125 6.77114e-07
11.3883 1.53125 -2.78287e-08
12.1737 1.53125 1.67963e-07
12.9591 1.53125 1.16715e-06
13.7445 1.53125 -7.28904e-07
14.5299 1.53125 -3.08287e-07
15.3153 1.53125 6.49013e-07
16.1007 1.53125 -4.60138e-07
16.8861 1.53125 -2.61917e-08
17.6715 1.53125 -9.87258e-08
18.4569 1.53125 3.88151e-08
19.2423 1.53125 1.86969e-07
20.0277 1.53125 1.2255e-07
20.8131 1.53125 2.72972e-07
21.5984 1.53125 -9.34456e-07
22.3838 1.53125 -1.67845e-07
23.1692 1.53125 5.07357e-07
23.9546 1.53125 -1.08689e-07
24.74 1.53125 -5.9589e-08

0.392699 1.59375 -3.91339e-08
1.1781 1.59375 -3.18399e-08
1.9635 1.59375 -2.96411e-07
2.74889 1.59375 6.181e-07
3.53429 1.59375 -8.87353e-08
4.31969 1.59375 -3.68801e-07
5.10509 1.59375 4.62237e-08
5.89049 1.59375 3.58674e-08
6.67588 1.59375 3.24629e-07
7.46128 1.59375 -5.06086e-08
8.24668 1.59375 -1.99609e-07
9.03208 1.59375 -5.21945e-07
9.81748 1.59375 -1.91936e-07
10.6029 1.59375 6.53463e-07
11.3883 1.59375 -5.16724e-08
12.1737 1.59375 2.04751e-07
12.9591 1.59375 1.11117e-06
13.7445 1.59375 -8.10094e-07
14.5299 1.59375 -2.67606e-07
15.3153 1.59375 7.27442e-07
16.1007 1.59375 -3.32002e-07
16.8861 1.59375 2.89641e-08
17.6715 1.59375 -2.41223e-07
18.4569 1.59375 8.31747e-09
19.2423 1.59375 1.82836e-07
20.0277 1.59375 1.06488e-07
20.8131 1.59375 2.55467e-07
21.5984 1.59375 -9.28789e-07
22.3838 1.59375 -1.04586e-07
23.1692 1.59375 4.93966e-07
23.9546 1.59375 -1.22551e-07
24.74 1.59375 -1.52906e-07

0.392699 1.65625 -2.95368e-08
1.1781 1.65625 1.08192e-07
1.9635 1.65625 -2.45004e-07
2.74889 1.65625 5.5522e-07
3.53429 1.65625 -7.66698e-08
4.31969 1.65625 -3.98142e-07
5.10509 1.65625 -2.71217e-08
5.89049 1.65625 1.24716e-07
6.67588 1.65625 2.85304e-07
7.46128 1.65625 -6.57022e-08
8.24668 1.65625 -2.04602e-07
9.03208 1.65625 -5.00329e-07
9.81748 1.65625 -9.34173e-08
10.6029 1.65625 5.13353e-07
11.3883 1.65625 -2.32661e-08
12.1737 1.65625 2.96981e-07
12.9591 1.65625 9.91933e-07
13.7445 1.65625 -8.73491e-07
14.5299 1.65625 -2.03217e-07
15.3153 1.65625 7.89612e-07
16.1007 1.65625 -2.55245e-07
16.8861 1.65625 6.84284e-08
17.6715 1.65625 -3.28873e-07
18.4569 1.65625 -2.31474e-08
19.2423 1.65625 1.86691e-07
20.0277 1.65625 1.17288e-07
20.8131 1.65625 2.39461e-07
21.5984 1.65625 -9.53216e-07
22.3838 1.65625 -5.02944e-08
23.1692 1.65625 4.85442e-07
23.9546 1.65625 -1.76448e-07
24.74 1.65625 -2.36354e-07

0.392699 1.71875 -2.69333e-08
1.1781 1.71875 1.56461e-07
1.9635 1.71875 -2.06407e-07
2.74889 1.71875 5.44692e-07
3.53429 1.71875 -5.63382e-08
4.31969 1.71875 -4.3898e-07
5.10509 1.71875 -7.77501e-08
5.89049 1.71875 1.69111e-07
6.67588 1.71875 2.74833e-07
7.46128 1.71875 -5.11815e-08
8.24668 1.71875 -2.17301e-07
9.03208 1.71875 -4.57756e-07
9.81748 1.71875 -2.57197e-08
10.6029 1.71875 3.81957e-07
11.3883 1.71875 4.45464e-08
12.1737 1.71875 3.39975e-07
12.9591 1.71875 8.32444e-07
13.7445 1.71875 -8.81029e-07
14.5299 1.71875 -1.14782e-07
15.3153 1.71875 7.90173e-07
16.1007 1.71875 -1.95576e-07
16.8861 1.71875 1.25974e-07
17.6715 1.71875 -3.47717e-07
18.4569 1.71875 -7.6073e-08
19.2423 1.71875 1.2509e-07
20.0277 1.71875 1.58379e-07
20.8131 1.71875 2.15346e-07
21.5984 1.71875 -9.45729e-07
22.3838 1.71875 -2.00246e-09
23.1692 1.71875 4.732e-07
23.9546 1.71875 -2.19034e-07
24.74 1.71875 -2.87858e-07

0.392699 1.78125 -5.86142e-08
1.1781 1.78125 1.97449e-07
1.9635 1.78125 -1.17172e-07
2.74889 1.78125 5.56233e-07
3.53429 1.78125 -9.19653e-08
4.31969 1.78125 -5.08309e-07
5.10509 1.78125 -5.07602e-08
5.89049 1.78125 2.17359e-07
6.67588 1.78125 2.3051e-07
7.46128 1.78125 -2.95865e-08
8.24668 1.78125 -2.03351e-07
9.03208 1.78125 -4.08861e-07
9.81748 1.78125 1.39825e-08
10.6029 1.78125 2.26649e-07
11.3883 1.78125 1.06221e-07
12.1737 1.78125 3.95655e-07
12.9591 1.78125 6.62769e-07
13.7445 1.78125 -8.52266e-07
14.5299 1.78125 1.24199e-08
15.3153 1.78125 7.46807e-07
16.1007 1.78125 -1.54321e-07
16.8861 1.78125 1.93017e-07
17.6715 1.78125 -3.7773e-07
18.4569 1.78125 -1.35528e-07
19.2423 1.78125 1.01876e-07
20.0277 1.78125 2.11755e-07
20.8131 1.78125 1.57284e-07
21.5984 1.78125 -9.59282e-07
22.3838 1.78125 7.13725e-08
23.1692 1.78125 4.55317e-07
23.9546 1.78125 -3.00899e-07
24.74 1.78125 -3.01754e-07

0.392699 1.84375 -7.14012e-08
1.1781 1.84375 1.97562e-07
1.9635 1.84375 -3.75482e-08
2.74889 1.84375 5.6928e-07
3.53429 1.84375 -1.74427e-07
4.31969 1.84375 -5.66133e-07
5.10509 1.84375 2.39817e-08
5.89049 1.84375 2.34621e-07
6.67588 1.84375 1.96959e-07
7.46128 1.84375 5.58286e-09
8.24668 1.84375 -2.11429e-07
9.03208 1.84375 -3.56619e-07
9.81748 1.84375 2.58381e-08
10.6029 1.84375 1.31547e-07
11.3883 1.84375 1.71869e-07
12.1737 1.84375 4.15218e-07
12.9591 1.84375 5.09525e-07
13.7445 1.84375 -8.0654e-07
14.5299 1.84375 1.43361e-07
15.3153 1.84375 6.72881e-07
16.1007 1.84375 -1.28526e-07
16.8861 1.84375 2.48668e-07
17.6715 1.84375 -4.20723e-07
18.4569 1.84375 -1.68439e-07
19.2423 1.84375 8.73057e-08
20.0277 1.84375 2.40269e-07
20.8131 1.84375 9.41218e-08
21.5984 1.84375 -9.37937e-07
22.3838 1.84375 1.36704e-07
23.1692 1.84375 4.10225e-07
23.9546 1.84375 -3.47837e-07
24.74 1.84375 -2.9204e-07

0.392699 1.90625 -6.52257e-08
1.1781 1.90625 1.98863e-07
1.9635 1.90625 3.59748e-08
2.74889 1.90625 5.00473e-07
3.53429 1.90625 -2.52637e-07
4.31969 1.90625 -5.06954e-07
5.10509 1.90625 1.10231e-07
5.89049 1.90625 2.131e-07
6.67588 1.90625 1.49967e-07
7.46128 1.90625 -3.22125e-09
8.24668 1.90625 -2.12998e-07
9.03208 1.90625 -2.90899e-07
9.81748 1.90625 3.73033e-08
10.6029 1.90625 7.80292e-08
11.3883 1.90625 2.078e-07
12.1737 1.90625 3.90754e-07
12.9591 1.90625 3.47653e-07
13.7445 1.90625 -7.18019e-07
14.5299 1.90625 2.40668e-07
15.3153 1.90625 5.60537e-07
16.1007 1.90625 -1.27379e-07
16.8861 1.90625 2.38412e-07
17.6715 1.90625 -4.26184e-07
18.4569 1.90625 -1.47531e-07
19.2423 1.90625 1.0938e-07
20.0277 1.90625 2.19466e-07
20.8131 1.90625 5.7188e-09
21.5984 1.90625 -8.36215e-07
22.3838 1.90625 2.14597e-07
23.1692 1.90625 3.25658e-07
23.9546 1.90625 -3.83278e-07
24.74 1.90625 -2.37567e-07

0.392699 1.96875 1.65309e-08
1.1781 1.96875 1.16406e-07
1.9635 1.96875 7.36497e-10
2.74889 1.96875 2.36964e-07
3.53429 1.96875 -1.47162e-07
4.31969 1.96875 -2.26152e-07
5.10509 1.96875 6.38641e-08
5.89049 1.96875 1.12891e-07
6.67588 1.96875 7.19229e-08
7.46128 1.96875 -1.72858e-08
8.24668 1.96875 -1.11133e-07
9.03208 1.96875 -1.58268e-07
9.81748 1.96875 4.63897e-08
10.6029 1.96875 6.35026e-08
11.3883 1.96875 9.40692e-08
12.1737 1.96875 2.09343e-07
12.9591 1.96875 1.64597e-07
13.7445 1.96875 -4.04637e-07
14.5299 1.96875 1.79648e-07
15.3153 1.96875 3.07304e-07
16.1007 1.96875 -1.16338e-07
16.8861 1.96875 9.68788e-08
17.6715 1.96875 -2.58428e-07
18.4569 1.96875 -3.28072e-08
19.2423 1.96875 1.01652e-07
20.0277 1.96875 1.05161e-07
20.8131 1.96875 -3.78062e-08
21.5984 1.96875 -4.39523e-07
22.3838 1.96875 1.79931e-07
23.1692 1.96875 1.45589e-07
23.9546 1.96875 -2.53524e-07
24.74 1.96875 -1.29856e-07

