0.392699 0.03125 -3.61236e-07
1.1781 0.03125 4.66645e-07
1.9635 0.03125 -8.33193e-07
2.74889 0.03125 -1.14979e-06
3.53429 0.03125 2.75122e-07
4.31969 0.03125 6.81028e-07
5.10509 0.03125 4.84613e-07
5.89049 0.03125 1.37447e-07
6.67588 0.03125 -3.29537e-07
7.46128 0.03125 2.6589e-07
8.24668 0.03125 1.12203e-07
9.03208 0.03125 -5.99763e-07
9.81748 0.03125 -6.7844e-09
10.6029 0.03125 -5.77853e-07
11.3883 0.03125 1.00642e-06
12.1737 0.03125 1.51892e-06
12.9591 0.03125 -3.15626e-07
13.7445 0.03125 -1.32498e-06
14.5299 0.03125 -2.24749e-07
15.3153 0.03125 1.49202e-07
16.1007 0.03125 9.08579e-08
16.8861 0.03125 -5.31125e-08
17.6715 0.03125 5.37986e-08
18.4569 0.03125 7.36177e-07
19.2423 0.03125 1.26743e-08
20.0277 0.03125 -3.986e-07
20.8131 0.03125 -4.88921e-07
21.5984 0.03125 -7.55931e-07
22.3838 0.03125 1.19696e-07
23.1692 0.03125 3.11789e-07
23.9546 0.03125 3.69328e-07
24.74 0.03125 5.33418e-07

0.392699 0.09375 -3.41044e-07
1.1781 0.09375 2.85312e-07
1.9635 0.09375 -4.03664e-07
2.74889 0.09375 -7.62062e-07
3.53429 0.09375 1.15084e-07
4.31969 0.09375 5.90066e-07
5.10509 0.09375 3.2655e-07
5.89049 0.09375 -1.00938e-07
6.67588 0.09375 -2.84376e-07
7.46128 0.09375 3.11859e-07
8.24668 0.09375 1.13825e-07
9.03208 0.09375 -4.05433e-07
9.81748 0.09375 7.43868e-08
10.6029 0.09375 -4.79008e-07
11.3883 0.09375 6.99848e-07
12.1737 0.09375 1.10272e-06
12.9591 0.09375 -2.5858e-07
13.7445 0.09375 -8.83205e-07
14.5299 0.09375 -1.19648e-07
15.3153 0.09375 2.15606e-09
16.1007 0.09375 5.70421e-08
16.8861 0.09375 -7.30047e-08
17.6715 0.09375 9.25356e-08
18.4569 0.09375 6.5283e-07
19.2423 0.09375 1.61679e-09
20.0277 0.09375 -2.7534e-07
20.8131 0.09375 -2.83827e-07
21.5984 0.09375 -6.0383e-07
22.3838 0.09375 -2.6405e-08
23.1692 0.09375 2.24032e-07
23.9546 0.09375 2.77055e-07
24.74 0.09375 4.82713e-07

0.392699 0.15625 -5.37581e-08
1.1781 0.15625 4.51013e-07
1.9635 0.15625 -7.87587e-07
2.74889 0.15625 -7.79469e-07
3.53429 0.15625 2.09499e-07
4.31969 0.15625 1.30815e-07
5.10509 0.15625 3.25876e-07
5.89049 0.15625 5.4693e-07
6.67588 0.15625 -7.83955e-08
7.46128 0.15625 -6.35072e-08
8.24668 0.15625 8.67245e-08
9.03208 0.15625 -5.53478e-07
9.81748 0.15625 -3.00726e-07
10.6029 0.15625 -1.6541e-07
11.3883 0.15625 8.36254e-07
12.1737 0.15625 9.30413e-07
12.9591 0.15625 -2.91792e-10
13.7445 0.15625 -8.6143e-07
14.5299 0.15625 -3.45788e-07
15.3153 0.15625 2.33134e-07
16.1007 0.15625 1.36467e-07
16.8861 0.15625 4.15703e-08
17.6715 0.15625 -2.54153e-07
18.4569 0.15625 2.05889e-07
19.2423 0.15625 3.40079e-07
20.0277 0.15625 -2.00533e-07
20.8131 0.15625 -2.959e-07
21.5984 0.15625 -2.99002e-07
22.3838 0.15625 5.93306e-08
23.1692 0.15625 1.06713e-07
23.9546 0.15625 2.01475e-07
24.74 0.15625 3.17392e-07

0.392699 0.21875 -4.92697e-07
1.1781 0.21875 1.12798e-07
1.9635 0.21875 -3.74066e-07
2.74889 0.21875 -3.43254e-07
3.53429 0.21875 4.39619e-08
4.31969 0.21875 5.31371e-07
5.10509 0.21875 5.7734e-07
5.89049 0.21875 -3.60032e-07
6.67588 0.21875 -4.19178e-07
7.46128 0.21875 3.55629e-07
8.24668 0.21875 1.86468e-07
9.03208 0.21875 -3.65868e-07
9.81748 0.21875 -7.85865e-08
10.6029 0.21875 -5.68858e-07
11.3883 0.21875 7.60106e-07
12.1737 0.21875 9.15945e-07
12.9591 0.21875 -1.78092e-07
13.7445 0.21875 -5.84455e-07
14.5299 0.21875 -2.26731e-07
15.3153 0.21875 -1.36647e-07
16.1007 0.21875 2.27411e-07
16.8861 0.21875 -2.97841e-08
17.6715 0.21875 7.75342e-08
18.4569 0.21875 7.9873e-07
19.2423 0.21875 -4.12008e-08
20.0277 0.21875 -3.89846e-07
20.8131 0.21875 -6.77321e-08
21.5984 0.21875 -9.42933e-07
22.3838 0.21875 -2.82096e-07
23.1692 0.21875 4.35253e-07
23.9546 0.21875 2.99018e-07
24.74 0.21875 6.1541e-07

0.392699 0.28125 6.89178e-08
1.1781 0.28125 5.36458e-07
1.9635 0.28125 -8.45615e-07
2.74889 0.28125 -8.45115e-07
3.53429 0.28125 1.34599e-07
4.31969 0.28125 1.98343e-07
5.10509 0.28125 2.58004e-07
5.89049 0.28125 6.53757e-07
6.67588 0.28125 -8.31088e-08
7.46128 0.28125 -1.21017e-07
8.24668 0.28125 6.05168e-08
9.03208 0.28125 -6.82407e-07
9.81748 0.28125 -2.52905e-07
10.6029 0.28125 -2.66013e-07
11.3883 0.28125 9.31474e-07
12.1737 0.28125 1.00202e-06
12.9591 0.28125 -3.48752e-08
13.7445 0.28125 -7.84957e-07
14.5299 0.28125 -5.37574e-07
15.3153 0.28125 3.68265e-07
16.1007 0.28125 7.43776e-08
16.8861 0.28125 5.88835e-08
17.6715 0.28125 -1.14617e-07
18.4569 0.28125 -1.39347e-07
19.2423 0.28125 5.73793e-07
20.0277 0.28125 -1.21217e-07
20.8131 0.28125 -7.39195e-07
21.5984 0.28125 -1.14238e-07
22.3838 0.28125 2.08668e-07
23.1692 0.28125 -5.21007e-08
23.9546 0.28125 3.02714e-07
24.74 0.28125 2.5674e-07

0.392699 0.34375 -1.52555e-07
1.1781 0.34375 1.39505e-08
1.9635 0.34375 -3.74982e-07
2.74889 0.34375 -2.15646e-07
3.53429 0.34375 -1.91609e-07
4.31969 0.34375 6.44467e-07
5.10509 0.34375 6.32397e-07
5.89049 0.34375 -3.99378e-07
6.67588 0.34375 -3.36438e-07
7.46128 0.34375 -2.35709e-08
8.24668 0.34375 1.19758e-07
9.03208 0.34375 9.32644e-08
9.81748 0.34375 -5.91891e-08
10.6029 0.34375 -5.5269e-07
11.3883 0.34375 8.37882e-07
12.1737 0.34375 6.01973e-07
12.9591 0.34375 -1.85147e-07
13.7445 0.34375 -4.37372e-07
14.5299 0.34375 -3.10735e-07
15.3153 0.34375 -8.47956e-08
16.1007 0.34375 9.28603e-09
16.8861 0.34375 -8.40996e-08
17.6715 0.34375 4.00168e-07
18.4569 0.34375 6.81443e-07
19.2423 0.34375 -1.60295e-07
20.0277 0.34375 -1.98988e-07
20.8131 0.34375 -7.92109e-09
21.5984 0.34375 -1.05832e-06
22.3838 0.34375 -4.89482e-07
23.1692 0.34375 6.61879e-07
23.9546 0.34375 1.997e-07
24.74 0.34375 3.48967e-07

0.392699 0.40625 2.60127e-07
1.1781 0.40625 6.38096e-07
1.9635 0.40625 -6.50268e-07
2.74889 0.40625 -7.82584e-07
3.53429 0.40625 -5.48656e-08
4.31969 0.40625 3.55968e-07
5.10509 0.40625 1.18627e-09
5.89049 0.40625 8.03683e-07
6.67588 0.40625 -1.30516e-07
7.46128 0.40625 -1.82484e-07
8.24668 0.40625 3.18485e-07
9.03208 0.40625 -9.34882e-07
9.81748 0.40625 -2.17867e-07
10.6029 0.40625 -3.75742e-08
11.3883 0.40625 9.5253e-07
12.1737 0.40625 1.09636e-06
12.9591 0.40625 -1.1696e-07
13.7445 0.40625 -1.08949e-06
14.5299 0.40625 -3.5373e-07
15.3153 0.40625 4.03344e-07
16.1007 0.40625 -1.86297e-07
16.8861 0.40625 3.3717e-07
17.6715 0.40625 6.3231e-08
18.4569 0.40625 -4.35909e-07
19.2423 0.40625 5.09836e-07
20.0277 0.40625 -1.7871e-07
20.8131 0.40625 -7.56366e-07
21.5984 0.40625 -4.27323e-09
22.3838 0.40625 2.25413e-07
23.1692 0.40625 -5.00996e-09
23.9546 0.40625 1.22495e-07
24.74 0.40625 3.7374e-08

0.392699 0.46875 -2.18253e-07
1.1781 0.46875 7.61097e-08
1.9635 0.46875 -4.01323e-07
2.74889 0.46875 -2.03124e-07
3.53429 0.46875 -3.13622e-07
4.31969 0.46875 5.76971e-07
5.10509 0.46875 7.93551e-07
5.89049 0.46875 -1.9843e-07
6.67588 0.46875 -1.81626e-07
7.46128 0.46875 -4.35186e-07
8.24668 0.46875 6.09915e-08
9.03208 0.46875 3.93638e-07
9.81748 0.46875 -7.49111e-08
10.6029 0.46875 -7.29752e-07
11.3883 0.46875 9.88156e-07
12.1737 0.46875 5.48207e-07
12.9591 0.46875 -3.07982e-07
13.7445 0.46875 -3.1813e-07
14.5299 0.46875 -3.83319e-07
15.3153 0.46875 8.58578e-08
16.1007 0.46875 -2.61801e-07
16.8861 0.46875 -1.39624e-07
17.6715 0.46875 8.12199e-07
18.4569 0.46875 4.74599e-07
19.2423 0.46875 -2.50423e-07
20.0277 0.46875 3.61988e-08
20.8131 0.46875 -1.9434e-07
21.5984 0.46875 -1.23931e-06
22.3838 0.46875 -4.08249e-07
23.1692 0.46875 8.70775e-07
23.9546 0.46875 2.45241e-07
24.74 0.46875 2.17524e-07

0.392699 0.53125 -5.3638e-08
1.1781 0.53125 4.937e-07
1.9635 0.53125 -3.868e-07
2.74889 0.53125 -4.15609e-07
3.53429 0.53125 -1.00105e-07
4.31969 0.53125 4.01283e-07
5.10509 0.53125 -1.39181e-07
5.89049 0.53125 6.3762e-07
6.67588 0.53125 -1.40778e-07
7.46128 0.53125 -3.26675e-07
8.24668 0.53125 3.15297e-07
9.03208 0.53125 -9.60195e-07
9.81748 0.53125 -2.92762e-07
10.6029 0.53125 1.78152e-07
11.3883 0.53125 1.09651e-06
12.1737 0.53125 7.91671e-07
12.9591 0.53125 -2.07553e-07
13.7445 0.53125 -1.23039e-06
14.5299 0.53125 -3.04866e-07
15.3153 0.53125 6.65176e-07
16.1007 0.53125 -1.94847e-07
16.8861 0.53125 3.59952e-07
17.6715 0.53125 2.60756e-07
18.4569 0.53125 -3.91689e-07
19.2423 0.53125 4.22819e-07
20.0277 0.53125 -2.86686e-07
20.8131 0.53125 -6.56111e-07
21.5984 0.53125 9.03085e-08
22.3838 0.53125 1.12292e-07
23.1692 0.53125 -1.15207e-07
23.9546 0.53125 1.98269e-07
24.74 0.53125 9.80645e-08

0.392699 0.59375 -1.88085e-07
1.1781 0.59375 -1.06492e-07
1.9635 0.59375 -1.88062e-07
2.74889 0.59375 -1.95417e-07
3.53429 0.59375 -5.01073e-07
4.31969 0.59375 7.09376e-07
5.10509 0.59375 8.39479e-07
5.89049 0.59375 -4.40202e-07
6.67588 0.59375 -6.18382e-09
7.46128 0.59375 -5.32176e-07
8.24668 0.59375 -2.4242e-07
9.03208 0.59375 5.12001e-07
9.81748 0.59375 1.2183e-07
10.6029 0.59375 -7.04353e-07
11.3883 0.59375 6.73863e-07
12.1737 0.59375 7.01493e-07
12.9591 0.59375 -1.84466e-07
13.7445 0.59375 -6.37321e-07
14.5299 0.59375 -1.47277e-07
15.3153 0.59375 3.58326e-07
16.1007 0.59375 -6.23739e-07
16.8861 0.59375 -3.4053e-07
17.6715 0.59375 1.21656e-06
18.4569 0.59375 3.5602e-07
19.2423 0.59375 -7.52078e-08
20.0277 0.59375 2.43564e-07
20.8131 0.59375 -6.83032e-07
21.5984 0.59375 -1.30485e-06
22.3838 0.59375 3.53125e-08
23.1692 0.59375 8.53005e-07
23.9546 0.59375 -7.71169e-08
24.74 0.59375 4.52914e-07

0.392699 0.65625 -2.03504e-07
1.1781 0.65625 4.88775e-07
1.9635 0.65625 -2.95232e-07
2.74889 0.65625 -2.99059e-07
3.53429 0.65625 -5.60323e-08
4.31969 0.65625 2.43289e-07
5.10509 0.65625 1.10982e-07
5.89049 0.65625 5.71521e-07
6.67588 0.65625 -1.33148e-07
7.46128 0.65625 -3.52076e-07
8.24668 0.65625 1.53075e-07
9.03208 0.65625 -8.12994e-07
9.81748 0.65625 -2.62735e-07
10.6029 0.65625 2.78306e-07
11.3883 0.65625 8.36795e-07
12.1737 0.65625 8.15737e-07
12.9591 0.65625 -4.71535e-08
13.7445 0.65625 -1.51633e-06
14.5299 0.65625 -2.69681e-07
15.3153 0.65625 6.40672e-07
16.1007 0.65625 -3.62216e-07
16.8861 0.65625 3.43931e-07
17.6715 0.65625 6.21216e-07
18.4569 0.65625 -3.39832e-07
19.2423 0.65625 2.82247e-07
20.0277 0.65625 -2.28792e-07
20.8131 0.65625 -7.80788e-07
21.5984 0.65625 2.81687e-08
22.3838 0.65625 1.51224e-07
23.1692 0.65625 5.29221e-08
23.9546 0.65625 2.14232e-07
24.74 0.65625 6.59013e-08

0.392699 0.71875 -4.38801e-07
1.1781 0.71875 -1.33411e-07
1.9635 0.71875 4.59428e-08
2.74889 0.71875 -8.00707e-08
3.53429 0.71875 -4.76082e-07
4.31969 0.71875 5.16271e-07
5.10509 0.71875 7.45111e-07
5.89049 0.71875 -2.59005e-07
6.67588 0.71875 2.44794e-07
7.46128 0.71875 -8.94045e-07
8.24668 0.71875 -2.33569e-07
9.03208 0.71875 6.17666e-07
9.81748 0.71875 -2.22483e-07
10.6029 0.71875 -4.05998e-07
11.3883 0.71875 6.8741e-07
12.1737 0.71875 5.46765e-07
12.9591 0.71875 -7.61149e-08
13.7445 0.71875 -7.19663e-07
14.5299 0.71875 1.1437e-07
15.3153 0.71875 4.72813e-07
16.1007 0.71875 -8.9215e-07
16.8861 0.71875 -3.20917e-07
17.6715 0.71875 1.42293e-06
18.4569 0.71875 2.76107e-07
19.2423 0.71875 -2.0406e-07
20.0277 0.71875 4.54099e-07
20.8131 0.71875 -8.01999e-07
21.5984 0.71875 -1.24368e-06
22.3838 0.71875 1.74552e-07
23.1692 0.71875 8.51024e-07
23.9546 0.71875 -1.90799e-07
24.74 0.71875 3.65298e-07

0.392699 0.78125 -3.93305e-07
1.1781 0.78125 3.59371e-07
1.9635 0.78125 -4.71194e-08
2.74889 0.78125 -1.02951e-07
3.53429 0.78125 7.96009e-08
4.31969 0.78125 5.42836e-08
5.10509 0.78125 1.22387e-07
5.89049 0.78125 9.86614e-07
6.67588 0.78125 -3.55286e-07
7.46128 0.78125 -6.78135e-07
8.24668 0.78125 4.22349e-07
9.03208 0.78125 -6.64937e-07
9.81748 0.78125 -5.32808e-07
10.6029 0.78125 3.66822e-07
11.3883 0.78125 9.16059e-07
12.1737 0.78125 7.41316e-07
12.9591 0.78125 2.14061e-07
13.7445 0.78125 -1.36517e-06
14.5299 0.78125 -2.54192e-07
15.3153 0.78125 7.6718e-07
16.1007 0.78125 -7.88247e-07
16.8861 0.78125 1.18526e-07
17.6715 0.78125 8.37097e-07
18.4569 0.78125 -3.26252e-07
19.2423 0.78125 5.09512e-07
20.0277 0.78125 -1.85078e-07
20.8131 0.78125 -9.54761e-07
21.5984 0.78125 -2.86405e-07
22.3838 0.78125 3.01337e-07
23.1692 0.78125 3.68539e-07
23.9546 0.78125 -6.28895e-08
24.74 0.78125 -3.7736e-08

0.392699 0.84375 -7.28684e-07
1.1781 0.84375 -3.10023e-07
1.9635 0.84375 3.68532e-07
2.74889 0.84375 1.29523e-07
3.53429 0.84375 -7.02518e-07
4.31969 0.84375 4.04371e-07
5.10509 0.84375 7.03347e-07
5.89049 0.84375 -1.67504e-07
6.67588 0.84375 4.84821e-07
7.46128 0.84375 -9.49432e-07
8.24668 0.84375 -2.2224e-07
9.03208 0.84375 4.89153e-07
9.81748 0.84375 -4.78295e-07
10.6029 0.84375 -2.00206e-07
11.3883 0.84375 3.73213e-07
12.1737 0.84375 8.63414e-07
12.9591 0.84375 3.26091e-07
13.7445 0.84375 -1.17071e-06
14.5299 0.84375 4.2125e-07
15.3153 0.84375 4.88047e-07
16.1007 0.84375 -1.17116e-06
16.8861 0.84375 -1.33122e-07
17.6715 0.84375 1.4719e-06
18.4569 0.84375 6.52793e-08
19.2423 0.84375 -1.79415e-07
20.0277 0.84375 6.37963e-07
20.8131 0.84375 -6.68074e-07
21.5984 0.84375 -1.06879e-06
22.3838 0.84375 2.14545e-07
23.1692 0.84375 7.95673e-07
23.9546 0.84375 -1.09733e-07
24.74 0.84375 1.99807e-07

0.392699 0.90625 -2.61268e-07
1.1781 0.90625 1.25149e-07
1.9635 0.90625 -2.68283e-08
2.74889 0.90625 -1.729e-07
3.53429 0.90625 5.70396e-08
4.31969 0.90625 1.97355e-07
5.10509 0.90625 6.02551e-08
5.89049 0.90625 7.84757e-07
6.67588 0.90625 -1.48186e-07
7.46128 0.90625 -4.67395e-07
8.24668 0.90625 1.81727e-07
9.03208 0.90625 -6.18688e-07
9.81748 0.90625 -2.97432e-07
10.6029 0.90625 1.04877e-07
11.3883 0.90625 8.6663e-07
12.1737 0.90625 8.0985e-07
12.9591 0.90625 3.12029e-08
13.7445 0.90625 -8.77542e-07
14.5299 0.90625 -1.49932e-07
15.3153 0.90625 3.95305e-07
16.1007 0.90625 -1.01007e-06
16.8861 0.90625 2.14565e-07
17.6715 0.90625 9.78945e-07
18.4569 0.90625 -4.71942e-07
19.2423 0.90625 5.7651e-07
20.0277 0.90625 8.142e-08
20.8131 0.90625 -7.78656e-07
21.5984 0.90625 -6.93859e-07
22.3838 0.90625 3.19591e-07
23.1692 0.90625 6.28906e-07
23.9546 0.90625 -3.56241e-07
24.74 0.90625 2.07964e-08

0.392699 0.96875 -1.01145e-06
1.1781 0.96875 -2.20253e-07
1.9635 0.96875 4.8977e-07
2.74889 0.96875 3.04246e-07
3.53429 0.96875 -9.60101e-07
4.31969 0.96875 2.10406e-07
5.10509 0.96875 7.49921e-07
5.89049 0.96875 -6.92427e-08
6.67588 0.96875 4.91947e-07
7.46128 0.96875 -9.76853e-07
8.24668 0.96875 -4.17878e-07
9.03208 0.96875 7.20784e-07
9.81748 0.96875 -2.02567e-07
10.6029 0.96875 -3.23361e-07
11.3883 0.96875 1.34589e-07
12.1737 0.96875 6.62481e-07
12.9591 0.96875 3.83502e-07
13.7445 0.96875 -1.09232e-06
14.5299 0.96875 5.16919e-07
15.3153 0.96875 1.37089e-07
16.1007 0.96875 -1.06729e-06
16.8861 0.96875 1.50846e-07
17.6715 0.96875 1.2433e-06
18.4569 0.96875 -5.56517e-08
19.2423 0.96875 -2.34554e-07
20.0277 0.96875 8.38629e-07
20.8131 0.96875 -7.37543e-07
21.5984 0.96875 -1.00299e-06
22.3838 0.96875 1.93239e-07
23.1692 0.96875 8.79837e-07
23.9546 0.96875 4.69642e-07
24.74 0.96875 -2.14306e-07

0.392699 1.03125 -2.9898e-07
1.1781 1.03125 -1.26584e-07
1.9635 1.03125 -2.11636e-07
2.74889 1.03125 3.07672e-07
3.53429 1.03125 -3.19749e-07
4.31969 1.03125 -3.45074e-08
5.10509 1.03125 4.83933e-07
5.89049 1.03125 4.37167e-07
6.67588 1.03125 1.83564e-07
7.46128 1.03125 -4.70133e-07
8.24668 1.03125 -1.83443e-08
9.03208 1.03125 -6.41367e-07
9.81748 1.03125 -2.22736e-07
10.6029 1.03125 3.16128e-07
11.3883 1.03125 1.00203e-06
12.1737 1.03125 7.75642e-07
12.9591 1.03125 4.64176e-08
13.7445 1.03125 -8.28165e-07
14.5299 1.03125 -3.71593e-07
15.3153 1.03125 2.29457e-07
16.1007 1.03125 -8.49423e-07
16.8861 1.03125 4.1973e-07
17.6715 1.03125 5.7299e-07
18.4569 1.03125 -3.38606e-07
19.2423 1.03125 8.52053e-07
20.0277 1.03125 -2.81869e-08
20.8131 1.03125 -9.6708e-07
21.5984 1.03125 -9.03018e-07
22.3838 1.03125 6.53547e-07
23.1692 1.03125 8.40004e-07
23.9546 1.03125 -4.85537e-07
24.74 1.03125 2.05777e-08

0.392699 1.09375 -1.28711e-06
1.1781 1.09375 -8.36373e-08
1.9635 1.09375 8.85093e-07
2.74889 1.09375 3.23452e-07
3.53429 1.09375 -1.06016e-06
4.31969 1.09375 1.96738e-07
5.10509 1.09375 6.42457e-07
5.89049 1.09375 -1.12381e-07
6.67588 1.09375 3.87145e-07
7.46128 1.09375 -8.85245e-07
8.24668 1.09375 -3.4503e-07
9.03208 1.09375 4.73891e-07
9.81748 1.09375 -1.68584e-09
10.6029 1.09375 -1.58679e-07
11.3883 1.09375 -7.69854e-08
12.1737 1.09375 9.17083e-07
12.9591 1.09375 4.77718e-07
13.7445 1.09375 -1.11556e-06
14.5299 1.09375 5.76594e-07
15.3153 1.09375 -9.79406e-08
16.1007 1.09375 -1.14462e-06
16.8861 1.09375 4.18203e-07
17.6715 1.09375 1.12532e-06
18.4569 1.09375 -5.99972e-08
19.2423 1.09375 -3.43342e-07
20.0277 1.09375 8.90873e-07
20.8131 1.09375 -6.48086e-07
21.5984 1.09375 -1.11718e-06
22.3838 1.09375 3.70291e-07
23.1692 1.09375 6.69757e-07
23.9546 1.09375 5.30746e-07
24.74 1.09375 -1.73802e-07

0.392699 1.15625 -3.18697e-07
1.1781 1.15625 -3.23215e-07
1.9635 1.15625 -9.00631e-08
2.74889 1.15625 4.24401e-07
3.53429 1.15625 -4.67732e-07
4.31969 1.15625 7.77781e-08
5.10509 1.15625 3.84848e-07
5.89049 1.15625 2.11176e-07
6.67588 1.15625 4.87598e-07
7.46128 1.15625 -3.79682e-07
8.24668 1.15625 -2.81645e-07
9.03208 1.15625 -9.65002e-07
9.81748 1.15625 8.49474e-08
10.6029 1.15625 5.59085e-07
11.3883 1.15625 8.75471e-07
12.1737 1.15625 1.02193e-06
12.9591 1.15625 -1.8913e-08
13.7445 1.15625 -1.13899e-06
14.5299 1.15625 -8.85923e-08
15.3153 1.15625 3.05788e-07
16.1007 1.15625 -1.08619e-06
16.8861 1.15625 4.5599e-07
17.6715 1.15625 2.43913e-07
18.4569 1.15625 -1.43442e-08
19.2423 1.15625 1.07257e-06
20.0277 1.15625 -2.58376e-07
20.8131 1.15625 -8.29775e-07
21.5984 1.15625 -1.09135e-06
22.3838 1.15625 7.43584e-07
23.1692 1.15625 8.54146e-07
23.9546 1.15625 -6.53056e-07
24.74 1.15625 3.02607e-07

0.392699 1.21875 -1.22175e-06
1.1781 1.21875 -2.60301e-07
1.9635 1.21875 9.55165e-07
2.74889 1.21875 4.80324e-07
3.53429 1.21875 -8.97224e-07
4.31969 1.21875 2.37874e-07
5.10509 1.21875 5.34868e-08
5.89049 1.21875 -8.13039e-08
6.67588 1.21875 7.38571e-07
7.46128 1.21875 -9.10063e-07
8.24668 1.21875 -5.1788e-07
9.03208 1.21875 3.77828e-07
9.81748 1.21875 1.53055e-07
10.6029 1.21875 -2.03651e-08
11.3883 1.21875 -3.29422e-07
12.1737 1.21875 8.41447e-07
12.9591 1.21875 4.57655e-07
13.7445 1.21875 -1.04688e-06
14.5299 1.21875 8.56661e-07
15.3153 1.21875 -5.16858e-08
16.1007 1.21875 -1.09427e-06
16.8861 1.21875 5.54802e-07
17.6715 1.21875 1.01258e-06
18.4569 1.21875 -3.57919e-07
19.2423 1.21875 -4.28131e-07
20.0277 1.21875 8.84499e-07
20.8131 1.21875 -4.7265e-07
21.5984 1.21875 -1.23985e-06
22.3838 1.21875 6.09842e-07
23.1692 1.21875 7.16789e-07
23.9546 1.21875 1.19389e-07
24.74 1.21875 -1.20876e-07

0.392699 1.28125 -3.56375e-07
1.1781 1.28125 -5.69873e-07
1.9635 1.28125 -5.4581e-08
2.74889 1.28125 7.45773e-07
3.53429 1.28125 -5.01709e-07
4.31969 1.28125 1.45187e-07
5.10509 1.28125 4.61108e-07
5.89049 1.28125 -7.19826e-08
6.67588 1.28125 4.29678e-07
7.46128 1.28125 -1.12071e-07
8.24668 1.28125 -5.03716e-07
9.03208 1.28125 -1.24932e-06
9.81748 1.28125 1.41623e-07
10.6029 1.28125 8.27417e-07
11.3883 1.28125 6.0796e-07
12.1737 1.28125 8.20874e-07
12.9591 1.28125 3.32932e-07
13.7445 1.28125 -1.07994e-06
14.5299 1.28125 -2.01413e-07
15.3153 1.28125 1.81096e-07
16.1007 1.28125 -1.02849e-06
16.8861 1.28125 5.47804e-07
17.6715 1.28125 2.83609e-07
18.4569 1.28125 1.17809e-08
19.2423 1.28125 8.3406e-07
20.0277 1.28125 -2.44924e-07
20.8131 1.28125 -6.5201e-07
21.5984 1.28125 -1.04821e-06
22.3838 1.28125 7.67799e-07
23.1692 1.28125 6.12058e-07
23.9546 1.28125 -6.24025e-07
24.74 1.28125 4.25452e-07

0.392699 1.34375 -1.01613e-06
1.1781 1.34375 -4.46403e-07
1.9635 1.34375 7.38806e-07
2.74889 1.34375 7.49639e-07
3.53429 1.34375 -7.69585e-07
4.31969 1.34375 1.19455e-07
5.10509 1.34375 2.23286e-09
5.89049 1.34375 -2.41906e-07
6.67588 1.34375 8.03542e-07
7.46128 1.34375 -6.43549e-07
8.24668 1.34375 -5.45494e-07
9.03208 1.34375 1.65913e-07
9.81748 1.34375 1.48141e-07
10.6029 1.34375 1.84351e-07
11.3883 1.34375 -4.14625e-07
12.1737 1.34375 9.38402e-07
12.9591 1.34375 4.9003e-07
13.7445 1.34375 -1.35867e-06
14.5299 1.34375 8.44312e-07
15.3153 1.34375 2.54078e-07
16.1007 1.34375 -9.82972e-07
16.8861 1.34375 5.0924e-07
17.6715 1.34375 7.93987e-07
18.4569 1.34375 -2.96037e-07
19.2423 1.34375 -5.57037e-07
20.0277 1.34375 4.81432e-07
20.8131 1.34375 -5.01723e-08
21.5984 1.34375 -1.0302e-06
22.3838 1.34375 5.53851e-07
23.1692 1.34375 7.14751e-07
23.9546 1.34375 -2.23682e-08
24.74 1.34375 -8.57487e-08

0.392699 1.40625 -3.25737e-07
1.1781 1.40625 -4.27486e-07
1.9635 1.40625 3.97721e-08
2.74889 1.40625 5.80023e-07
3.53429 1.40625 -5.08849e-07
4.31969 1.40625 3.04079e-09
5.10509 1.40625 5.55059e-07
5.89049 1.40625 -1.56962e-07
6.67588 1.40625 4.47816e-07
7.46128 1.40625 7.97157e-09
8.24668 1.40625 -5.6893e-07
9.03208 1.40625 -1.08662e-06
9.81748 1.40625 2.33883e-07
10.6029 1.40625 9.57855e-07
11.3883 1.40625 2.75318e-08
12.1737 1.40625 7.44155e-07
12.9591 1.40625 6.89985e-07
13.7445 1.40625 -9.88916e-07
14.5299 1.40625 3.03915e-08
15.3153 1.40625 3.9618e-08
16.1007 1.40625 -9.95743e-07
16.8861 1.40625 3.44761e-07
17.6715 1.40625 8.884e-08
18.4569 1.40625 1.55091e-07
19.2423 1.40625 5.92036e-07
20.0277 1.40625 -2.43273e-07
20.8131 1.40625 -3.62519e-07
21.5984 1.40625 -7.76565e-07
22.3838 1.40625 6.46188e-07
23.1692 1.40625 3.3699e-07
23.9546 1.40625 -6.21908e-07
24.74 1.40625 4.46461e-07

0.392699 1.46875 -6.03928e-07
1.1781 1.46875 -3.56118e-07
1.9635 1.46875 3.948e-07
2.74889 1.46875 7.11353e-07
3.53429 1.46875 -7.23586e-07
4.31969 1.46875 -6.27302e-08
5.10509 1.46875 8.57073e-08
5.89049 1.46875 -1.07081e-07
6.67588 1.46875 6.31682e-07
7.46128 1.46875 -5.69418e-07
8.24668 1.46875 -4.83588e-07
9.03208 1.46875 -4.89767e-08
9.81748 1.46875 2.08319e-07
10.6029 1.46875 6.49714e-07
11.3883 1.46875 -5.00777e-07
12.1737 1.46875 6.23908e-07
12.9591 1.46875 5.75267e-07
13.7445 1.46875 -1.39523e-06
14.5299 1.46875 6.70326e-07
15.3153 1.46875 4.72548e-07
16.1007 1.46875 -6.4121e-07
16.8861 1.46875 3.35153e-07
17.6715 1.46875 2.28482e-07
18.4569 1.46875 -1.53211e-07
19.2423 1.46875 -2.38133e-07
20.0277 1.46875 2.3026e-07
20.8131 1.46875 -6.70744e-08
21.5984 1.46875 -9.33683e-07
22.3838 1.46875 4.97129e-07
23.1692 1.46875 6.04705e-07
23.9546 1.46875 -1.27464e-07
24.74 1.46875 -5.53165e-08

0.392699 1.53125 -1.71223e-08
1.1781 1.53125 5.84307e-08
1.9635 1.53125 7.06179e-09
2.74889 1.53125 4.66185e-07
3.53429 1.53125 -7.22763e-07
4.31969 1.53125 -1.65827e-08
5.10509 1.53125 6.95494e-07
5.89049 1.53125 -1.78185e-07
6.67588 1.53125 2.46562e-07
7.46128 1.53125 -3.49573e-08
8.24668 1.53125 -3.74398e-07
9.03208 1.53125 -7.51322e-07
9.81748 1.53125 1.67296e-07
10.6029 1.53125 8.11796e-07
11.3883 1.53125 -7.98402e-09
12.1737 1.53125 7.69337e-07
12.9591 1.53125 5.1539e-07
13.7445 1.53125 -1.29664e-06
14.5299 1.53125 2.46718e-07
15.3153 1.53125 2.90498e-07
16.1007 1.53125 -9.06027e-07
16.8861 1.53125 1.69939e-07
17.6715 1.53125 -6.1168e-08
18.4569 1.53125 3.46695e-07
19.2423 1.53125 5.78612e-07
20.0277 1.53125 -1.27876e-07
20.8131 1.53125 -4.93115e-07
21.5984 1.53125 -8.31626e-07
22.3838 1.53125 5.39279e-07
23.1692 1.53125 1.80081e-07
23.9546 1.53125 -4.03378e-07
24.74 1.53125 9.35895e-08

0.392699 1.59375 -1.96776e-07
1.1781 1.59375 -4.52414e-07
1.9635 1.59375 4.86415e-08
2.74889 1.59375 6.92124e-07
3.53429 1.59375 -4.35285e-07
4.31969 1.59375 -1.18524e-07
5.10509 1.59375 -6.45037e-08
5.89049 1.59375 1.1082e-07
6.67588 1.59375 3.91391e-07
7.46128 1.59375 -6.36544e-07
8.24668 1.59375 -3.77479e-07
9.03208 1.59375 -7.10325e-08
9.81748 1.59375 4.50489e-07
10.6029 1.59375 7.39771e-07
11.3883 1.59375 -5.65055e-07
12.1737 1.59375 7.11742e-07
12.9591 1.59375 5.64762e-07
13.7445 1.59375 -1.42363e-06
14.5299 1.59375 7.22553e-07
15.3153 1.59375 6.40966e-07
16.1007 1.59375 -4.99849e-07
16.8861 1.59375 1.12926e-07
17.6715 1.59375 -2.74485e-07
18.4569 1.59375 4.40257e-08
19.2423 1.59375 -6.33079e-08
20.0277 1.59375 7.04631e-08
20.8131 1.59375 -1.20467e-07
21.5984 1.59375 -7.13559e-07
22.3838 1.59375 6.053e-07
23.1692 1.59375 4.08001e-07
23.9546 1.59375 -1.94928e-07
24.74 1.59375 -2.94321e-08

0.392699 1.65625 1.58052e-07
1.1781 1.65625 4.06097e-07
1.9635 1.65625 -9.02293e-08
2.74889 1.65625 2.63981e-07
3.53429 1.65625 -6.19262e-07
4.31969 1.65625 -1.89653e-07
5.10509 1.65625 4.05066e-07
5.89049 1.65625 1.68005e-07
6.67588 1.65625 -4.07481e-08
7.46128 1.65625 -1.81392e-07
8.24668 1.65625 -3.16814e-07
9.03208 1.65625 -4.3829e-07
9.81748 1.65625 3.19285e-07
10.6029 1.65625 3.28793e-07
11.3883 1.65625 9.25227e-08
12.1737 1.65625 8.5107e-07
12.9591 1.65625 1.11196e-07
13.7445 1.65625 -1.28988e-06
14.5299 1.65625 7.69975e-07
15.3153 1.65625 6.67828e-07
16.1007 1.65625 -6.84605e-07
16.8861 1.65625 -4.41655e-08
17.6715 1.65625 -3.51749e-07
18.4569 1.65625 4.48825e-07
19.2423 1.65625 3.63311e-07
20.0277 1.65625 -2.05282e-07
20.8131 1.65625 -3.08018e-07
21.5984 1.65625 -8.88009e-07
22.3838 1.65625 7.29293e-07
23.1692 1.65625 9.54574e-08
23.9546 1.65625 -5.92511e-07
24.74 1.65625 2.05006e-08

0.392699 1.71875 8.76149e-08
1.1781 1.71875 -2.46023e-07
1.9635 1.71875 -8.53669e-08
2.74889 1.71875 6.03388e-07
3.53429 1.71875 -3.88041e-07
4.31969 1.71875 -3.05682e-07
5.10509 1.71875 4.54022e-08
5.89049 1.71875 2.37967e-07
6.67588 1.71875 2.90188e-07
7.46128 1.71875 -4.25816e-07
8.24668 1.71875 -4.32118e-07
9.03208 1.71875 -9.1345e-08
9.81748 1.71875 3.49693e-07
10.6029 1.71875 4.94065e-07
11.3883 1.71875 -1.84567e-08
12.1737 1.71875 4.8545e-07
12.9591 1.71875 1.7355e-07
13.7445 1.71875 -1.22327e-06
14.5299 1.71875 7.63751e-07
15.3153 1.71875 6.59369e-07
16.1007 1.71875 -5.09633e-07
16.8861 1.71875 1.51069e-07
17.6715 1.71875 -2.93869e-07
18.4569 1.71875 -7.45442e-09
19.2423 1.71875 -2.17204e-08
20.0277 1.71875 2.01118e-07
20.8131 1.71875 -1.57457e-07
21.5984 1.71875 -7.7962e-07
22.3838 1.71875 5.55667e-07
23.1692 1.71875 3.43662e-07
23.9546 1.71875 -3.12889e-07
24.74 1.71875 -1.2865e-07

0.392699 1.78125 1.93183e-08
1.1781 1.78125 4.32084e-07
1.9635 1.78125 4.44717e-08
2.74889 1.78125 3.53055e-07
3.53429 1.78125 -5.22387e-07
4.31969 1.78125 -3.33553e-07
5.10509 1.78125 3.25097e-07
5.89049 1.78125 1.85702e-07
6.67588 1.78125 -2.13617e-08
7.46128 1.78125 -1.77906e-07
8.24668 1.78125 -2.35657e-07
9.03208 1.78125 -2.63365e-07
9.81748 1.78125 2.14089e-07
10.6029 1.78125 1.30079e-07
11.3883 1.78125 3.06337e-07
12.1737 1.78125 5.0752e-07
12.9591 1.78125 -1.06978e-07
13.7445 1.78125 -8.74241e-07
14.5299 1.78125 7.85265e-07
15.3153 1.78125 5.63876e-07
16.1007 1.78125 -3.49719e-07
16.8861 1.78125 9.58567e-08
17.6715 1.78125 -4.02203e-07
18.4569 1.78125 5.58284e-08
19.2423 1.78125 2.99679e-07
20.0277 1.78125 2.33543e-08
20.8131 1.78125 -4.71221e-07
21.5984 1.78125 -6.71841e-07
22.3838 1.78125 7.85962e-07
23.1692 1.78125 -1.19426e-09
23.9546 1.78125 -6.97267e-07
24.74 1.78125 1.85135e-08

0.392699 1.84375 3.73133e-08
1.1781 1.84375 4.47064e-08
1.9635 1.84375 1.2539e-07
2.74889 1.84375 4.44079e-07
3.53429 1.84375 -7.06199e-07
4.31969 1.84375 -4.1804e-07
5.10509 1.84375 4.23816e-07
5.89049 1.84375 1.40845e-07
6.67588 1.84375 1.59974e-07
7.46128 1.84375 -3.90192e-08
8.24668 1.84375 -3.90807e-07
9.03208 1.84375 -1.02948e-07
9.81748 1.84375 1.61925e-07
10.6029 1.84375 1.87262e-07
11.3883 1.84375 2.39184e-07
12.1737 1.84375 3.88884e-07
12.9591 1.84375 -3.13642e-08
13.7445 1.84375 -7.15466e-07
14.5299 1.84375 8.11196e-07
15.3153 1.84375 4.04208e-07
16.1007 1.84375 -1.89349e-07
16.8861 1.84375 1.51995e-07
17.6715 1.84375 -5.81426e-07
18.4569 1.84375 2.01018e-09
19.2423 1.84375 1.3471e-07
20.0277 1.84375 2.15228e-07
20.8131 1.84375 -3.6252e-07
21.5984 1.84375 -6.98294e-07
22.3838 1.84375 6.09977e-07
23.1692 1.84375 1.3065e-07
23.9546 1.84375 -4.2752e-07
24.74 1.84375 -1.17031e-07

0.392699 1.90625 -1.73918e-07
1.1781 1.90625 4.71507e-07
1.9635 1.90625 2.50338e-07
2.74889 1.90625 2.42814e-07
3.53429 1.90625 -7.94162e-07
4.31969 1.90625 -2.31865e-07
5.10509 1.90625 5.66625e-07
5.89049 1.90625 4.12525e-09
6.67588 1.90625 1.18129e-07
7.46128 1.90625 -1.29244e-07
8.24668 1.90625 -3.93064e-07
9.03208 1.90625 -1.1953e-07
9.81748 1.90625 5.16844e-08
10.6029 1.90625 1.49794e-07
11.3883 1.90625 5.0914e-07
12.1737 1.90625 2.9851e-07
12.9591 1.90625 -1.60246e-07
13.7445 1.90625 -6.47619e-07
14.5299 1.90625 7.52557e-07
15.3153 1.90625 3.63186e-07
16.1007 1.90625 -9.90208e-08
16.8861 1.90625 1.92564e-07
17.6715 1.90625 -6.24985e-07
18.4569 1.90625 -5.79507e-08
19.2423 1.90625 2.42707e-07
20.0277 1.90625 5.85361e-08
20.8131 1.90625 -4.19252e-07
21.5984 1.90625 -6.088e-07
22.3838 1.90625 6.77092e-07
23.1692 1.90625 -1.45391e-09
23.9546 1.90625 -5.35566e-07
24.74 1.90625 -1.01925e-08

0.392699 1.96875 -2.55409e-07
1.1781 1.96875 5.3336e-07
1.9635 1.96875 3.53447e-07
2.74889 1.96875 4.47569e-07
3.53429 1.96875 -1.17788e-06
4.31969 1.96875 -3.42758e-07
5.10509 1.96875 8.03503e-07
5.89049 1.96875 -7.69217e-08
6.67588 1.96875 1.71195e-07
7.46128 1.96875 -1.89662e-07
8.24668 1.96875 -5.51296e-07
9.03208 1.96875 -1.95283e-07
9.81748 1.96875 1.47898e-07
10.6029 1.96875 2.78776e-07
11.3883 1.96875 5.88681e-07
12.1737 1.96875 4.73005e-07
12.9591 1.96875 -2.44897e-07
13.7445 1.96875 -8.72308e-07
14.5299 1.96875 1.1469e-06
15.3153 1.96875 3.94055e-07
16.1007 1.96875 -1.03029e-07
16.8861 1.96875 2.24858e-07
17.6715 1.96875 -8.20661e-07
18.4569 1.96875 2.01212e-09
19.2423 1.96875 2.50415e-07
20.0277 1.96875 1.92207e-07
20.8131 1.96875 -6.22629e-07
21.5984 1.96875 -9.1268e-07
22.3838 1.96875 9.00926e-07
23.1692 1.96875 5.42596e-08
23.9546 1.96875 -6.09487e-07
24.74 1.96875 -7.67682e-08

