0.392699 0.03125 -6.21937e-08
1.1781 0.03125 1.45757e-07
1.9635 0.03125 -1.72295e-07
2.74889 0.03125 -3.01865e-07
3.53429 0.03125 -9.14266e-08
4.31969 0.03125 1.26869e-07
5.10509 0.03125 1.82433e-07
5.89049 0.03125 1.02993e-07
6.67588 0.03125 -2.6034e-08
7.46128 0.03125 1.96121e-09
8.24668 0.03125 9.89315e-08
9.03208 0.03125 -1.82183e-07
9.81748 0.03125 -1.38224e-07
10.6029 0.03125 -2.61114e-07
11.3883 0.03125 2.48936e-07
12.1737 0.03125 4.93574e-07
12.9591 0.03125 1.4061e-07
13.7445 0.03125 -2.2732e-07
14.5299 0.03125 -1.74957e-07
15.3153 0.03125 -7.25998e-08
16.1007 0.03125 1.71305e-08
16.8861 0.03125 5.87243e-08
17.6715 0.03125 -5.12035e-08
18.4569 0.03125 9.07008e-08
19.2423 0.03125 1.35573e-07
20.0277 0.03125 -1.37609e-08
20.8131 0.03125 -5.2802e-08
21.5984 0.03125 -2.18551e-07
22.3838 0.03125 -1.54051e-07
23.1692 0.03125 2.85576e-09
23.9546 0.03125 1.07317e-07
24.74 0.03125 2.55985e-07
0.392699 0.09375 -9.50304e-08
1.1781 0.09375 2.874e-07
1.9635 0.09375 -1.84077e-07
2.74889 0.09375 -6.09933e-07
3.53429 0.09375 -2.77143e-07
4.31969 0.09375 1.94841e-07
5.10509 0.09375 3.47813e-07
5.89049 0.09375 2.67825e-07
6.67588 0.09375 -8.07751e-08
7.46128 0.09375 -3.37174e-08
8.24668 0.09375 2.18465e-07
9.03208 0.09375 -2.84016e-07
9.81748 0.09375 -1.5287e-07
10.6029 0.09375 -5.16999e-07
11.3883 0.09375 2.63723e-07
12.1737 0.09375 9.28534e-07
12.9591 0.09375 4.4697e-07
13.7445 0.09375 -4.32524e-07
14.5299 0.09375 -3.97682e-07
15.3153 0.09375 -1.15751e-07
16.1007 0.09375 3.70517e-08
16.8861 0.09375 1.08282e-07
17.6715 0.09375 -1.30779e-07
18.4569 0.09375 1.7976e-07
19.2423 0.09375 2.75484e-07
20.0277 0.09375 -3.82312e-08
20.8131 0.09375 -8.60203e-08
21.5984 0.09375 -4.06303e-07
22.3838 0.09375 -3.06044e-07
23.1692 0.09375 4.33802e-09
23.9546 0.09375 1.45823e-07
24.74 0.09375 4.84334e-07
0.392699 0.15625 -8.83537e-08
1.1781 0.15625 3.47955e-07
1.9635 0.15625 -1.59113e-07
2.74889 0.15625 -6.56453e-07
3.53429 0.15625 -3.55148e-07
4.31969 0.15625 1.49318e-07
5.10509 0.15625 3.71059e-07
5.89049 0.15625 3.60724e-07
6.67588 0.15625 -4.67417e-08
7.46128 0.15625 -8.89952e-08
8.24668 0.15625 2.47026e-07
9.03208 0.15625 -2.80669e-07
9.81748 0.15625 -1.57386e-07
10.6029 0.15625 -6.13081e-07
11.3883 0.15625 2.06295e-07
12.1737 0.15625 9.91017e-07
12.9591 0.15625 6.05911e-07
13.7445 0.15625 -3.82166e-07
14.5299 0.15625 -5.00129e-07
15.3153 0.15625 -1.52796e-07
16.1007 0.15625 4.19963e-08
16.8861 0.15625 1.43809e-07
17.6715 0.15625 -1.39315e-07
18.4569 0.15625 1.35499e-07
19.2423 0.15625 3.24984e-07
20.0277 0.15625 -1.36915e-08
20.8131 0.15625 -7.55623e-08
21.5984 0.15625 -4.39869e-07
22.3838 0.15625 -3.83238e-07
23.1692 0.15625 -1.05184e-08
23.9546 0.15625 1.39433e-07
24.74 0.15625 5.31982e-07
0.392699 0.21875 -7.12517e-08
1.1781 0.21875 3.47141e-07
1.9635 0.21875 -1.4695e-07
2.74889 0.21875 -5.91487e-07
3.53429 0.21875 -4.00989e-07
4.31969 0.21875 1.16608e-07
5.10509 0.21875 4.00197e-07
5.89049 0.21875 3.78531e-07
6.67588 0.21875 -4.90201e-08
7.46128 0.21875 -1.35308e-07
8.24668 0.21875 2.44148e-07
9.03208 0.21875 -2.55783e-07
9.81748 0.21875 -1.23378e-07
10.6029 0.21875 -6.56591e-07
11.3883 0.21875 1.65516e-07
12.1737 0.21875 9.66471e-07
12.9591 0.21875 6.32463e-07
13.7445 0.21875 -2.97387e-07
14.5299 0.21875 -5.28861e-07
15.3153 0.21875 -1.70086e-07
16.1007 0.21875 3.74575e-08
16.8861 0.21875 1.29433e-07
17.6715 0.21875 -9.95703e-08
18.4569 0.21875 1.17525e-07
19.2423 0.21875 3.30048e-07
20.0277 0.21875 6.73086e-09
20.8131 0.21875 -6.68867e-08
21.5984 0.21875 -4.51329e-07
22.3838 0.21875 -4.50442e-07
23.1692 0.21875 -2.30937e-08
23.9546 0.21875 1.42497e-07
24.74 0.21875 5.29224e-07
0.392699 0.28125 -5.09081e-08
1.1781 0.28125 3.81851e-07
1.9635 0.28125 -1.24684e-07
2.74889 0.28125 -5.50268e-07
3.53429 0.28125 -4.57389e-07
4.31969 0.28125 1.08079e-07
5.10509 0.28125 3.69419e-07
5.89049 0.28125 3.96183e-07
6.67588 0.28125 2.09908e-08
7.46128 0.28125 -1.92769e-07
8.24668 0.28125 2.00684e-07
9.03208 0.28125 -2.30393e-07
9.81748 0.28125 -1.00879e-07
10.6029 0.28125 -6.68769e-07
11.3883 0.28125 1.71558e-07
12.1737 0.28125 9.3854e-07
12.9591 0.28125 6.29411e-07
13.7445 0.28125 -2.38155e-07
14.5299 0.28125 -5.82398e-07
15.3153 0.28125 -1.33846e-07
16.1007 0.28125 1.58086e-08
16.8861 0.28125 7.79419e-08
17.6715 0.28125 -2.31902e-09
18.4569 0.28125 6.5239e-08
19.2423 0.28125 2.90782e-07
20.0277 0.28125 6.31142e-08
20.8131 0.28125 -9.3918e-08
21.5984 0.28125 -4.49609e-07
22.3838 0.28125 -4.63039e-07
23.1692 0.28125 -2.20405e-08
23.9546 0.28125 1.66601e-07
24.74 0.28125 4.48831e-07
0.392699 0.34375 -3.68019e-08
1.1781 0.34375 3.71447e-07
1.9635 0.34375 -1.08801e-07
2.74889 0.34375 -4.46719e-07
3.53429 0.34375 -5.13226e-07
4.31969 0.34375 1.0513e-07
5.10509 0.34375 3.82257e-07
5.89049 0.34375 3.84163e-07
6.67588 0.34375 5.83337e-08
7.46128 0.34375 -2.63206e-07
8.24668 0.34375 1.53113e-07
9.03208 0.34375 -1.80715e-07
9.81748 0.34375 -4.9103e-08
10.6029 0.34375 -6.60985e-07
11.3883 0.34375 1.8898e-07
12.1737 0.34375 9.12378e-07
12.9591 0.34375 5.96423e-07
13.7445 0.34375 -2.32062e-07
14.5299 0.34375 -6.02917e-07
15.3153 0.34375 -8.17206e-08
16.1007 0.34375 -1.85659e-08
16.8861 0.34375 -9.34284e-11
17.6715 0.34375 9.31461e-08
18.4569 0.34375 9.8901e-08
19.2423 0.34375 2.41825e-07
20.0277 0.34375 6.39823e-08
20.8131 0.34375 -7.62083e-08
21.5984 0.34375 -4.45861e-07
22.3838 0.34375 -5.31946e-07
23.1692 0.34375 -2.28979e-09
23.9546 0.34375 1.91518e-07
24.74 0.34375 3.717e-07
0.392699 0.40625 -5.59046e-08
1.1781 0.40625 3.7753e-07
1.9635 0.40625 -7.39871e-08
2.74889 0.40625 -3.82322e-07
3.53429 0.40625 -5.50785e-07
4.31969 0.40625 1.0932e-07
5.10509 0.40625 3.35343e-07
5.89049 0.40625 3.9538e-07
6.67588 0.40625 1.49195e-07
7.46128 0.40625 -3.26515e-07
8.24668 0.40625 1.17727e-07
9.03208 0.40625 -1.69427e-07
9.81748 0.40625 -4.07014e-08
10.6029 0.40625 -6.50396e-07
11.3883 0.40625 2.07526e-07
12.1737 0.40625 9.1449e-07
12.9591 0.40625 6.026e-07
13.7445 0.40625 -2.59294e-07
14.5299 0.40625 -6.65342e-07
15.3153 0.40625 1.37507e-08
16.1007 0.40625 -5.29488e-08
16.8861 0.40625 -7.66812e-08
17.6715 0.40625 2.19393e-07
18.4569 0.40625 8.29047e-08
19.2423 0.40625 1.80867e-07
20.0277 0.40625 9.87754e-08
20.8131 0.40625 -1.04653e-07
21.5984 0.40625 -4.58065e-07
22.3838 0.40625 -5.20068e-07
23.1692 0.40625 2.18409e-08
23.9546 0.40625 2.09288e-07
24.74 0.40625 3.08944e-07
0.392699 0.46875 -7.68895e-08
1.1781 0.46875 3.0935e-07
1.9635 0.46875 -7.69033e-08
2.74889 0.46875 -2.70308e-07
3.53429 0.46875 -5.52177e-07
4.31969 0.46875 8.41703e-08
5.10509 0.46875 3.70053e-07
5.89049 0.46875 3.61986e-07
6.67588 0.46875 1.96913e-07
7.46128 0.46875 -3.72842e-07
8.24668 0.46875 2.23561e-08
9.03208 0.46875 -1.30825e-07
9.81748 0.46875 1.18497e-08
10.6029 0.46875 -6.45132e-07
11.3883 0.46875 2.20638e-07
12.1737 0.46875 8.83246e-07
12.9591 0.46875 5.75043e-07
13.7445 0.46875 -2.81753e-07
14.5299 0.46875 -7.04288e-07
15.3153 0.46875 1.05401e-07
16.1007 0.46875 -4.54706e-08
16.8861 0.46875 -1.97611e-07
17.6715 0.46875 3.04999e-07
18.4569 0.46875 1.63347e-07
19.2423 0.46875 1.41185e-07
20.0277 0.46875 1.13714e-07
20.8131 0.46875 -8.97808e-08
21.5984 0.46875 -4.88963e-07
22.3838 0.46875 -5.64343e-07
23.1692 0.46875 4.75964e-08
23.9546 0.46875 2.12884e-07
24.74 0.46875 3.16939e-07
0.392699 0.53125 -9.44403e-08
1.1781 0.53125 2.44885e-07
1.9635 0.53125 -5.91312e-08
2.74889 0.53125 -1.87892e-07
3.53429 0.53125 -5.31572e-07
4.31969 0.53125 8.12983e-08
5.10509 0.53125 3.53664e-07
5.89049 0.53125 3.27206e-07
6.67588 0.53125 2.4167e-07
7.46128 0.53125 -3.89993e-07
8.24668 0.53125 -3.79813e-08
9.03208 0.53125 -1.45866e-07
9.81748 0.53125 -1.04519e-08
10.6029 0.53125 -5.86982e-07
11.3883 0.53125 2.2043e-07
12.1737 0.53125 8.40713e-07
12.9591 0.53125 6.31037e-07
13.7445 0.53125 -3.47256e-07
14.5299 0.53125 -7.74005e-07
15.3153 0.53125 2.19868e-07
16.1007 0.53125 -3.67365e-08
16.8861 0.53125 -2.94895e-07
17.6715 0.53125 3.95417e-07
18.4569 0.53125 1.80084e-07
19.2423 0.53125 1.19354e-07
20.0277 0.53125 1.67966e-07
20.8131 0.53125 -1.35839e-07
21.5984 0.53125 -5.29518e-07
22.3838 0.53125 -5.12605e-07
23.1692 0.53125 8.46485e-08
23.9546 0.53125 1.7695e-07
24.74 0.53125 3.23489e-07
0.392699 0.59375 -1.04918e-07
1.1781 0.59375 1.5179e-07
1.9635 0.59375 -5.71705e-08
2.74889 0.59375 -9.91541e-08
3.53429 0.59375 -4.90645e-07
4.31969 0.59375 2.44198e-08
5.10509 0.59375 4.03165e-07
5.89049 0.59375 2.88899e-07
6.67588 0.59375 2.74387e-07
7.46128 0.59375 -3.86427e-07
8.24668 0.59375 -1.52739e-07
9.03208 0.59375 -1.18524e-07
9.81748 0.59375 1.54166e-08
10.6029 0.59375 -5.18413e-07
11.3883 0.59375 1.74954e-07
12.1737 0.59375 7.63643e-07
12.9591 0.59375 6.83113e-07
13.7445 0.59375 -3.86636e-07
14.5299 0.59375 -7.92588e-07
15.3153 0.59375 3.13283e-07
16.1007 0.59375 -3.36376e-08
16.8861 0.59375 -4.53705e-07
17.6715 0.59375 4.59663e-07
18.4569 0.59375 2.74558e-07
19.2423 0.59375 8.96405e-08
20.0277 0.59375 2.38801e-07
20.8131 0.59375 -1.28322e-07
21.5984 0.59375 -6.168e-07
22.3838 0.59375 -5.37185e-07
23.1692 0.59375 1.62843e-07
23.9546 0.59375 1.50486e-07
24.74 0.59375 3.45138e-07
0.392699 0.65625 -1.59053e-07
1.1781 0.65625 7.32445e-08
1.9635 0.65625 -3.80009e-08
2.74889 0.65625 -4.47547e-08
3.53429 0.65625 -3.99987e-07
4.31969 0.65625 -4.95676e-09
5.10509 0.65625 3.44625e-07
5.89049 0.65625 2.98636e-07
6.67588 0.65625 3.52167e-07
7.46128 0.65625 -4.04169e-07
8.24668 0.65625 -2.06709e-07
9.03208 0.65625 -8.99246e-08
9.81748 0.65625 -6.46439e-08
10.6029 0.65625 -4.55233e-07
11.3883 0.65625 1.7235e-07
12.1737 0.65625 6.98274e-07
12.9591 0.65625 7.77729e-07
13.7445 0.65625 -4.3018e-07
14.5299 0.65625 -8.20076e-07
15.3153 0.65625 4.00937e-07
16.1007 0.65625 -6.30447e-08
16.8861 0.65625 -5.45617e-07
17.6715 0.65625 5.27187e-07
18.4569 0.65625 3.04438e-07
19.2423 0.65625 6.0225e-08
20.0277 0.65625 2.93489e-07
20.8131 0.65625 -1.50732e-07
21.5984 0.65625 -6.53678e-07
22.3838 0.65625 -5.08525e-07
23.1692 0.65625 2.15367e-07
23.9546 0.65625 1.36289e-07
24.74 0.65625 3.48358e-07
0.392699 0.71875 -2.04526e-07
1.1781 0.71875 -4.80317e-08
1.9635 0.71875 -3.88337e-08
2.74889 0.71875 4.47135e-08
3.53429 0.71875 -3.22413e-07
4.31969 0.71875 -5.28309e-08
5.10509 0.71875 3.10487e-07
5.89049 0.71875 2.98949e-07
6.67588 0.71875 4.54664e-07
7.46128 0.71875 -4.35157e-07
8.24668 0.71875 -2.9687e-07
9.03208 0.71875 -1.0693e-08
9.81748 0.71875 -1.05344e-07
10.6029 0.71875 -4.25927e-07
11.3883 0.71875 1.63559e-07
12.1737 0.71875 6.31086e-07
12.9591 0.71875 8.36476e-07
13.7445 0.71875 -4.21988e-07
14.5299 0.71875 -7.8511e-07
15.3153 0.71875 4.93389e-07
16.1007 0.71875 -1.00965e-07
16.8861 0.71875 -6.86054e-07
17.6715 0.71875 5.62596e-07
18.4569 0.71875 3.65772e-07
19.2423 0.71875 2.81918e-08
20.0277 0.71875 3.64862e-07
20.8131 0.71875 -1.04904e-07
21.5984 0.71875 -7.23445e-07
22.3838 0.71875 -5.53501e-07
23.1692 0.71875 2.99678e-07
23.9546 0.71875 1.28037e-07
24.74 0.71875 3.43732e-07
0.392699 0.78125 -2.61421e-07
1.1781 0.78125 -1.55545e-07
1.9635 0.78125 -3.22341e-08
2.74889 0.78125 1.15546e-07
3.53429 0.78125 -2.44089e-07
4.31969 0.78125 -6.67964e-08
5.10509 0.78125 2.14626e-07
5.89049 0.78125 3.31459e-07
6.67588 0.78125 5.39503e-07
7.46128 0.78125 -4.57328e-07
8.24668 0.78125 -3.08109e-07
9.03208 0.78125 2.25588e-08
9.81748 0.78125 -1.93532e-07
10.6029 0.78125 -3.8915e-07
11.3883 0.78125 1.51072e-07
12.1737 0.78125 5.83511e-07
12.9591 0.78125 9.4757e-07
13.7445 0.78125 -4.20806e-07
14.5299 0.78125 -7.72454e-07
15.3153 0.78125 5.63741e-07
16.1007 0.78125 -1.78895e-07
16.8861 0.78125 -7.47151e-07
17.6715 0.78125 6.09484e-07
18.4569 0.78125 3.36688e-07
19.2423 0.78125 1.81038e-08
20.0277 0.78125 4.14394e-07
20.8131 0.78125 -6.98762e-08
21.5984 0.78125 -7.46787e-07
22.3838 0.78125 -5.55702e-07
23.1692 0.78125 3.55159e-07
23.9546 0.78125 1.41815e-07
24.74 0.78125 3.22473e-07
0.392699 0.84375 -2.77524e-07
1.1781 0.84375 -2.75355e-07
1.9635 0.84375 -6.39205e-08
2.74889 0.84375 2.24848e-07
3.53429 0.84375 -2.33861e-07
4.31969 0.84375 -1.25748e-07
5.10509 0.84375 2.13864e-07
5.89049 0.84375 2.79084e-07
6.67588 0.84375 6.0279e-07
7.46128 0.84375 -4.04422e-07
8.24668 0.84375 -3.65796e-07
9.03208 0.84375 2.95382e-08
9.81748 0.84375 -1.88984e-07
10.6029 0.84375 -3.48038e-07
11.3883 0.84375 9.24486e-08
12.1737 0.84375 5.38456e-07
12.9591 0.84375 9.93531e-07
13.7445 0.84375 -4.17253e-07
14.5299 0.84375 -6.88163e-07
15.3153 0.84375 5.968e-07
16.1007 0.84375 -2.68281e-07
16.8861 0.84375 -7.99233e-07
17.6715 0.84375 6.49015e-07
18.4569 0.84375 3.53525e-07
19.2423 0.84375 -3.41433e-08
20.0277 0.84375 4.66815e-07
20.8131 0.84375 3.3661e-08
21.5984 0.84375 -7.75709e-07
22.3838 0.84375 -5.95816e-07
23.1692 0.84375 4.04456e-07
23.9546 0.84375 1.68107e-07
24.74 0.84375 3.09342e-07
0.392699 0.90625 -3.02604e-07
1.1781 0.90625 -3.35608e-07
1.9635 0.90625 -9.81179e-08
2.74889 0.90625 2.93755e-07
3.53429 0.90625 -2.10304e-07
4.31969 0.90625 -1.65709e-07
5.10509 0.90625 1.78603e-07
5.89049 0.90625 2.6633e-07
6.67588 0.90625 6.16317e-07
7.46128 0.90625 -3.47139e-07
8.24668 0.90625 -3.73431e-07
9.03208 0.90625 -2.45164e-08
9.81748 0.90625 -1.59864e-07
10.6029 0.90625 -3.06739e-07
11.3883 0.90625 6.98526e-08
12.1737 0.90625 5.19986e-07
12.9591 0.90625 9.84604e-07
13.7445 0.90625 -4.00362e-07
14.5299 0.90625 -6.16887e-07
15.3153 0.90625 5.69677e-07
16.1007 0.90625 -3.8222e-07
16.8861 0.90625 -7.56959e-07
17.6715 0.90625 6.82575e-07
18.4569 0.90625 3.03111e-07
19.2423 0.90625 -5.60632e-08
20.0277 0.90625 4.98169e-07
20.8131 0.90625 1.0275e-07
21.5984 0.90625 -8.10954e-07
22.3838 0.90625 -6.1568e-07
23.1692 0.90625 4.36175e-07
23.9546 0.90625 2.2412e-07
24.74 0.90625 2.9301e-07
0.392699 0.96875 -3.34304e-07
1.1781 0.96875 -4.13279e-07
1.9635 0.96875 -1.70666e-07
2.74889 0.96875 4.41336e-07
3.53429 0.96875 -2.0572e-07
4.31969 0.96875 -2.86417e-07
5.10509 0.96875 2.13674e-07
5.89049 0.96875 2.04563e-07
6.67588 0.96875 6.39816e-07
7.46128 0.96875 -2.78676e-07
8.24668 0.96875 -4.24773e-07
9.03208 0.96875 -7.41266e-08
9.81748 0.96875 -1.08848e-07
10.6029 0.96875 -2.27964e-07
11.3883 0.96875 4.60448e-08
12.1737 0.96875 4.75118e-07
12.9591 0.96875 9.82143e-07
13.7445 0.96875 -4.02115e-07
14.5299 0.96875 -5.35451e-07
15.3153 0.96875 5.21832e-07
16.1007 0.96875 -4.79176e-07
16.8861 0.96875 -6.78437e-07
17.6715 0.96875 6.70304e-07
18.4569 0.96875 2.96034e-07
19.2423 0.96875 -8.58833e-08
20.0277 0.96875 5.3718e-07
20.8131 0.96875 1.63788e-07
21.5984 0.96875 -8.78669e-07
22.3838 0.96875 -6.22014e-07
23.1692 0.96875 4.55716e-07
23.9546 0.96875 2.95373e-07
24.74 0.96875 3.12077e-07
0.392699 1.03125 -3.40964e-07
1.1781 1.03125 -4.4256e-07
1.9635 1.03125 -2.22728e-07
2.74889 1.03125 5.30271e-07
3.53429 1.03125 -1.76562e-07
4.31969 1.03125 -3.37806e-07
5.10509 1.03125 2.2305e-07
5.89049 1.03125 1.62272e-07
6.67588 1.03125 6.23344e-07
7.46128 1.03125 -2.31253e-07
8.24668 1.03125 -3.79055e-07
9.03208 1.03125 -1.73959e-07
9.81748 1.03125 -1.31424e-07
10.6029 1.03125 -1.39686e-07
11.3883 1.03125 6.28248e-08
12.1737 1.03125 4.98384e-07
12.9591 1.03125 9.97766e-07
13.7445 1.03125 -3.96474e-07
14.5299 1.03125 -5.03304e-07
15.3153 1.03125 4.79254e-07
16.1007 1.03125 -5.90258e-07
16.8861 1.03125 -5.63283e-07
17.6715 1.03125 6.47123e-07
18.4569 1.03125 2.34266e-07
19.2423 1.03125 -4.73258e-08
20.0277 1.03125 5.32508e-07
20.8131 1.03125 2.07607e-07
21.5984 1.03125 -9.74816e-07
22.3838 1.03125 -6.03114e-07
23.1692 1.03125 5.22371e-07
23.9546 1.03125 2.81044e-07
24.74 1.03125 3.06686e-07
0.392699 1.09375 -3.45145e-07
1.1781 1.09375 -5.21616e-07
1.9635 1.09375 -2.29338e-07
2.74889 1.09375 6.62538e-07
3.53429 1.09375 -1.86473e-07
4.31969 1.09375 -3.65126e-07
5.10509 1.09375 2.36802e-07
5.89049 1.09375 7.37211e-08
6.67588 1.09375 6.16183e-07
7.46128 1.09375 -1.76744e-07
8.24668 1.09375 -3.64219e-07
9.03208 1.09375 -2.73964e-07
9.81748 1.09375 -1.42917e-07
10.6029 1.09375 -4.12537e-10
11.3883 1.09375 2.69123e-08
12.1737 1.09375 4.8006e-07
12.9591 1.09375 1.04308e-06
13.7445 1.09375 -4.45154e-07
14.5299 1.09375 -4.36153e-07
15.3153 1.09375 4.94154e-07
16.1007 1.09375 -6.77783e-07
16.8861 1.09375 -4.9377e-07
17.6715 1.09375 6.09754e-07
18.4569 1.09375 2.43082e-07
19.2423 1.09375 -5.05692e-08
20.0277 1.09375 5.08932e-07
20.8131 1.09375 2.77504e-07
21.5984 1.09375 -1.04399e-06
22.3838 1.09375 -5.7534e-07
23.1692 1.09375 5.51668e-07
23.9546 1.09375 2.46919e-07
24.74 1.09375 3.30551e-07
0.392699 1.15625 -2.88278e-07
1.1781 1.15625 -5.41623e-07
1.9635 1.15625 -2.81789e-07
2.74889 1.15625 7.12802e-07
3.53429 1.15625 -1.65274e-07
4.31969 1.15625 -3.13173e-07
5.10509 1.15625 2.2236e-07
5.89049 1.15625 -1.72527e-08
6.67588 1.15625 5.97137e-07
7.46128 1.15625 -1.0171e-07
8.24668 1.15625 -3.04678e-07
9.03208 1.15625 -4.11769e-07
9.81748 1.15625 -2.12551e-07
10.6029 1.15625 1.1564e-07
11.3883 1.15625 4.5166e-08
12.1737 1.15625 4.91603e-07
12.9591 1.15625 1.06829e-06
13.7445 1.15625 -4.89383e-07
14.5299 1.15625 -4.14971e-07
15.3153 1.15625 5.27127e-07
16.1007 1.15625 -7.39164e-07
16.8861 1.15625 -4.07935e-07
17.6715 1.15625 5.67923e-07
18.4569 1.15625 1.82475e-07
19.2423 1.15625 8.45991e-09
20.0277 1.15625 4.42483e-07
20.8131 1.15625 3.28593e-07
21.5984 1.15625 -1.10233e-06
22.3838 1.15625 -5.52438e-07
23.1692 1.15625 6.40215e-07
23.9546 1.15625 1.53511e-07
24.74 1.15625 2.93974e-07
0.392699 1.21875 -2.58409e-07
1.1781 1.21875 -5.98974e-07
1.9635 1.21875 -3.13473e-07
2.74889 1.21875 7.99962e-07
3.53429 1.21875 -1.49421e-07
4.31969 1.21875 -2.75465e-07
5.10509 1.21875 2.1325e-07
5.89049 1.21875 -1.17741e-07
6.67588 1.21875 5.70658e-07
7.46128 1.21875 -2.97333e-08
8.24668 1.21875 -2.9898e-07
9.03208 1.21875 -4.90373e-07
9.81748 1.21875 -2.55568e-07
10.6029 1.21875 2.45384e-07
11.3883 1.21875 1.93183e-08
12.1737 1.21875 4.02285e-07
12.9591 1.21875 1.08914e-06
13.7445 1.21875 -5.10135e-07
14.5299 1.21875 -3.48423e-07
15.3153 1.21875 5.49002e-07
16.1007 1.21875 -7.54735e-07
16.8861 1.21875 -3.64768e-07
17.6715 1.21875 5.53535e-07
18.4569 1.21875 1.99312e-07
19.2423 1.21875 -3.84023e-08
20.0277 1.21875 3.59473e-07
20.8131 1.21875 3.90355e-07
21.5984 1.21875 -1.10365e-06
22.3838 1.21875 -5.03009e-07
23.1692 1.21875 6.64228e-07
23.9546 1.21875 8.85723e-08
24.74 1.21875 2.72597e-07
0.392699 1.28125 -1.88669e-07
1.1781 1.28125 -5.74277e-07
1.9635 1.28125 -3.88628e-07
2.74889 1.28125 8.12681e-07
3.53429 1.28125 -1.00744e-07
4.31969 1.28125 -2.58916e-07
5.10509 1.28125 2.35397e-07
5.89049 1.28125 -1.60182e-07
6.67588 1.28125 4.94651e-07
7.46128 1.28125 4.11326e-08
8.24668 1.28125 -2.31901e-07
9.03208 1.28125 -5.77579e-07
9.81748 1.28125 -3.50386e-07
10.6029 1.28125 3.45292e-07
11.3883 1.28125 4.40083e-08
12.1737 1.28125 3.47519e-07
12.9591 1.28125 1.1253e-06
13.7445 1.28125 -5.07296e-07
14.5299 1.28125 -3.5849e-07
15.3153 1.28125 5.48872e-07
16.1007 1.28125 -7.50023e-07
16.8861 1.28125 -2.96039e-07
17.6715 1.28125 4.83421e-07
18.4569 1.28125 1.67802e-07
19.2423 1.28125 1.20329e-08
20.0277 1.28125 2.5125e-07
20.8131 1.28125 4.00666e-07
21.5984 1.28125 -1.06933e-06
22.3838 1.28125 -4.46025e-07
23.1692 1.28125 6.83886e-07
23.9546 1.28125 4.06851e-09
24.74 1.28125 2.27493e-07
0.392699 1.34375 -1.68227e-07
1.1781 1.34375 -5.49196e-07
1.9635 1.34375 -3.90731e-07
2.74889 1.34375 8.30247e-07
3.53429 1.34375 -7.74283e-08
4.31969 1.34375 -2.84329e-07
5.10509 1.34375 2.31925e-07
5.89049 1.34375 -1.95918e-07
6.67588 1.34375 4.54132e-07
7.46128 1.34375 8.518e-08
8.24668 1.34375 -2.19605e-07
9.03208 1.34375 -5.82377e-07
9.81748 1.34375 -3.78762e-07
10.6029 1.34375 4.70389e-07
11.3883 1.34375 7.39566e-10
12.1737 1.34375 2.3607e-07
12.9591 1.34375 1.1688e-06
13.7445 1.34375 -5.31578e-07
14.5299 1.34375 -3.26657e-07
15.3153 1.34375 5.66626e-07
16.1007 1.34375 -6.93452e-07
16.8861 1.34375 -2.47029e-07
17.6715 1.34375 3.82912e-07
18.4569 1.34375 1.73735e-07
19.2423 1.34375 6.72788e-10
20.0277 1.34375 1.50635e-07
20.8131 1.34375 4.1329e-07
21.5984 1.34375 -9.86385e-07
22.3838 1.34375 -3.80051e-07
23.1692 1.34375 6.51077e-07
23.9546 1.34375 -3.60611e-08
24.74 1.34375 1.87075e-07
0.392699 1.40625 -1.22724e-07
1.1781 1.40625 -4.34734e-07
1.9635 1.40625 -3.9106e-07
2.74889 1.40625 7.77468e-07
3.53429 1.40625 -6.05674e-08
4.31969 1.40625 -3.28076e-07
5.10509 1.40625 2.32107e-07
5.89049 1.40625 -1.57662e-07
6.67588 1.40625 3.97056e-07
7.46128 1.40625 1.00467e-07
8.24668 1.40625 -1.73454e-07
9.03208 1.40625 -6.05965e-07
9.81748 1.40625 -4.26722e-07
10.6029 1.40625 5.74951e-07
11.3883 1.40625 1.72315e-08
12.1737 1.40625 1.5794e-07
12.9591 1.40625 1.18955e-06
13.7445 1.40625 -5.3458e-07
14.5299 1.40625 -3.30374e-07
15.3153 1.40625 5.65404e-07
16.1007 1.40625 -6.35471e-07
16.8861 1.40625 -1.72044e-07
17.6715 1.40625 2.22304e-07
18.4569 1.40625 1.14045e-07
19.2423 1.40625 7.93532e-08
20.0277 1.40625 1.1206e-07
20.8131 1.40625 3.826e-07
21.5984 1.40625 -9.36257e-07
22.3838 1.40625 -3.19529e-07
23.1692 1.40625 6.09057e-07
23.9546 1.40625 -8.8601e-08
24.74 1.40625 1.21587e-07
0.392699 1.46875 -1.0563e-07
1.1781 1.46875 -3.06362e-07
1.9635 1.46875 -3.61731e-07
2.74889 1.46875 7.47683e-07
3.53429 1.46875 -7.14297e-08
4.31969 1.46875 -3.67215e-07
5.10509 1.46875 1.90315e-07
5.89049 1.46875 -1.16044e-07
6.67588 1.46875 3.73762e-07
7.46128 1.46875 6.43964e-08
8.24668 1.46875 -1.73192e-07
9.03208 1.46875 -5.6812e-07
9.81748 1.46875 -3.97544e-07
10.6029 1.46875 6.50099e-07
11.3883 1.46875 -3.65343e-10
12.1737 1.46875 1.03181e-07
12.9591 1.46875 1.19365e-06
13.7445 1.46875 -6.02258e-07
14.5299 1.46875 -3.39805e-07
15.3153 1.46875 6.00622e-07
16.1007 1.46875 -5.23241e-07
16.8861 1.46875 -9.50394e-08
17.6715 1.46875 6.71148e-08
18.4569 1.46875 7.76829e-08
19.2423 1.46875 1.09582e-07
20.0277 1.46875 1.00072e-07
20.8131 1.46875 3.5689e-07
21.5984 1.46875 -9.07424e-07
22.3838 1.46875 -2.74873e-07
23.1692 1.46875 5.48012e-07
23.9546 1.46875 -7.82001e-08
24.74 1.46875 3.66358e-08
0.392699 1.53125 -7.07782e-08
1.1781 1.53125 -1.4056e-07
1.9635 1.53125 -3.34802e-07
2.74889 1.53125 6.74441e-07
3.53429 1.53125 -7.35499e-08
4.31969 1.53125 -3.82668e-07
5.10509 1.53125 1.44668e-07
5.89049 1.53125 -3.55447e-08
6.67588 1.53125 3.31664e-07
7.46128 1.53125 1.73158e-08
8.24668 1.53125 -1.56366e-07
9.03208 1.53125 -5.49743e-07
9.81748 1.53125 -3.40528e-07
10.6029 1.53125 6.61207e-07
11.3883 1.53125 -8.69347e-09
12.1737 1.53125 1.28411e-07
12.9591 1.53125 1.18551e-06
13.7445 1.53125 -6.71426e-07
14.5299 1.53125 -3.47796e-07
15.3153 1.53125 6.48094e-07
16.1007 1.53125 -4.35438e-07
16.8861 1.53125 -3.50924e-08
17.6715 1.53125 -1.01008e-07
18.4569 1.53125 3.1097e-08
19.2423 1.53125 1.7925e-07
20.0277 1.53125 1.16922e-07
20.8131 1.53125 3.11949e-07
21.5984 1.53125 -9.14803e-07
22.3838 1.53125 -2.17803e-07
23.1692 1.53125 5.02265e-07
23.9546 1.53125 -8.87443e-08
24.74 1.53125 -6.34083e-08
0.392699 1.59375 -4.39643e-08
1.1781 1.59375 -2.05398e-08
1.9635 1.59375 -3.15497e-07
2.74889 1.59375 6.08943e-07
3.53429 1.59375 -5.36806e-08
4.31969 1.59375 -3.72462e-07
5.10509 1.59375 3.10333e-08
5.89049 1.59375 2.94094e-08
6.67588 1.59375 3.2396e-07
7.46128 1.59375 -3.33017e-08
8.24668 1.59375 -1.80297e-07
9.03208 1.59375 -5.21617e-07
9.81748 1.59375 -2.2857e-07
10.6029 1.59375 6.39181e-07
11.3883 1.59375 -3.18614e-08
12.1737 1.59375 1.67996e-07
12.9591 1.59375 1.13316e-06
13.7445 1.59375 -7.53872e-07
14.5299 1.59375 -3.13348e-07
15.3153 1.59375 7.20661e-07
16.1007 1.59375 -3.11791e-07
16.8861 1.59375 2.76277e-08
17.6715 1.59375 -2.38303e-07
18.4569 1.59375 -4.25933e-09
19.2423 1.59375 1.78396e-07
20.0277 1.59375 1.04386e-07
20.8131 1.59375 2.92019e-07
21.5984 1.59375 -9.13601e-07
22.3838 1.59375 -1.55027e-07
23.1692 1.59375 4.90192e-07
23.9546 1.59375 -1.01306e-07
24.74 1.59375 -1.57704e-07
0.392699 1.65625 -4.05602e-08
1.1781 1.65625 1.12301e-07
1.9635 1.65625 -2.60063e-07
2.74889 1.65625 5.50155e-07
3.53429 1.65625 -4.25698e-08
4.31969 1.65625 -3.97667e-07
5.10509 1.65625 -4.60821e-08
5.89049 1.65625 1.135e-07
6.67588 1.65625 2.91101e-07
7.46128 1.65625 -4.98499e-08
8.24668 1.65625 -1.87796e-07
9.03208 1.65625 -5.02337e-07
9.81748 1.65625 -1.25795e-07
10.6029 1.65625 5.08163e-07
11.3883 1.65625 -1.24473e-08
12.1737 1.65625 2.60481e-07
12.9591 1.65625 1.02135e-06
13.7445 1.65625 -8.21671e-07
14.5299 1.65625 -2.53145e-07
15.3153 1.65625 7.79686e-07
16.1007 1.65625 -2.3408e-07
16.8861 1.65625 7.35651e-08
17.6715 1.65625 -3.22486e-07
18.4569 1.65625 -3.93236e-08
19.2423 1.65625 1.78193e-07
20.0277 1.65625 1.16362e-07
20.8131 1.65625 2.75739e-07
21.5984 1.65625 -9.37916e-07
22.3838 1.65625 -1.00849e-07
23.1692 1.65625 4.84559e-07
23.9546 1.65625 -1.5027e-07
24.74 1.65625 -2.41555e-07
0.392699 1.71875 -4.17586e-08
1.1781 1.71875 1.62469e-07
1.9635 1.71875 -2.16961e-07
2.74889 1.71875 5.39325e-07
3.53429 1.71875 -2.48246e-08
4.31969 1.71875 -4.36498e-07
5.10509 1.71875 -9.70747e-08
5.89049 1.71875 1.58701e-07
6.67588 1.71875 2.79581e-07
7.46128 1.71875 -3.70429e-08
8.24668 1.71875 -2.00336e-07
9.03208 1.71875 -4.63497e-07
9.81748 1.71875 -5.19788e-08
10.6029 1.71875 3.7752e-07
11.3883 1.71875 4.61486e-08
12.1737 1.71875 3.13713e-07
12.9591 1.71875 8.66631e-07
13.7445 1.71875 -8.39265e-07
14.5299 1.71875 -1.64661e-07
15.3153 1.71875 7.82346e-07
16.1007 1.71875 -1.76809e-07
16.8861 1.71875 1.32423e-07
17.6715 1.71875 -3.41856e-07
18.4569 1.71875 -8.95151e-08
19.2423 1.71875 1.18975e-07
20.0277 1.71875 1.55057e-07
20.8131 1.71875 2.51093e-07
21.5984 1.71875 -9.35254e-07
22.3838 1.71875 -5.02583e-08
23.1692 1.71875 4.7515e-07
23.9546 1.71875 -1.93567e-07
24.74 1.71875 -2.94069e-07
0.392699 1.78125 -7.13994e-08
1.1781 1.78125 1.98164e-07
1.9635 1.78125 -1.30091e-07
2.74889 1.78125 5.53549e-07
3.53429 1.78125 -5.82505e-08
4.31969 1.78125 -5.04952e-07
5.10509 1.78125 -7.54712e-08
5.89049 1.78125 2.08116e-07
6.67588 1.78125 2.38684e-07
7.46128 1.78125 -1.84268e-08
8.24668 1.78125 -1.89905e-07
9.03208 1.78125 -4.15947e-07
9.81748 1.78125 -4.88418e-09
10.6029 1.78125 2.26642e-07
11.3883 1.78125 1.00315e-07
12.1737 1.78125 3.7581e-07
12.9591 1.78125 7.00103e-07
13.7445 1.78125 -8.2302e-07
14.5299 1.78125 -3.64779e-08
15.3153 1.78125 7.43597e-07
16.1007 1.78125 -1.40006e-07
16.8861 1.78125 1.99359e-07
17.6715 1.78125 -3.68487e-07
18.4569 1.78125 -1.46188e-07
19.2423 1.78125 9.17496e-08
20.0277 1.78125 2.07291e-07
20.8131 1.78125 1.95869e-07
21.5984 1.78125 -9.51206e-07
22.3838 1.78125 2.27175e-08
23.1692 1.78125 4.61333e-07
23.9546 1.78125 -2.72715e-07
24.74 1.78125 -3.10109e-07
0.392699 1.84375 -8.15895e-08
1.1781 1.84375 1.97344e-07
1.9635 1.84375 -5.13817e-08
2.74889 1.84375 5.67161e-07
3.53429 1.84375 -1.374e-07
4.31969 1.84375 -5.61673e-07
5.10509 1.84375 -4.80483e-09
5.89049 1.84375 2.29153e-07
6.67588 1.84375 2.03786e-07
7.46128 1.84375 1.15629e-08
8.24668 1.84375 -1.97882e-07
9.03208 1.84375 -3.63901e-07
9.81748 1.84375 1.40581e-08
10.6029 1.84375 1.30883e-07
11.3883 1.84375 1.60312e-07
12.1737 1.84375 4.02789e-07
12.9591 1.84375 5.44323e-07
13.7445 1.84375 -7.87439e-07
14.5299 1.84375 9.80107e-08
15.3153 1.84375 6.74026e-07
16.1007 1.84375 -1.19687e-07
16.8861 1.84375 2.52681e-07
17.6715 1.84375 -4.06972e-07
18.4569 1.84375 -1.76868e-07
19.2423 1.84375 7.7373e-08
20.0277 1.84375 2.36044e-07
20.8131 1.84375 1.30162e-07
21.5984 1.84375 -9.32459e-07
22.3838 1.84375 9.33594e-08
23.1692 1.84375 4.19242e-07
23.9546 1.84375 -3.23769e-07
24.74 1.84375 -3.0084e-07
0.392699 1.90625 -6.80216e-08
1.1781 1.90625 1.93334e-07
1.9635 1.90625 2.00779e-08
2.74889 1.90625 4.9689e-07
3.53429 1.90625 -2.15692e-07
4.31969 1.90625 -5.01685e-07
5.10509 1.90625 8.03561e-08
5.89049 1.90625 2.10721e-07
6.67588 1.90625 1.54531e-07
7.46128 1.90625 1.21056e-09
8.24668 1.90625 -1.98712e-07
9.03208 1.90625 -2.95467e-07
9.81748 1.90625 3.11857e-08
10.6029 1.90625 7.79793e-08
11.3883 1.90625 1.90676e-07
12.1737 1.90625 3.80561e-07
12.9591 1.90625 3.74709e-07
13.7445 1.90625 -7.01597e-07
14.5299 1.90625 2.01523e-07
15.3153 1.90625 5.60782e-07
16.1007 1.90625 -1.22168e-07
16.8861 1.90625 2.37734e-07
17.6715 1.90625 -4.0935e-07
18.4569 1.90625 -1.52414e-07
19.2423 1.90625 9.99433e-08
20.0277 1.90625 2.16616e-07
20.8131 1.90625 3.60112e-08
21.5984 1.90625 -8.27167e-07
22.3838 1.90625 1.77738e-07
23.1692 1.90625 3.34221e-07
23.9546 1.90625 -3.60616e-07
24.74 1.90625 -2.46241e-07
0.392699 1.96875 1.5426e-08
1.1781 1.96875 1.11409e-07
1.9635 1.96875 -8.88129e-09
2.74889 1.96875 2.29736e-07
3.53429 1.96875 -1.25043e-07
4.31969 1.96875 -2.18303e-07
5.10509 1.96875 4.64339e-08
5.89049 1.96875 1.0961e-07
6.67588 1.96875 7.34181e-08
7.46128 1.96875 -1.56845e-08
8.24668 1.96875 -1.0127e-07
9.03208 1.96875 -1.58091e-07
9.81748 1.96875 4.32798e-08
10.6029 1.96875 6.44605e-08
11.3883 1.96875 8.13552e-08
12.1737 1.96875 2.00583e-07
12.9591 1.96875 1.76091e-07
13.7445 1.96875 -3.90065e-07
14.5299 1.96875 1.54477e-07
15.3153 1.96875 3.03208e-07
16.1007 1.96875 -1.11819e-07
16.8861 1.96875 9.32744e-08
17.6715 1.96875 -2.44571e-07
18.4569 1.96875 -3.54049e-08
19.2423 1.96875 9.60242e-08
20.0277 1.96875 1.02595e-07
20.8131 1.96875 -2.14577e-08
21.5984 1.96875 -4.27187e-07
22.3838 1.96875 1.57617e-07
23.1692 1.96875 1.49762e-07
23.9546 1.96875 -2.35752e-07
24.74 1.96875 -1.33373e-07
