0.392699 0.03125 -3.52554e-08
0.392699 0.09375 -5.05416e-08
0.392699 0.15625 -4.34472e-08
0.392699 0.21875 -3.04997e-08
0.392699 0.28125 -2.80978e-08
0.392699 0.34375 -3.06148e-08
0.392699 0.40625 -5.07202e-08
0.392699 0.46875 -6.0392e-08
0.392699 0.53125 -6.61423e-08
0.392699 0.59375 -6.81474e-08
0.392699 0.65625 -9.53458e-08
0.392699 0.71875 -1.20843e-07
0.392699 0.78125 -1.49782e-07
0.392699 0.84375 -1.55473e-07
0.392699 0.90625 -1.66267e-07
0.392699 0.96875 -1.7455e-07
0.392699 1.03125 -1.75377e-07
0.392699 1.09375 -1.6014e-07
0.392699 1.15625 -1.23012e-07
0.392699 1.21875 -8.86e-08
0.392699 1.28125 -5.07526e-08
0.392699 1.34375 -3.89226e-08
0.392699 1.40625 -3.46401e-08
0.392699 1.46875 -4.88995e-08
0.392699 1.53125 -6.27589e-08
0.392699 1.59375 -7.78873e-08
0.392699 1.65625 -1.0377e-07
0.392699 1.71875 -1.2329e-07
0.392699 1.78125 -1.45244e-07
0.392699 1.84375 -1.40493e-07
0.392699 1.90625 -9.38041e-08
0.392699 1.96875 1.94173e-09
1.1781 0.03125 1.30263e-07
1.1781 0.09375 2.695e-07
1.1781 0.15625 3.29797e-07
1.1781 0.21875 3.43523e-07
1.1781 0.28125 3.61984e-07
1.1781 0.34375 3.56007e-07
1.1781 0.40625 3.40569e-07
1.1781 0.46875 2.8465e-07
1.1781 0.53125 2.17415e-07
1.1781 0.59375 1.3325e-07
1.1781 0.65625 4.29339e-08
1.1781 0.71875 -6.83023e-08
1.1781 0.78125 -1.77261e-07
1.1781 0.84375 -2.76001e-07
1.1781 0.90625 -3.39502e-07
1.1781 0.96875 -3.9472e-07
1.1781 1.03125 -4.25504e-07
1.1781 1.09375 -4.74872e-07
1.1781 1.15625 -4.8757e-07
1.1781 1.21875 -5.07727e-07
1.1781 1.28125 -4.74612e-07
1.1781 1.34375 -4.31794e-07
1.1781 1.40625 -3.32356e-07
1.1781 1.46875 -2.14948e-07
1.1781 1.53125 -7.58585e-08
1.1781 1.59375 4.00653e-08
1.1781 1.65625 1.41136e-07
1.1781 1.71875 1.88555e-07
1.1781 1.78125 2.04623e-07
1.1781 1.84375 1.9679e-07
1.1781 1.90625 1.75067e-07
1.1781 1.96875 9.67639e-08
1.9635 0.03125 -1.20469e-07
1.9635 0.09375 -9.18319e-08
1.9635 0.15625 -3.71077e-08
1.9635 0.21875 -1.31441e-08
1.9635 0.28125 8.9341e-09
1.9635 0.34375 1.59987e-08
1.9635 0.40625 2.88183e-08
1.9635 0.46875 1.04075e-08
1.9635 0.53125 -1.90773e-09
1.9635 0.59375 -2.40652e-08
1.9635 0.65625 -3.79727e-08
1.9635 0.71875 -7.00691e-08
1.9635 0.78125 -1.04093e-07
1.9635 0.84375 -1.67163e-07
1.9635 0.90625 -2.33061e-07
1.9635 0.96875 -3.26744e-07
1.9635 1.03125 -3.98045e-07
1.9635 1.09375 -4.51208e-07
1.9635 1.15625 -5.07987e-07
1.9635 1.21875 -5.61219e-07
1.9635 1.28125 -6.09702e-07
1.9635 1.34375 -6.11962e-07
1.9635 1.40625 -5.82266e-07
1.9635 1.46875 -5.29087e-07
1.9635 1.53125 -4.65077e-07
1.9635 1.59375 -4.05998e-07
1.9635 1.65625 -3.31342e-07
1.9635 1.71875 -2.6987e-07
1.9635 1.78125 -1.92679e-07
1.9635 1.84375 -1.19505e-07
1.9635 1.90625 -5.29289e-08
1.9635 1.96875 -4.67234e-08
2.74889 0.03125 -2.35959e-07
2.74889 0.09375 -5.08006e-07
2.74889 0.15625 -5.55316e-07
2.74889 0.21875 -5.02447e-07
2.74889 0.28125 -4.38554e-07
2.74889 0.34375 -3.43607e-07
2.74889 0.40625 -2.60913e-07
2.74889 0.46875 -1.66552e-07
2.74889 0.53125 -8.86528e-08
2.74889 0.59375 -1.99302e-08
2.74889 0.65625 2.74698e-08
2.74889 0.71875 8.81957e-08
2.74889 0.78125 1.47115e-07
2.74889 0.84375 2.27569e-07
2.74889 0.90625 2.96932e-07
2.74889 0.96875 3.99886e-07
2.74889 1.03125 4.81835e-07
2.74889 1.09375 5.82866e-07
2.74889 1.15625 6.36468e-07
2.74889 1.21875 6.93269e-07
2.74889 1.28125 7.00918e-07
2.74889 1.34375 7.03497e-07
2.74889 1.40625 6.68466e-07
2.74889 1.46875 6.39324e-07
2.74889 1.53125 5.85976e-07
2.74889 1.59375 5.32136e-07
2.74889 1.65625 4.93267e-07
2.74889 1.71875 4.88071e-07
2.74889 1.78125 5.13174e-07
2.74889 1.84375 5.30489e-07
2.74889 1.90625 4.57801e-07
2.74889 1.96875 1.91426e-07
3.53429 0.03125 -1.13841e-07
3.53429 0.09375 -3.42427e-07
3.53429 0.15625 -4.55315e-07
3.53429 0.21875 -5.05357e-07
3.53429 0.28125 -5.49977e-07
3.53429 0.34375 -5.83322e-07
3.53429 0.40625 -6.01277e-07
3.53429 0.46875 -5.82622e-07
3.53429 0.53125 -5.42628e-07
3.53429 0.59375 -4.73304e-07
3.53429 0.65625 -3.77427e-07
3.53429 0.71875 -2.80422e-07
3.53429 0.78125 -1.96485e-07
3.53429 0.84375 -1.44474e-07
3.53429 0.90625 -9.79487e-08
3.53429 0.96875 -4.66147e-08
3.53429 1.03125 6.24568e-10
3.53429 1.09375 2.69751e-08
3.53429 1.15625 4.73365e-08
3.53429 1.21875 7.11141e-08
3.53429 1.28125 1.05238e-07
3.53429 1.34375 1.30572e-07
3.53429 1.40625 1.41185e-07
3.53429 1.46875 1.34443e-07
3.53429 1.53125 1.24052e-07
3.53429 1.59375 1.24262e-07
3.53429 1.65625 1.27895e-07
3.53429 1.71875 1.3569e-07
3.53429 1.78125 1.11481e-07
3.53429 1.84375 4.37372e-08
3.53429 1.90625 -4.51139e-08
3.53429 1.96875 -3.74781e-08
4.31969 0.03125 7.43382e-08
4.31969 0.09375 9.28069e-08
4.31969 0.15625 3.68024e-08
4.31969 0.21875 -9.6831e-09
4.31969 0.28125 -3.04412e-08
4.31969 0.34375 -4.47806e-08
4.31969 0.40625 -4.94732e-08
4.31969 0.46875 -7.05138e-08
4.31969 0.53125 -8.08172e-08
4.31969 0.59375 -1.17558e-07
4.31969 0.65625 -1.29105e-07
4.31969 0.71875 -1.45323e-07
4.31969 0.78125 -1.44797e-07
4.31969 0.84375 -1.8368e-07
4.31969 0.90625 -2.24992e-07
4.31969 0.96875 -3.11885e-07
4.31969 1.03125 -3.59435e-07
4.31969 1.09375 -3.79825e-07
4.31969 1.15625 -3.45446e-07
4.31969 1.21875 -3.12302e-07
4.31969 1.28125 -2.96769e-07
4.31969 1.34375 -3.12128e-07
4.31969 1.40625 -3.4345e-07
4.31969 1.46875 -3.69867e-07
4.31969 1.53125 -3.7541e-07
4.31969 1.59375 -3.58947e-07
4.31969 1.65625 -3.65817e-07
4.31969 1.71875 -3.94391e-07
4.31969 1.78125 -4.56084e-07
4.31969 1.84375 -5.07736e-07
4.31969 1.90625 -4.49202e-07
4.31969 1.96875 -1.75171e-07
5.10509 0.03125 1.57447e-07
5.10509 0.09375 3.05288e-07
5.10509 0.15625 3.28268e-07
5.10509 0.21875 3.33293e-07
5.10509 0.28125 3.11448e-07
5.10509 0.34375 3.08788e-07
5.10509 0.40625 2.84727e-07
5.10509 0.46875 2.99471e-07
5.10509 0.53125 2.99178e-07
5.10509 0.59375 3.14012e-07
5.10509 0.65625 2.70056e-07
5.10509 0.71875 2.21266e-07
5.10509 0.78125 1.48168e-07
5.10509 0.84375 1.2453e-07
5.10509 0.90625 9.72481e-08
5.10509 0.96875 1.04586e-07
5.10509 1.03125 1.13427e-07
5.10509 1.09375 1.31647e-07
5.10509 1.15625 1.46505e-07
5.10509 1.21875 1.63964e-07
5.10509 1.28125 1.86469e-07
5.10509 1.34375 1.86941e-07
5.10509 1.40625 1.68306e-07
5.10509 1.46875 1.19131e-07
5.10509 1.53125 5.2262e-08
5.10509 1.59375 -4.81582e-08
5.10509 1.65625 -1.35334e-07
5.10509 1.71875 -1.91652e-07
5.10509 1.78125 -1.93403e-07
5.10509 1.84375 -1.41315e-07
5.10509 1.90625 -5.45733e-08
5.10509 1.96875 -2.11312e-08
5.89049 0.03125 1.02391e-07
5.89049 0.09375 2.89073e-07
5.89049 0.15625 3.89279e-07
5.89049 0.21875 4.22302e-07
5.89049 0.28125 4.24957e-07
5.89049 0.34375 4.12979e-07
5.89049 0.40625 3.96068e-07
5.89049 0.46875 3.64598e-07
5.89049 0.53125 3.25791e-07
5.89049 0.59375 2.93982e-07
5.89049 0.65625 2.73625e-07
5.89049 0.71875 2.5116e-07
5.89049 0.78125 2.34327e-07
5.89049 0.84375 1.8789e-07
5.89049 0.90625 1.55595e-07
5.89049 0.96875 1.07165e-07
5.89049 1.03125 6.32557e-08
5.89049 1.09375 -6.10292e-09
5.89049 1.15625 -8.2427e-08
5.89049 1.21875 -1.55779e-07
5.89049 1.28125 -1.86246e-07
5.89049 1.34375 -2.00664e-07
5.89049 1.40625 -1.686e-07
5.89049 1.46875 -1.28402e-07
5.89049 1.53125 -6.67314e-08
5.89049 1.59375 -1.69225e-08
5.89049 1.65625 4.38707e-08
5.89049 1.71875 8.88334e-08
5.89049 1.78125 1.41586e-07
5.89049 1.84375 1.79138e-07
5.89049 1.90625 1.78193e-07
5.89049 1.96875 8.53006e-08
6.67588 0.03125 4.0619e-09
6.67588 0.09375 -9.81213e-09
6.67588 0.15625 3.53123e-08
6.67588 0.21875 6.69862e-08
6.67588 0.28125 1.31908e-07
6.67588 0.34375 1.88308e-07
6.67588 0.40625 2.6818e-07
6.67588 0.46875 3.20215e-07
6.67588 0.53125 3.60597e-07
6.67588 0.59375 3.96407e-07
6.67588 0.65625 4.67328e-07
6.67588 0.71875 5.58002e-07
6.67588 0.78125 6.38358e-07
6.67588 0.84375 6.81535e-07
6.67588 0.90625 6.89716e-07
6.67588 0.96875 6.84877e-07
6.67588 1.03125 6.57767e-07
6.67588 1.09375 6.22876e-07
6.67588 1.15625 5.74632e-07
6.67588 1.21875 5.15302e-07
6.67588 1.28125 4.38352e-07
6.67588 1.34375 3.82833e-07
6.67588 1.40625 3.3973e-07
6.67588 1.46875 3.2332e-07
6.67588 1.53125 3.10929e-07
6.67588 1.59375 3.13463e-07
6.67588 1.65625 3.04918e-07
6.67588 1.71875 2.95713e-07
6.67588 1.78125 2.69488e-07
6.67588 1.84375 2.33933e-07
6.67588 1.90625 1.76464e-07
6.67588 1.96875 8.14113e-08
7.46128 0.03125 -2.17454e-08
7.46128 0.09375 -8.1096e-08
7.46128 0.15625 -1.37363e-07
7.46128 0.21875 -1.8299e-07
7.46128 0.28125 -2.22227e-07
7.46128 0.34375 -2.6822e-07
7.46128 0.40625 -3.03295e-07
7.46128 0.46875 -3.21271e-07
7.46128 0.53125 -3.1953e-07
7.46128 0.59375 -2.99841e-07
7.46128 0.65625 -2.88202e-07
7.46128 0.71875 -2.77656e-07
7.46128 0.78125 -2.63153e-07
7.46128 0.84375 -2.05854e-07
7.46128 0.90625 -1.4697e-07
7.46128 0.96875 -8.25473e-08
7.46128 1.03125 -4.29253e-08
7.46128 1.09375 -5.53243e-11
7.46128 1.15625 4.87737e-08
7.46128 1.21875 1.00056e-07
7.46128 1.28125 1.37841e-07
7.46128 1.34375 1.62537e-07
7.46128 1.40625 1.58517e-07
7.46128 1.46875 1.26139e-07
7.46128 1.53125 8.04995e-08
7.46128 1.59375 4.23516e-08
7.46128 1.65625 2.45092e-08
7.46128 1.71875 2.94013e-08
7.46128 1.78125 3.6133e-08
7.46128 1.84375 4.39656e-08
7.46128 1.90625 2.25281e-08
7.46128 1.96875 -8.55317e-09
8.24668 0.03125 8.7039e-08
8.24668 0.09375 2.05098e-07
8.24668 0.15625 2.36087e-07
8.24668 0.21875 2.22951e-07
8.24668 0.28125 1.76232e-07
8.24668 0.34375 1.17179e-07
8.24668 0.40625 6.02377e-08
8.24668 0.46875 -2.68811e-08
8.24668 0.53125 -9.81239e-08
8.24668 0.59375 -1.92293e-07
8.24668 0.65625 -2.63104e-07
8.24668 0.71875 -3.45242e-07
8.24668 0.78125 -3.81726e-07
8.24668 0.84375 -4.1588e-07
8.24668 0.90625 -4.15749e-07
8.24668 0.96875 -4.18598e-07
8.24668 1.03125 -3.6666e-07
8.24668 1.09375 -3.13975e-07
8.24668 1.15625 -2.37567e-07
8.24668 1.21875 -1.88304e-07
8.24668 1.28125 -1.19389e-07
8.24668 1.34375 -8.56246e-08
8.24668 1.40625 -4.98907e-08
8.24668 1.46875 -4.95894e-08
8.24668 1.53125 -5.17049e-08
8.24668 1.59375 -7.57105e-08
8.24668 1.65625 -9.20147e-08
8.24668 1.71875 -1.06267e-07
8.24668 1.78125 -1.10701e-07
8.24668 1.84375 -1.23334e-07
8.24668 1.90625 -1.28234e-07
8.24668 1.96875 -6.02452e-08
9.03208 0.03125 -1.28413e-07
9.03208 0.09375 -2.10454e-07
9.03208 0.15625 -2.10606e-07
9.03208 0.21875 -1.93936e-07
9.03208 0.28125 -1.76938e-07
9.03208 0.34375 -1.53884e-07
9.03208 0.40625 -1.46178e-07
9.03208 0.46875 -1.40959e-07
9.03208 0.53125 -1.51239e-07
9.03208 0.59375 -1.46146e-07
9.03208 0.65625 -1.16315e-07
9.03208 0.71875 -6.51208e-08
9.03208 0.78125 -2.94938e-08
9.03208 0.84375 -3.43327e-08
9.03208 0.90625 -8.17548e-08
9.03208 0.96875 -1.45874e-07
9.03208 1.03125 -2.23593e-07
9.03208 1.09375 -3.09473e-07
9.03208 1.15625 -4.00922e-07
9.03208 1.21875 -4.65947e-07
9.03208 1.28125 -5.09709e-07
9.03208 1.34375 -5.16519e-07
9.03208 1.40625 -5.17035e-07
9.03208 1.46875 -4.9879e-07
9.03208 1.53125 -4.89826e-07
9.03208 1.59375 -4.87807e-07
9.03208 1.65625 -4.86607e-07
9.03208 1.71875 -4.68708e-07
9.03208 1.78125 -4.34446e-07
9.03208 1.84375 -3.87289e-07
9.03208 1.90625 -3.10298e-07
9.03208 1.96875 -1.5701e-07
9.81748 0.03125 -1.1083e-07
9.81748 0.09375 -1.19213e-07
9.81748 0.15625 -9.31217e-08
9.81748 0.21875 -5.06021e-08
9.81748 0.28125 -1.44579e-08
9.81748 0.34375 3.23029e-08
9.81748 0.40625 5.66549e-08
9.81748 0.46875 9.2647e-08
9.81748 0.53125 8.05166e-08
9.81748 0.59375 7.47258e-08
9.81748 0.65625 1.69941e-08
9.81748 0.71875 -2.67466e-08
9.81748 0.78125 -8.83096e-08
9.81748 0.84375 -1.03229e-07
9.81748 0.90625 -9.87195e-08
9.81748 0.96875 -9.28328e-08
9.81748 1.03125 -1.35186e-07
9.81748 1.09375 -1.96446e-07
9.81748 1.15625 -2.91598e-07
9.81748 1.21875 -3.78804e-07
9.81748 1.28125 -4.79326e-07
9.81748 1.34375 -5.39753e-07
9.81748 1.40625 -5.86763e-07
9.81748 1.46875 -5.71152e-07
9.81748 1.53125 -5.11719e-07
9.81748 1.59375 -4.07295e-07
9.81748 1.65625 -2.90261e-07
9.81748 1.71875 -1.89248e-07
9.81748 1.78125 -1.08219e-07
9.81748 1.84375 -5.39925e-08
9.81748 1.90625 -7.55456e-09
9.81748 1.96875 2.28395e-08
10.6029 0.03125 -2.55375e-07
10.6029 0.09375 -5.19878e-07
10.6029 0.15625 -6.26077e-07
10.6029 0.21875 -6.61753e-07
10.6029 0.28125 -6.70501e-07
10.6029 0.34375 -6.61064e-07
10.6029 0.40625 -6.49855e-07
10.6029 0.46875 -6.29573e-07
10.6029 0.53125 -5.81166e-07
10.6029 0.59375 -5.14744e-07
10.6029 0.65625 -4.66719e-07
10.6029 0.71875 -4.36219e-07
10.6029 0.78125 -4.07197e-07
10.6029 0.84375 -3.60707e-07
10.6029 0.90625 -3.07132e-07
10.6029 0.96875 -2.27438e-07
10.6029 1.03125 -1.42957e-07
10.6029 1.09375 -2.62947e-08
10.6029 1.15625 7.20791e-08
10.6029 1.21875 1.77533e-07
10.6029 1.28125 2.61051e-07
10.6029 1.34375 3.66038e-07
10.6029 1.40625 4.51918e-07
10.6029 1.46875 5.23118e-07
10.6029 1.53125 5.50383e-07
10.6029 1.59375 5.42e-07
10.6029 1.65625 4.54668e-07
10.6029 1.71875 3.41948e-07
10.6029 1.78125 2.17151e-07
10.6029 1.84375 1.28147e-07
10.6029 1.90625 8.28484e-08
10.6029 1.96875 7.37646e-08
11.3883 0.03125 1.45352e-07
11.3883 0.09375 9.23766e-08
11.3883 0.15625 -9.23436e-09
11.3883 0.21875 -6.73678e-08
11.3883 0.28125 -7.58802e-08
11.3883 0.34375 -6.42149e-08
11.3883 0.40625 -5.05669e-08
11.3883 0.46875 -3.79296e-08
11.3883 0.53125 -2.95364e-08
11.3883 0.59375 -3.7211e-08
11.3883 0.65625 -2.79293e-08
11.3883 0.71875 -2.20812e-08
11.3883 0.78125 -2.40228e-08
11.3883 0.84375 -4.81416e-08
11.3883 0.90625 -5.83729e-08
11.3883 0.96875 -5.54455e-08
11.3883 1.03125 -3.64861e-08
11.3883 1.09375 -2.76213e-08
11.3883 1.15625 5.52102e-10
11.3883 1.21875 2.37357e-08
11.3883 1.28125 6.03306e-08
11.3883 1.34375 7.55984e-08
11.3883 1.40625 1.06601e-07
11.3883 1.46875 1.13063e-07
11.3883 1.53125 1.01159e-07
11.3883 1.59375 7.47599e-08
11.3883 1.65625 5.68179e-08
11.3883 1.71875 6.75593e-08
11.3883 1.78125 8.17955e-08
11.3883 1.84375 1.09081e-07
11.3883 1.90625 1.16431e-07
11.3883 1.96875 3.36825e-08
12.1737 0.03125 4.08455e-07
12.1737 0.09375 7.95024e-07
12.1737 0.15625 8.60449e-07
12.1737 0.21875 8.33661e-07
12.1737 0.28125 8.04599e-07
12.1737 0.34375 7.86288e-07
12.1737 0.40625 7.781e-07
12.1737 0.46875 7.51287e-07
12.1737 0.53125 6.98051e-07
12.1737 0.59375 6.16625e-07
12.1737 0.65625 5.36782e-07
12.1737 0.71875 4.62016e-07
12.1737 0.78125 3.94954e-07
12.1737 0.84375 3.38807e-07
12.1737 0.90625 3.08309e-07
12.1737 0.96875 2.76412e-07
12.1737 1.03125 2.79846e-07
12.1737 1.09375 2.62591e-07
12.1737 1.15625 2.53932e-07
12.1737 1.21875 1.8874e-07
12.1737 1.28125 1.26417e-07
12.1737 1.34375 2.98718e-08
12.1737 1.40625 -4.09818e-08
12.1737 1.46875 -8.44622e-08
12.1737 1.53125 -6.92363e-08
12.1737 1.59375 -2.18939e-08
12.1737 1.65625 7.09938e-08
12.1737 1.71875 1.60928e-07
12.1737 1.78125 2.52211e-07
12.1737 1.84375 3.13226e-07
12.1737 1.90625 3.10116e-07
12.1737 1.96875 1.53391e-07
12.9591 0.03125 1.82402e-07
12.9591 0.09375 5.55128e-07
12.9591 0.15625 7.50354e-07
12.9591 0.21875 7.9482e-07
12.9591 0.28125 7.8745e-07
12.9591 0.34375 7.63389e-07
12.9591 0.40625 7.62366e-07
12.9591 0.46875 7.54674e-07
12.9591 0.53125 7.95503e-07
12.9591 0.59375 8.42401e-07
12.9591 0.65625 9.1345e-07
12.9591 0.71875 9.69206e-07
12.9591 0.78125 1.04523e-06
12.9591 0.84375 1.08086e-06
12.9591 0.90625 1.07973e-06
12.9591 0.96875 1.07649e-06
12.9591 1.03125 1.09386e-06
12.9591 1.09375 1.13008e-06
12.9591 1.15625 1.15961e-06
12.9591 1.21875 1.17239e-06
12.9591 1.28125 1.19263e-06
12.9591 1.34375 1.2128e-06
12.9591 1.40625 1.22299e-06
12.9591 1.46875 1.22934e-06
12.9591 1.53125 1.23077e-06
12.9591 1.59375 1.20012e-06
12.9591 1.65625 1.1255e-06
12.9591 1.71875 1.00458e-06
12.9591 1.78125 8.61743e-07
12.9591 1.84375 7.0264e-07
12.9591 1.90625 4.97477e-07
12.9591 1.96875 2.26195e-07
13.7445 0.03125 -1.30257e-07
13.7445 0.09375 -2.46468e-07
13.7445 0.15625 -1.73322e-07
13.7445 0.21875 -8.0673e-08
13.7445 0.28125 -1.54929e-08
13.7445 0.34375 9.11992e-10
13.7445 0.40625 -4.40224e-09
13.7445 0.46875 -2.13484e-08
13.7445 0.53125 -5.00673e-08
13.7445 0.59375 -7.16146e-08
13.7445 0.65625 -8.3254e-08
13.7445 0.71875 -7.41126e-08
13.7445 0.78125 -5.92157e-08
13.7445 0.84375 -5.77854e-08
13.7445 0.90625 -5.9719e-08
13.7445 0.96875 -7.33591e-08
13.7445 1.03125 -8.40467e-08
13.7445 1.09375 -1.24348e-07
13.7445 1.15625 -1.63373e-07
13.7445 1.21875 -1.9039e-07
13.7445 1.28125 -1.95195e-07
13.7445 1.34375 -2.12833e-07
13.7445 1.40625 -2.28764e-07
13.7445 1.46875 -2.828e-07
13.7445 1.53125 -3.50535e-07
13.7445 1.59375 -4.36632e-07
13.7445 1.65625 -5.23268e-07
13.7445 1.71875 -5.86867e-07
13.7445 1.78125 -6.30387e-07
13.7445 1.84375 -6.48919e-07
13.7445 1.90625 -5.93881e-07
13.7445 1.96875 -3.17732e-07
14.5299 0.03125 -1.58226e-07
14.5299 0.09375 -3.87347e-07
14.5299 0.15625 -4.89047e-07
14.5299 0.21875 -5.2009e-07
14.5299 0.28125 -5.59958e-07
14.5299 0.34375 -5.9807e-07
14.5299 0.40625 -6.66239e-07
14.5299 0.46875 -7.30335e-07
14.5299 0.53125 -8.09512e-07
14.5299 0.59375 -8.56277e-07
14.5299 0.65625 -8.91692e-07
14.5299 0.71875 -8.8443e-07
14.5299 0.78125 -8.70218e-07
14.5299 0.84375 -8.10902e-07
14.5299 0.90625 -7.42062e-07
14.5299 0.96875 -6.69056e-07
14.5299 1.03125 -6.21535e-07
14.5299 1.09375 -5.75804e-07
14.5299 1.15625 -5.53426e-07
14.5299 1.21875 -5.1266e-07
14.5299 1.28125 -5.02846e-07
14.5299 1.34375 -4.84919e-07
14.5299 1.40625 -4.85609e-07
14.5299 1.46875 -5.03477e-07
14.5299 1.53125 -5.20633e-07
14.5299 1.59375 -5.12096e-07
14.5299 1.65625 -4.72981e-07
14.5299 1.71875 -3.92602e-07
14.5299 1.78125 -2.67443e-07
14.5299 1.84375 -1.21766e-07
14.5299 1.90625 1.41708e-08
14.5299 1.96875 4.56429e-08
15.3153 0.03125 -8.38327e-08
15.3153 0.09375 -1.6142e-07
15.3153 0.15625 -2.18008e-07
15.3153 0.21875 -2.38214e-07
15.3153 0.28125 -2.15851e-07
15.3153 0.34375 -1.66482e-07
15.3153 0.40625 -9.14714e-08
15.3153 0.46875 -1.34591e-08
15.3153 0.53125 7.20743e-08
15.3153 0.59375 1.52585e-07
15.3153 0.65625 2.3268e-07
15.3153 0.71875 3.19489e-07
15.3153 0.78125 3.93916e-07
15.3153 0.84375 4.46249e-07
15.3153 0.90625 4.60553e-07
15.3153 0.96875 4.55637e-07
15.3153 1.03125 4.54301e-07
15.3153 1.09375 4.8683e-07
15.3153 1.15625 5.27361e-07
15.3153 1.21875 5.57955e-07
15.3153 1.28125 5.65111e-07
15.3153 1.34375 5.72967e-07
15.3153 1.40625 5.71234e-07
15.3153 1.46875 5.83627e-07
15.3153 1.53125 6.12351e-07
15.3153 1.59375 6.58177e-07
15.3153 1.65625 7.01655e-07
15.3153 1.71875 7.13996e-07
15.3153 1.78125 6.9907e-07
15.3153 1.84375 6.53606e-07
15.3153 1.90625 5.44945e-07
15.3153 1.96875 2.80854e-07
16.1007 0.03125 -3.33387e-09
16.1007 0.09375 -5.48039e-09
16.1007 0.15625 -1.75345e-08
16.1007 0.21875 -2.58902e-08
16.1007 0.28125 -3.2064e-08
16.1007 0.34375 -3.65428e-08
16.1007 0.40625 -2.99605e-08
16.1007 0.46875 8.68634e-09
16.1007 0.53125 5.31769e-08
16.1007 0.59375 9.4812e-08
16.1007 0.65625 1.06623e-07
16.1007 0.71875 1.05259e-07
16.1007 0.78125 6.20967e-08
16.1007 0.84375 -6.90819e-09
16.1007 0.90625 -1.14166e-07
16.1007 0.96875 -2.28664e-07
16.1007 1.03125 -3.52531e-07
16.1007 1.09375 -4.47752e-07
16.1007 1.15625 -5.15703e-07
16.1007 1.21875 -5.42875e-07
16.1007 1.28125 -5.49263e-07
16.1007 1.34375 -5.15681e-07
16.1007 1.40625 -4.7183e-07
16.1007 1.46875 -3.9141e-07
16.1007 1.53125 -3.099e-07
16.1007 1.59375 -2.09557e-07
16.1007 1.65625 -1.36012e-07
16.1007 1.71875 -9.04877e-08
16.1007 1.78125 -7.23289e-08
16.1007 1.84375 -7.41551e-08
16.1007 1.90625 -9.20458e-08
16.1007 1.96875 -8.79375e-08
16.8861 0.03125 5.43598e-08
16.8861 0.09375 1.22025e-07
16.8861 0.15625 1.53625e-07
16.8861 0.21875 1.34524e-07
16.8861 0.28125 7.1773e-08
16.8861 0.34375 -1.67374e-08
16.8861 0.40625 -1.17082e-07
16.8861 0.46875 -2.34683e-07
16.8861 0.53125 -3.48478e-07
16.8861 0.59375 -4.87148e-07
16.8861 0.65625 -6.00898e-07
16.8861 0.71875 -7.24833e-07
16.8861 0.78125 -8.08182e-07
16.8861 0.84375 -8.65861e-07
16.8861 0.90625 -8.6047e-07
16.8861 0.96875 -8.10234e-07
16.8861 1.03125 -7.33809e-07
16.8861 1.09375 -6.70742e-07
16.8861 1.15625 -6.01553e-07
16.8861 1.21875 -5.48504e-07
16.8861 1.28125 -4.74864e-07
16.8861 1.34375 -3.93436e-07
16.8861 1.40625 -2.88056e-07
16.8861 1.46875 -1.7353e-07
16.8861 1.53125 -6.99335e-08
16.8861 1.59375 2.75304e-08
16.8861 1.65625 1.02324e-07
16.8861 1.71875 1.69172e-07
16.8861 1.78125 2.32596e-07
16.8861 1.84375 2.71061e-07
16.8861 1.90625 2.33243e-07
16.8861 1.96875 7.86499e-08
17.6715 0.03125 -3.18875e-08
17.6715 0.09375 -1.024e-07
17.6715 0.15625 -1.04198e-07
17.6715 0.21875 -6.56094e-08
17.6715 0.28125 1.08534e-08
17.6715 0.34375 8.39983e-08
17.6715 0.40625 1.71518e-07
17.6715 0.46875 2.2467e-07
17.6715 0.53125 2.76752e-07
17.6715 0.59375 3.00417e-07
17.6715 0.65625 3.29283e-07
17.6715 0.71875 3.36709e-07
17.6715 0.78125 3.63505e-07
17.6715 0.84375 3.88001e-07
17.6715 0.90625 4.22161e-07
17.6715 0.96875 4.32032e-07
17.6715 1.03125 4.37703e-07
17.6715 1.09375 4.22324e-07
17.6715 1.15625 4.09139e-07
17.6715 1.21875 3.90265e-07
17.6715 1.28125 3.4156e-07
17.6715 1.34375 2.56039e-07
17.6715 1.40625 1.39445e-07
17.6715 1.46875 1.5077e-08
17.6715 1.53125 -1.13026e-07
17.6715 1.59375 -2.17971e-07
17.6715 1.65625 -2.80866e-07
17.6715 1.71875 -2.9739e-07
17.6715 1.78125 -3.09946e-07
17.6715 1.84375 -3.31499e-07
17.6715 1.90625 -3.26688e-07
17.6715 1.96875 -1.87502e-07
18.4569 0.03125 4.36396e-08
18.4569 0.09375 8.81506e-08
18.4569 0.15625 5.49849e-08
18.4569 0.21875 3.48111e-08
18.4569 0.28125 2.2065e-08
18.4569 0.34375 5.82982e-08
18.4569 0.40625 9.14243e-08
18.4569 0.46875 1.65693e-07
18.4569 0.53125 2.19122e-07
18.4569 0.59375 3.02736e-07
18.4569 0.65625 3.57813e-07
18.4569 0.71875 4.11089e-07
18.4569 0.78125 4.16568e-07
18.4569 0.84375 4.34232e-07
18.4569 0.90625 4.16226e-07
18.4569 0.96875 4.04131e-07
18.4569 1.03125 3.60775e-07
18.4569 1.09375 3.44714e-07
18.4569 1.15625 2.97782e-07
18.4569 1.21875 2.92632e-07
18.4569 1.28125 2.54469e-07
18.4569 1.34375 2.2244e-07
18.4569 1.40625 1.42429e-07
18.4569 1.46875 7.04189e-08
18.4569 1.53125 -6.40929e-09
18.4569 1.59375 -6.48586e-08
18.4569 1.65625 -1.12338e-07
18.4569 1.71875 -1.53037e-07
18.4569 1.78125 -1.94441e-07
18.4569 1.84375 -2.12252e-07
18.4569 1.90625 -1.72503e-07
18.4569 1.96875 -4.71069e-08
19.2423 0.03125 1.13982e-07
19.2423 0.09375 2.55425e-07
19.2423 0.15625 3.03196e-07
19.2423 0.21875 3.01387e-07
19.2423 0.28125 2.60165e-07
19.2423 0.34375 2.18563e-07
19.2423 0.40625 1.66732e-07
19.2423 0.46875 1.37527e-07
19.2423 0.53125 1.12371e-07
19.2423 0.59375 8.89455e-08
19.2423 0.65625 6.07692e-08
19.2423 0.71875 3.16877e-08
19.2423 0.78125 3.91055e-09
19.2423 0.84375 -4.00167e-08
19.2423 0.90625 -7.42471e-08
19.2423 0.96875 -1.00158e-07
19.2423 1.03125 -8.89777e-08
19.2423 1.09375 -7.79647e-08
19.2423 1.15625 -4.26384e-08
19.2423 1.21875 -4.05107e-08
19.2423 1.28125 2.51559e-10
19.2423 1.34375 2.46565e-08
19.2423 1.40625 7.59288e-08
19.2423 1.46875 1.08729e-07
19.2423 1.53125 1.4682e-07
19.2423 1.59375 1.48384e-07
19.2423 1.65625 1.32111e-07
19.2423 1.71875 7.91058e-08
19.2423 1.78125 3.90901e-08
19.2423 1.84375 2.54903e-08
19.2423 1.90625 5.38487e-08
19.2423 1.96875 7.12194e-08
20.0277 0.03125 1.59186e-08
20.0277 0.09375 1.56812e-08
20.0277 0.15625 4.24925e-08
20.0277 0.21875 6.78621e-08
20.0277 0.28125 1.03169e-07
20.0277 0.34375 1.08101e-07
20.0277 0.40625 1.2698e-07
20.0277 0.46875 1.42884e-07
20.0277 0.53125 1.88973e-07
20.0277 0.59375 2.4396e-07
20.0277 0.65625 2.94972e-07
20.0277 0.71875 3.44593e-07
20.0277 0.78125 3.81702e-07
20.0277 0.84375 4.04461e-07
20.0277 0.90625 4.17433e-07
20.0277 0.96875 4.28778e-07
20.0277 1.03125 4.18316e-07
20.0277 1.09375 3.82548e-07
20.0277 1.15625 3.20026e-07
20.0277 1.21875 2.32323e-07
20.0277 1.28125 1.43356e-07
20.0277 1.34375 6.47415e-08
20.0277 1.40625 4.03808e-08
20.0277 1.46875 4.03461e-08
20.0277 1.53125 6.29197e-08
20.0277 1.59375 6.67139e-08
20.0277 1.65625 8.28569e-08
20.0277 1.71875 1.13756e-07
20.0277 1.78125 1.59755e-07
20.0277 1.84375 1.92877e-07
20.0277 1.90625 1.86168e-07
20.0277 1.96875 8.62599e-08
20.8131 0.03125 -1.97469e-08
20.8131 0.09375 -2.78965e-08
20.8131 0.15625 -9.89373e-09
20.8131 0.21875 2.83073e-09
20.8131 0.28125 -1.96575e-09
20.8131 0.34375 4.5962e-09
20.8131 0.40625 -2.90013e-09
20.8131 0.46875 5.88183e-09
20.8131 0.53125 -2.8262e-09
20.8131 0.59375 1.90915e-08
20.8131 0.65625 3.31177e-08
20.8131 0.71875 8.79203e-08
20.8131 0.78125 1.46975e-07
20.8131 0.84375 2.42086e-07
20.8131 0.90625 3.23969e-07
20.8131 0.96875 4.0069e-07
20.8131 1.03125 4.67116e-07
20.8131 1.09375 5.36386e-07
20.8131 1.15625 5.87821e-07
20.8131 1.21875 6.23602e-07
20.8131 1.28125 6.18981e-07
20.8131 1.34375 5.9828e-07
20.8131 1.40625 5.61732e-07
20.8131 1.46875 5.27863e-07
20.8131 1.53125 4.93279e-07
20.8131 1.59375 4.69101e-07
20.8131 1.65625 4.52709e-07
20.8131 1.71875 4.28772e-07
20.8131 1.78125 3.83547e-07
20.8131 1.84375 3.06876e-07
20.8131 1.90625 1.80115e-07
20.8131 1.96875 4.9127e-08
21.5984 0.03125 -1.62575e-07
21.5984 0.09375 -3.21968e-07
21.5984 0.15625 -3.5412e-07
21.5984 0.21875 -3.52177e-07
21.5984 0.28125 -3.47128e-07
21.5984 0.34375 -3.36292e-07
21.5984 0.40625 -3.47805e-07
21.5984 0.46875 -3.69414e-07
21.5984 0.53125 -4.17481e-07
21.5984 0.59375 -4.78927e-07
21.5984 0.65625 -5.24151e-07
21.5984 0.71875 -5.63381e-07
21.5984 0.78125 -5.8049e-07
21.5984 0.84375 -5.87339e-07
21.5984 0.90625 -6.08092e-07
21.5984 0.96875 -6.57844e-07
21.5984 1.03125 -7.31894e-07
21.5984 1.09375 -7.92531e-07
21.5984 1.15625 -8.37778e-07
21.5984 1.21875 -8.45648e-07
21.5984 1.28125 -8.27192e-07
21.5984 1.34375 -7.81122e-07
21.5984 1.40625 -7.54002e-07
21.5984 1.46875 -7.45157e-07
21.5984 1.53125 -7.63408e-07
21.5984 1.59375 -7.82272e-07
21.5984 1.65625 -8.1229e-07
21.5984 1.71875 -8.32101e-07
21.5984 1.78125 -8.62338e-07
21.5984 1.84375 -8.60779e-07
21.5984 1.90625 -7.54583e-07
21.5984 1.96875 -3.6685e-07
22.3838 0.03125 -1.59986e-07
22.3838 0.09375 -3.39823e-07
22.3838 0.15625 -4.35074e-07
22.3838 0.21875 -4.95323e-07
22.3838 0.28125 -5.23974e-07
22.3838 0.34375 -5.70699e-07
22.3838 0.40625 -5.83734e-07
22.3838 0.46875 -6.13788e-07
22.3838 0.53125 -6.06681e-07
22.3838 0.59375 -6.37675e-07
22.3838 0.65625 -6.48457e-07
22.3838 0.71875 -6.96866e-07
22.3838 0.78125 -7.25057e-07
22.3838 0.84375 -7.66078e-07
22.3838 0.90625 -7.96473e-07
22.3838 0.96875 -8.17491e-07
22.3838 1.03125 -8.29218e-07
22.3838 1.09375 -8.26525e-07
22.3838 1.15625 -8.22444e-07
22.3838 1.21875 -7.85839e-07
22.3838 1.28125 -7.30049e-07
22.3838 1.34375 -6.54238e-07
22.3838 1.40625 -5.82292e-07
22.3838 1.46875 -5.20138e-07
22.3838 1.53125 -4.59991e-07
22.3838 1.59375 -4.0101e-07
22.3838 1.65625 -3.48728e-07
22.3838 1.71875 -2.93168e-07
22.3838 1.78125 -2.20869e-07
22.3838 1.84375 -1.2753e-07
22.3838 1.90625 -3.93152e-09
22.3838 1.96875 5.84546e-08
23.1692 0.03125 -3.06908e-08
23.1692 0.09375 -6.34176e-08
23.1692 0.15625 -9.85001e-08
23.1692 0.21875 -1.2509e-07
23.1692 0.28125 -1.35108e-07
23.1692 0.34375 -1.34871e-07
23.1692 0.40625 -1.1982e-07
23.1692 0.46875 -9.98283e-08
23.1692 0.53125 -5.41842e-08
23.1692 0.59375 8.20821e-09
23.1692 0.65625 6.6584e-08
23.1692 0.71875 1.28464e-07
23.1692 0.78125 1.76027e-07
23.1692 0.84375 2.08531e-07
23.1692 0.90625 2.27334e-07
23.1692 0.96875 2.4455e-07
23.1692 1.03125 2.99146e-07
23.1692 1.09375 3.51869e-07
23.1692 1.15625 4.34926e-07
23.1692 1.21875 4.8694e-07
23.1692 1.28125 5.24268e-07
23.1692 1.34375 5.2237e-07
23.1692 1.40625 5.02203e-07
23.1692 1.46875 4.62114e-07
23.1692 1.53125 4.34547e-07
23.1692 1.59375 4.30852e-07
23.1692 1.65625 4.38083e-07
23.1692 1.71875 4.45263e-07
23.1692 1.78125 4.51782e-07
23.1692 1.84375 4.30148e-07
23.1692 1.90625 3.52444e-07
23.1692 1.96875 1.59528e-07
23.9546 0.03125 7.23912e-08
23.9546 0.09375 8.64305e-08
23.9546 0.15625 6.76959e-08
23.9546 0.21875 6.43486e-08
23.9546 0.28125 8.96038e-08
23.9546 0.34375 1.2092e-07
23.9546 0.40625 1.45102e-07
23.9546 0.46875 1.47564e-07
23.9546 0.53125 1.28115e-07
23.9546 0.59375 1.1305e-07
23.9546 0.65625 1.07073e-07
23.9546 0.71875 1.13676e-07
23.9546 0.78125 1.3687e-07
23.9546 0.84375 1.72544e-07
23.9546 0.90625 2.24889e-07
23.9546 0.96875 2.7464e-07
23.9546 1.03125 2.79242e-07
23.9546 1.09375 2.51338e-07
23.9546 1.15625 1.97841e-07
23.9546 1.21875 1.44129e-07
23.9546 1.28125 8.55925e-08
23.9546 1.34375 4.48092e-08
23.9546 1.40625 1.09102e-08
23.9546 1.46875 1.24056e-08
23.9546 1.53125 1.32969e-08
23.9546 1.59375 1.0989e-08
23.9546 1.65625 -1.64324e-08
23.9546 1.71875 -5.62154e-08
23.9546 1.78125 -1.24213e-07
23.9546 1.84375 -1.8947e-07
23.9546 1.90625 -2.38907e-07
23.9546 1.96875 -1.52635e-07
24.74 0.03125 2.23127e-07
24.74 0.09375 4.55356e-07
24.74 0.15625 5.23849e-07
24.74 0.21875 5.19225e-07
24.74 0.28125 4.60463e-07
24.74 0.34375 3.98561e-07
24.74 0.40625 3.55647e-07
24.74 0.46875 3.55246e-07
24.74 0.53125 3.60215e-07
24.74 0.59375 3.74639e-07
24.74 0.65625 3.84058e-07
24.74 0.71875 3.86283e-07
24.74 0.78125 3.80736e-07
24.74 0.84375 3.75734e-07
24.74 0.90625 3.77227e-07
24.74 0.96875 3.96471e-07
24.74 1.03125 3.95089e-07
24.74 1.09375 3.91966e-07
24.74 1.15625 3.44528e-07
24.74 1.21875 2.97832e-07
24.74 1.28125 2.35413e-07
24.74 1.34375 1.78386e-07
24.74 1.40625 1.04761e-07
24.74 1.46875 2.29472e-08
24.74 1.53125 -7.18943e-08
24.74 1.59375 -1.6465e-07
24.74 1.65625 -2.46523e-07
24.74 1.71875 -3.02728e-07
24.74 1.78125 -3.2879e-07
24.74 1.84375 -3.26304e-07
24.74 1.90625 -2.74787e-07
24.74 1.96875 -1.43047e-07
