0.392699 0.03125 1.24721e-08
1.1781 0.03125 9.70618e-08
1.9635 0.03125 2.29823e-08
2.74889 0.03125 -4.38284e-08
3.53429 0.03125 -1.20634e-07
4.31969 0.03125 -8.98853e-08
5.10509 0.03125 4.7858e-08
5.89049 0.03125 6.87573e-08
6.67588 0.03125 8.91148e-08
7.46128 0.03125 -1.17784e-08
8.24668 0.03125 4.25351e-08
9.03208 0.03125 -5.21851e-08
9.81748 0.03125 2.97319e-08
10.6029 0.03125 -1.28417e-07
11.3883 0.03125 -1.49606e-07
12.1737 0.03125 8.05826e-08
12.9591 0.03125 1.95925e-07
13.7445 0.03125 1.3593e-07
14.5299 0.03125 -1.67327e-08
15.3153 0.03125 -8.87359e-08
16.1007 0.03125 -4.97545e-08
16.8861 0.03125 3.78122e-10
17.6715 0.03125 -8.44507e-10
18.4569 0.03125 -7.22583e-09
19.2423 0.03125 2.07404e-08
20.0277 0.03125 3.23217e-08
20.8131 0.03125 3.82335e-08
21.5984 0.03125 8.81245e-09
22.3838 0.03125 -8.21345e-08
23.1692 0.03125 -1.02436e-07
23.9546 0.03125 -7.20517e-08
24.74 0.03125 1.04038e-07

0.392699 0.09375 5.54194e-08
1.1781 0.09375 1.76902e-07
1.9635 0.09375 1.42616e-07
2.74889 0.09375 -7.90035e-09
3.53429 0.09375 -2.88491e-07
4.31969 0.09375 -2.77043e-07
5.10509 0.09375 -1.43622e-08
5.89049 0.09375 1.58352e-07
6.67588 0.09375 2.65312e-07
7.46128 0.09375 -3.45793e-08
8.24668 0.09375 9.73231e-08
9.03208 0.09375 -1.05043e-07
9.81748 0.09375 1.06264e-07
10.6029 0.09375 -1.98621e-07
11.3883 0.09375 -3.88687e-07
12.1737 0.09375 -1.72921e-09
12.9591 0.09375 4.63868e-07
13.7445 0.09375 4.30232e-07
14.5299 0.09375 4.44586e-09
15.3153 0.09375 -1.81728e-07
16.1007 0.09375 -1.7465e-07
16.8861 0.09375 -1.58709e-09
17.6715 0.09375 2.6605e-08
18.4569 0.09375 -4.81309e-08
19.2423 0.09375 5.85679e-08
20.0277 0.09375 6.6496e-08
20.8131 0.09375 8.04954e-08
21.5984 0.09375 5.19254e-08
22.3838 0.09375 -1.80677e-07
23.1692 0.09375 -2.25781e-07
23.9546 0.09375 -2.39032e-07
24.74 0.09375 2.05843e-07

0.392699 0.15625 8.44455e-08
1.1781 0.15625 1.99574e-07
1.9635 0.15625 2.22163e-07
2.74889 0.15625 1.04086e-07
3.53429 0.15625 -3.24619e-07
4.31969 0.15625 -4.16594e-07
5.10509 0.15625 -1.34804e-07
5.89049 0.15625 1.44134e-07
6.67588 0.15625 4.07617e-07
7.46128 0.15625 -1.03959e-08
8.24668 0.15625 1.31382e-07
9.03208 0.15625 -1.56844e-07
9.81748 0.15625 1.61531e-07
10.6029 0.15625 -1.42909e-07
11.3883 0.15625 -5.19595e-07
12.1737 0.15625 -1.92699e-07
12.9591 0.15625 5.10915e-07
13.7445 0.15625 6.84866e-07
14.5299 0.15625 1.16789e-07
15.3153 0.15625 -2.09324e-07
16.1007 0.15625 -2.64736e-07
16.8861 0.15625 -4.396e-08
17.6715 0.15625 5.10311e-08
18.4569 0.15625 -7.15057e-08
19.2423 0.15625 6.30457e-08
20.0277 0.15625 8.48568e-08
20.8131 0.15625 9.87742e-08
21.5984 0.15625 1.1602e-07
22.3838 0.15625 -1.99391e-07
23.1692 0.15625 -2.90879e-07
23.9546 0.15625 -3.90146e-07
24.74 0.15625 2.09821e-07

0.392699 0.21875 9.06978e-08
1.1781 0.21875 1.99785e-07
1.9635 0.21875 2.37061e-07
2.74889 0.21875 2.06514e-07
3.53429 0.21875 -2.84496e-07
4.31969 0.21875 -4.80555e-07
5.10509 0.21875 -2.25957e-07
5.89049 0.21875 7.63055e-08
6.67588 0.21875 4.85656e-07
7.46128 0.21875 3.65496e-08
8.24668 0.21875 1.50226e-07
9.03208 0.21875 -2.06369e-07
9.81748 0.21875 1.81744e-07
10.6029 0.21875 -6.60983e-08
11.3883 0.21875 -5.49845e-07
12.1737 0.21875 -3.32938e-07
12.9591 0.21875 4.3542e-07
13.7445 0.21875 8.29534e-07
14.5299 0.21875 2.28011e-07
15.3153 0.21875 -2.05387e-07
16.1007 0.21875 -2.90242e-07
16.8861 0.21875 -9.73589e-08
17.6715 0.21875 5.38743e-08
18.4569 0.21875 -6.8192e-08
19.2423 0.21875 5.44144e-08
20.0277 0.21875 9.15101e-08
20.8131 0.21875 9.87312e-08
21.5984 0.21875 1.6677e-07
22.3838 0.21875 -1.81331e-07
23.1692 0.21875 -3.21885e-07
23.9546 0.21875 -4.78501e-07
24.74 0.21875 1.76858e-07

0.392699 0.28125 8.24151e-08
1.1781 0.28125 1.96222e-07
1.9635 0.28125 2.09799e-07
2.74889 0.28125 2.74023e-07
3.53429 0.28125 -2.23469e-07
4.31969 0.28125 -4.9684e-07
5.10509 0.28125 -2.67157e-07
5.89049 0.28125 1.25558e-09
6.67588 0.28125 5.15221e-07
7.46128 0.28125 8.92023e-08
8.24668 0.28125 1.5872e-07
9.03208 0.28125 -2.53917e-07
9.81748 0.28125 1.8131e-07
10.6029 0.28125 -1.08791e-08
11.3883 0.28125 -5.35772e-07
12.1737 0.28125 -3.93643e-07
12.9591 0.28125 3.393e-07
13.7445 0.28125 8.97911e-07
14.5299 0.28125 2.93818e-07
15.3153 0.28125 -2.10042e-07
16.1007 0.28125 -2.63496e-07
16.8861 0.28125 -1.40083e-07
17.6715 0.28125 3.19027e-08
18.4569 0.28125 -4.71942e-08
19.2423 0.28125 4.99479e-08
20.0277 0.28125 9.35237e-08
20.8131 0.28125 9.07395e-08
21.5984 0.28125 1.99097e-07
22.3838 0.28125 -1.57638e-07
23.1692 0.28125 -3.44757e-07
23.9546 0.28125 -5.14019e-07
24.74 0.28125 1.46741e-07

0.392699 0.34375 7.2134e-08
1.1781 0.34375 1.94904e-07
1.9635 0.34375 1.61612e-07
2.74889 0.34375 3.08841e-07
3.53429 0.34375 -1.62064e-07
4.31969 0.34375 -4.9161e-07
5.10509 0.34375 -2.70937e-07
5.89049 0.34375 -6.32183e-08
6.67588 0.34375 5.17911e-07
7.46128 0.34375 1.42582e-07
8.24668 0.34375 1.62019e-07
9.03208 0.34375 -3.00472e-07
9.81748 0.34375 1.69392e-07
10.6029 0.34375 2.23845e-08
11.3883 0.34375 -5.07772e-07
12.1737 0.34375 -4.06468e-07
12.9591 0.34375 2.61018e-07
13.7445 0.34375 9.36419e-07
14.5299 0.34375 3.17073e-07
15.3153 0.34375 -2.39029e-07
16.1007 0.34375 -2.06256e-07
16.8861 0.34375 -1.63939e-07
17.6715 0.34375 -1.09583e-08
18.4569 0.34375 -2.01596e-08
19.2423 0.34375 5.60172e-08
20.0277 0.34375 9.54124e-08
20.8131 0.34375 8.33677e-08
21.5984 0.34375 2.20458e-07
22.3838 0.34375 -1.42017e-07
23.1692 0.34375 -3.6612e-07
23.9546 0.34375 -5.2268e-07
24.74 0.34375 1.27813e-07

0.392699 0.40625 6.89584e-08
1.1781 0.40625 1.96831e-07
1.9635 0.40625 1.05372e-07
2.74889 0.40625 3.14952e-07
3.53429 0.40625 -1.04429e-07
4.31969 0.40625 -4.75283e-07
5.10509 0.40625 -2.51666e-07
5.89049 0.40625 -1.14999e-07
6.67588 0.40625 5.04258e-07
7.46128 0.40625 1.96363e-07
8.24668 0.40625 1.6425e-07
9.03208 0.40625 -3.43119e-07
9.81748 0.40625 1.47561e-07
10.6029 0.40625 3.81965e-08
11.3883 0.40625 -4.71799e-07
12.1737 0.40625 -4.02476e-07
12.9591 0.40625 1.99836e-07
13.7445 0.40625 9.70467e-07
14.5299 0.40625 3.15168e-07
15.3153 0.40625 -2.92078e-07
16.1007 0.40625 -1.33614e-07
16.8861 0.40625 -1.6849e-07
17.6715 0.40625 -6.78952e-08
18.4569 0.40625 5.69349e-09
19.2423 0.40625 6.97882e-08
20.0277 0.40625 9.8716e-08
20.8131 0.40625 8.36815e-08
21.5984 0.40625 2.38899e-07
22.3838 0.40625 -1.40539e-07
23.1692 0.40625 -3.83047e-07
23.9546 0.40625 -5.21513e-07
24.74 0.40625 1.16195e-07

0.392699 0.46875 7.72378e-08
1.1781 0.46875 2.01936e-07
1.9635 0.46875 4.87588e-08
2.74889 0.46875 2.92288e-07
3.53429 0.46875 -5.11315e-08
4.31969 0.46875 -4.5e-07
5.10509 0.46875 -2.18369e-07
5.89049 0.46875 -1.53559e-07
6.67588 0.46875 4.76857e-07
7.46128 0.46875 2.5048e-07
8.24668 0.46875 1.65532e-07
9.03208 0.46875 -3.77115e-07
9.81748 0.46875 1.15771e-07
10.6029 0.46875 3.8433e-08
11.3883 0.46875 -4.24971e-07
12.1737 0.46875 -3.99048e-07
12.9591 0.46875 1.47227e-07
13.7445 0.46875 1.00525e-06
14.5299 0.46875 3.03365e-07
15.3153 0.46875 -3.60783e-07
16.1007 0.46875 -5.43721e-08
16.8861 0.46875 -1.54589e-07
17.6715 0.46875 -1.3442e-07
18.4569 0.46875 2.55771e-08
19.2423 0.46875 8.68111e-08
20.0277 0.46875 1.02557e-07
20.8131 0.46875 9.56231e-08
21.5984 0.46875 2.61885e-07
22.3838 0.46875 -1.54322e-07
23.1692 0.46875 -3.92865e-07
23.9546 0.46875 -5.18238e-07
24.74 0.46875 1.06335e-07

0.392699 0.53125 9.6779e-08
1.1781 0.53125 2.07105e-07
1.9635 0.53125 -3.63486e-09
2.74889 0.53125 2.43857e-07
3.53429 0.53125 -5.14765e-09
4.31969 0.53125 -4.13491e-07
5.10509 0.53125 -1.75921e-07
5.89049 0.53125 -1.83451e-07
6.67588 0.53125 4.37139e-07
7.46128 0.53125 3.06095e-07
8.24668 0.53125 1.64283e-07
9.03208 0.53125 -3.95919e-07
9.81748 0.53125 7.7021e-08
10.6029 0.53125 2.24057e-08
11.3883 0.53125 -3.65385e-07
12.1737 0.53125 -4.03557e-07
12.9591 0.53125 9.69154e-08
13.7445 0.53125 1.04014e-06
14.5299 0.53125 2.90883e-07
15.3153 0.53125 -4.32566e-07
16.1007 0.53125 2.71262e-08
16.8861 0.53125 -1.28422e-07
17.6715 0.53125 -2.07103e-07
18.4569 0.53125 3.89134e-08
19.2423 0.53125 1.02415e-07
20.0277 0.53125 1.04095e-07
20.8131 0.53125 1.19008e-07
21.5984 0.53125 2.94121e-07
22.3838 0.53125 -1.80577e-07
23.1692 0.53125 -3.97376e-07
23.9546 0.53125 -5.13451e-07
24.74 0.53125 9.66865e-08

0.392699 0.59375 1.25137e-07
1.1781 0.59375 2.10173e-07
1.9635 0.59375 -5.13825e-08
2.74889 0.59375 1.73775e-07
3.53429 0.59375 3.07981e-08
4.31969 0.59375 -3.64405e-07
5.10509 0.59375 -1.26911e-07
5.89049 0.59375 -2.1128e-07
6.67588 0.59375 3.87159e-07
7.46128 0.59375 3.66246e-07
8.24668 0.59375 1.59995e-07
9.03208 0.59375 -3.97858e-07
9.81748 0.59375 3.79082e-08
10.6029 0.59375 -7.17742e-09
11.3883 0.59375 -2.96748e-07
12.1737 0.59375 -4.16692e-07
12.9591 0.59375 4.77803e-08
13.7445 0.59375 1.07158e-06
14.5299 0.59375 2.81694e-07
15.3153 0.59375 -4.93649e-07
16.1007 0.59375 1.09224e-07
16.8861 0.59375 -9.67879e-08
17.6715 0.59375 -2.8487e-07
18.4569 0.59375 4.57293e-08
19.2423 0.59375 1.15882e-07
20.0277 0.59375 9.98208e-08
20.8131 0.59375 1.48129e-07
21.5984 0.59375 3.38866e-07
22.3838 0.59375 -2.11348e-07
23.1692 0.59375 -4.0109e-07
23.9546 0.59375 -5.07823e-07
24.74 0.59375 8.78576e-08

0.392699 0.65625 1.5842e-07
1.1781 0.65625 2.11487e-07
1.9635 0.65625 -9.83033e-08
2.74889 0.65625 8.9369e-08
3.53429 0.65625 5.45267e-08
4.31969 0.65625 -3.03691e-07
5.10509 0.65625 -7.22806e-08
5.89049 0.65625 -2.43861e-07
6.67588 0.65625 3.29786e-07
7.46128 0.65625 4.30319e-07
8.24668 0.65625 1.54552e-07
9.03208 0.65625 -3.83792e-07
9.81748 0.65625 4.87123e-09
10.6029 0.65625 -4.67689e-08
11.3883 0.65625 -2.26613e-07
12.1737 0.65625 -4.36157e-07
12.9591 0.65625 1.83912e-09
13.7445 0.65625 1.09851e-06
14.5299 0.65625 2.75597e-07
15.3153 0.65625 -5.32899e-07
16.1007 0.65625 1.90023e-07
16.8861 0.65625 -6.8527e-08
17.6715 0.65625 -3.634e-07
18.4569 0.65625 4.76322e-08
19.2423 0.65625 1.27477e-07
20.0277 0.65625 8.70271e-08
20.8131 0.65625 1.75768e-07
21.5984 0.65625 3.94498e-07
22.3838 0.65625 -2.37552e-07
23.1692 0.65625 -4.0752e-07
23.9546 0.65625 -5.00798e-07
24.74 0.65625 8.141e-08

0.392699 0.71875 1.92455e-07
1.1781 0.71875 2.16558e-07
1.9635 0.71875 -1.48672e-07
2.74889 0.71875 -3.00618e-09
3.53429 0.71875 6.94521e-08
4.31969 0.71875 -2.38146e-07
5.10509 0.71875 -1.56589e-08
5.89049 0.71875 -2.80684e-07
6.67588 0.71875 2.67419e-07
7.46128 0.71875 4.91357e-07
8.24668 0.71875 1.52713e-07
9.03208 0.71875 -3.5802e-07
9.81748 0.71875 -2.18605e-08
10.6029 0.71875 -8.99328e-08
11.3883 0.71875 -1.6038e-07
12.1737 0.71875 -4.58053e-07
12.9591 0.71875 -3.75531e-08
13.7445 0.71875 1.11844e-06
14.5299 0.71875 2.69431e-07
15.3153 0.71875 -5.44424e-07
16.1007 0.71875 2.66455e-07
16.8861 0.71875 -5.02181e-08
17.6715 0.71875 -4.38426e-07
18.4569 0.71875 4.60953e-08
19.2423 0.71875 1.39743e-07
20.0277 0.71875 6.29895e-08
20.8131 0.71875 1.96987e-07
21.5984 0.71875 4.58848e-07
22.3838 0.71875 -2.52259e-07
23.1692 0.71875 -4.19379e-07
23.9546 0.71875 -4.92115e-07
24.74 0.71875 7.79946e-08

0.392699 0.78125 2.22572e-07
1.1781 0.78125 2.31808e-07
1.9635 0.78125 -2.02938e-07
2.74889 0.78125 -9.79333e-08
3.53429 0.78125 8.17907e-08
4.31969 0.78125 -1.75438e-07
5.10509 0.78125 3.66145e-08
5.89049 0.78125 -3.16277e-07
6.67588 0.78125 2.03112e-07
7.46128 0.78125 5.3684e-07
8.24668 0.78125 1.59861e-07
9.03208 0.78125 -3.23773e-07
9.81748 0.78125 -4.7354e-08
10.6029 0.78125 -1.31615e-07
11.3883 0.78125 -9.99163e-08
12.1737 0.78125 -4.78173e-07
12.9591 0.78125 -6.66961e-08
13.7445 0.78125 1.12929e-06
14.5299 0.78125 2.57924e-07
15.3153 0.78125 -5.26771e-07
16.1007 0.78125 3.31834e-07
16.8861 0.78125 -4.84441e-08
17.6715 0.78125 -5.0452e-07
18.4569 0.78125 4.41524e-08
19.2423 0.78125 1.56216e-07
20.0277 0.78125 2.69066e-08
20.8131 0.78125 2.10736e-07
21.5984 0.78125 5.26347e-07
22.3838 0.78125 -2.53481e-07
23.1692 0.78125 -4.36965e-07
23.9546 0.78125 -4.81503e-07
24.74 0.78125 7.8478e-08

0.392699 0.84375 2.43774e-07
1.1781 0.84375 2.62157e-07
1.9635 0.84375 -2.58033e-07
2.74889 0.84375 -1.93227e-07
3.53429 0.84375 9.96259e-08
4.31969 0.84375 -1.21811e-07
5.10509 0.84375 7.82885e-08
5.89049 0.84375 -3.43528e-07
6.67588 0.84375 1.40472e-07
7.46128 0.84375 5.56257e-07
8.24668 0.84375 1.7917e-07
9.03208 0.84375 -2.84218e-07
9.81748 0.84375 -7.83676e-08
10.6029 0.84375 -1.68422e-07
11.3883 0.84375 -4.54228e-08
12.1737 0.84375 -4.91336e-07
12.9591 0.84375 -8.11526e-08
13.7445 0.84375 1.12832e-06
14.5299 0.84375 2.35879e-07
15.3153 0.84375 -4.81917e-07
16.1007 0.84375 3.7966e-07
16.8861 0.84375 -6.46052e-08
17.6715 0.84375 -5.58525e-07
18.4569 0.84375 4.34181e-08
19.2423 0.84375 1.80439e-07
20.0277 0.84375 -2.04253e-08
20.8131 0.84375 2.19463e-07
21.5984 0.84375 5.92636e-07
22.3838 0.84375 -2.45763e-07
23.1692 0.84375 -4.59882e-07
23.9546 0.84375 -4.70183e-07
24.74 0.84375 8.33493e-08

0.392699 0.90625 2.53036e-07
1.1781 0.90625 3.05957e-07
1.9635 0.90625 -3.10508e-07
2.74889 0.90625 -2.861e-07
3.53429 0.90625 1.26328e-07
4.31969 0.90625 -7.7189e-08
5.10509 0.90625 1.07756e-07
5.89049 0.90625 -3.595e-07
6.67588 0.90625 8.57712e-08
7.46128 0.90625 5.45455e-07
8.24668 0.90625 2.07128e-07
9.03208 0.90625 -2.38408e-07
9.81748 0.90625 -1.17928e-07
10.6029 0.90625 -2.02742e-07
11.3883 0.90625 3.50711e-09
12.1737 0.90625 -4.94861e-07
12.9591 0.90625 -7.82728e-08
13.7445 0.90625 1.11902e-06
14.5299 0.90625 2.01178e-07
15.3153 0.90625 -4.14032e-07
16.1007 0.90625 4.05967e-07
16.8861 0.90625 -9.7466e-08
17.6715 0.90625 -5.96316e-07
18.4569 0.90625 4.30416e-08
19.2423 0.90625 2.12342e-07
20.0277 0.90625 -7.60681e-08
20.8131 0.90625 2.27803e-07
21.5984 0.90625 6.53774e-07
22.3838 0.90625 -2.39807e-07
23.1692 0.90625 -4.86436e-07
23.9546 0.90625 -4.58463e-07
24.74 0.90625 9.30282e-08

0.392699 0.96875 2.49072e-07
1.1781 0.96875 3.57718e-07
1.9635 0.96875 -3.59626e-07
2.74889 0.96875 -3.73027e-07
3.53429 0.96875 1.61966e-07
4.31969 0.96875 -4.11787e-08
5.10509 0.96875 1.29045e-07
5.89049 0.96875 -3.631e-07
6.67588 0.96875 4.32427e-08
7.46128 0.96875 5.07389e-07
8.24668 0.96875 2.35348e-07
9.03208 0.96875 -1.81733e-07
9.81748 0.96875 -1.65867e-07
10.6029 0.96875 -2.40529e-07
11.3883 0.96875 4.81542e-08
12.1737 0.96875 -4.90589e-07
12.9591 0.96875 -5.82577e-08
13.7445 0.96875 1.10899e-06
14.5299 0.96875 1.55036e-07
15.3153 0.96875 -3.30431e-07
16.1007 0.96875 4.12795e-07
16.8861 0.96875 -1.40089e-07
17.6715 0.96875 -6.16054e-07
18.4569 0.96875 3.92567e-08
19.2423 0.96875 2.50706e-07
20.0277 0.96875 -1.36531e-07
20.8131 0.96875 2.38592e-07
21.5984 0.96875 7.08801e-07
22.3838 0.96875 -2.46503e-07
23.1692 0.96875 -5.12738e-07
23.9546 0.96875 -4.43087e-07
24.74 0.96875 1.05207e-07

0.392699 1.03125 2.31828e-07
1.1781 1.03125 4.08714e-07
1.9635 1.03125 -4.05574e-07
2.74889 1.03125 -4.46467e-07
3.53429 1.03125 2.00295e-07
4.31969 1.03125 -1.31178e-08
5.10509 1.03125 1.48403e-07
5.89049 1.03125 -3.53921e-07
6.67588 1.03125 1.44278e-08
7.46128 1.03125 4.47755e-07
8.24668 1.03125 2.55715e-07
9.03208 1.03125 -1.10206e-07
9.81748 1.03125 -2.19212e-07
10.6029 1.03125 -2.86791e-07
11.3883 1.03125 8.87416e-08
12.1737 1.03125 -4.82716e-07
12.9591 1.03125 -2.489e-08
13.7445 1.03125 1.10513e-06
14.5299 1.03125 1.00569e-07
15.3153 1.03125 -2.41035e-07
16.1007 1.03125 4.06682e-07
16.8861 1.03125 -1.84167e-07
17.6715 1.03125 -6.16913e-07
18.4569 1.03125 2.7654e-08
19.2423 1.03125 2.93819e-07
20.0277 1.03125 -1.974e-07
20.8131 1.03125 2.50065e-07
21.5984 1.03125 7.57103e-07
22.3838 1.03125 -2.71232e-07
23.1692 1.03125 -5.33717e-07
23.9546 1.03125 -4.17634e-07
24.74 1.03125 1.1523e-07

0.392699 1.09375 2.01981e-07
1.1781 1.09375 4.53465e-07
1.9635 1.09375 -4.47955e-07
2.74889 1.09375 -5.01942e-07
3.53429 1.09375 2.35139e-07
4.31969 1.09375 6.92311e-09
5.10509 1.09375 1.69497e-07
5.89049 1.09375 -3.3214e-07
6.67588 1.09375 -4.77302e-09
7.46128 1.09375 3.74744e-07
8.24668 1.09375 2.64743e-07
9.03208 1.09375 -2.52568e-08
9.81748 1.09375 -2.74727e-07
10.6029 1.09375 -3.43402e-07
11.3883 1.09375 1.27629e-07
12.1737 1.09375 -4.7455e-07
12.9591 1.09375 1.4878e-08
13.7445 1.09375 1.10646e-06
14.5299 1.09375 4.18412e-08
15.3153 1.09375 -1.56192e-07
16.1007 1.09375 3.93862e-07
16.8861 1.09375 -2.19911e-07
17.6715 1.09375 -6.00288e-07
18.4569 1.09375 6.24684e-09
19.2423 1.09375 3.38885e-07
20.0277 1.09375 -2.53832e-07
20.8131 1.09375 2.57776e-07
21.5984 1.09375 7.9536e-07
22.3838 1.09375 -3.09906e-07
23.1692 1.09375 -5.45007e-07
23.9546 1.09375 -3.78045e-07
24.74 1.09375 1.19021e-07

0.392699 1.15625 1.59698e-07
1.1781 1.15625 4.87617e-07
1.9635 1.15625 -4.81915e-07
2.74889 1.15625 -5.38607e-07
3.53429 1.15625 2.62003e-07
4.31969 1.15625 2.0345e-08
5.10509 1.15625 1.9034e-07
5.89049 1.15625 -2.9994e-07
6.67588 1.15625 -1.82798e-08
7.46128 1.15625 2.96998e-07
8.24668 1.15625 2.62276e-07
9.03208 1.15625 6.67128e-08
9.81748 1.15625 -3.27202e-07
10.6029 1.15625 -4.08262e-07
11.3883 1.15625 1.6668e-07
12.1737 1.15625 -4.66618e-07
12.9591 1.15625 5.28442e-08
13.7445 1.15625 1.10704e-06
14.5299 1.15625 -1.4872e-08
15.3153 1.15625 -8.19769e-08
16.1007 1.15625 3.75632e-07
16.8861 1.15625 -2.41794e-07
17.6715 1.15625 -5.6652e-07
18.4569 1.15625 -2.42502e-08
19.2423 1.15625 3.80407e-07
20.0277 1.15625 -3.01241e-07
20.8131 1.15625 2.58392e-07
21.5984 1.15625 8.17777e-07
22.3838 1.15625 -3.54429e-07
23.1692 1.15625 -5.44416e-07
23.9546 1.15625 -3.24539e-07
24.74 1.15625 1.16564e-07

0.392699 1.21875 1.07526e-07
1.1781 1.21875 5.07712e-07
1.9635 1.21875 -5.02174e-07
2.74889 1.21875 -5.58786e-07
3.53429 1.21875 2.82715e-07
4.31969 1.21875 3.05559e-08
5.10509 1.21875 2.04393e-07
5.89049 1.21875 -2.63173e-07
6.67588 1.21875 -2.80655e-08
7.46128 1.21875 2.23751e-07
8.24668 1.21875 2.49322e-07
9.03208 1.21875 1.57502e-07
9.81748 1.21875 -3.73395e-07
10.6029 1.21875 -4.75663e-07
11.3883 1.21875 2.11231e-07
12.1737 1.21875 -4.58548e-07
12.9591 1.21875 8.22708e-08
13.7445 1.21875 1.10031e-06
14.5299 1.21875 -6.38325e-08
15.3153 1.21875 -2.00758e-08
16.1007 1.21875 3.49445e-07
16.8861 1.21875 -2.45427e-07
17.6715 1.21875 -5.17245e-07
18.4569 1.21875 -6.14134e-08
19.2423 1.21875 4.1078e-07
20.0277 1.21875 -3.36853e-07
20.8131 1.21875 2.52851e-07
21.5984 1.21875 8.18145e-07
22.3838 1.21875 -3.94665e-07
23.1692 1.21875 -5.3091e-07
23.9546 1.21875 -2.63769e-07
24.74 1.21875 1.10621e-07

0.392699 1.28125 4.73105e-08
1.1781 1.28125 5.09644e-07
1.9635 1.28125 -5.02858e-07
2.74889 1.28125 -5.62408e-07
3.53429 1.28125 3.00246e-07
4.31969 1.28125 4.14693e-08
5.10509 1.28125 2.04329e-07
5.89049 1.28125 -2.31058e-07
6.67588 1.28125 -3.26109e-08
7.46128 1.28125 1.61929e-07
8.24668 1.28125 2.28811e-07
9.03208 1.28125 2.39135e-07
9.81748 1.28125 -4.11884e-07
10.6029 1.28125 -5.37198e-07
11.3883 1.28125 2.64008e-07
12.1737 1.28125 -4.5097e-07
12.9591 1.28125 1.02215e-07
13.7445 1.28125 1.08694e-06
14.5299 1.28125 -1.03203e-07
15.3153 1.28125 2.97845e-08
16.1007 1.28125 3.10091e-07
16.8861 1.28125 -2.29934e-07
17.6715 1.28125 -4.50798e-07
18.4569 1.28125 -1.0298e-07
19.2423 1.28125 4.20225e-07
20.0277 1.28125 -3.60366e-07
20.8131 1.28125 2.46706e-07
21.5984 1.28125 7.95373e-07
22.3838 1.28125 -4.23788e-07
23.1692 1.28125 -5.07377e-07
23.9546 1.28125 -2.03594e-07
24.74 1.28125 1.05799e-07

0.392699 1.34375 -1.85809e-08
1.1781 1.34375 4.91131e-07
1.9635 1.34375 -4.83106e-07
2.74889 1.34375 -5.46945e-07
3.53429 1.34375 3.16e-07
4.31969 1.34375 5.65973e-08
5.10509 1.34375 1.87684e-07
5.89049 1.34375 -2.13389e-07
6.67588 1.34375 -3.13119e-08
7.46128 1.34375 1.1597e-07
8.24668 1.34375 2.05638e-07
9.03208 1.34375 3.0309e-07
9.81748 1.34375 -4.44968e-07
10.6029 1.34375 -5.83341e-07
11.3883 1.34375 3.2525e-07
12.1737 1.34375 -4.44947e-07
12.9591 1.34375 1.16634e-07
13.7445 1.34375 1.07017e-06
14.5299 1.34375 -1.36318e-07
15.3153 1.34375 6.69488e-08
16.1007 1.34375 2.56234e-07
16.8861 1.34375 -1.94436e-07
17.6715 1.34375 -3.67896e-07
18.4569 1.34375 -1.45338e-07
19.2423 1.34375 4.03096e-07
20.0277 1.34375 -3.75353e-07
20.8131 1.34375 2.46622e-07
21.5984 1.34375 7.54009e-07
22.3838 1.34375 -4.38366e-07
23.1692 1.34375 -4.80598e-07
23.9546 1.34375 -1.50218e-07
24.74 1.34375 1.06291e-07

0.392699 1.40625 -8.9701e-08
1.1781 1.40625 4.53856e-07
1.9635 1.40625 -4.4475e-07
2.74889 1.40625 -5.09975e-07
3.53429 1.40625 3.27558e-07
4.31969 1.40625 7.83711e-08
5.10509 1.40625 1.56175e-07
5.89049 1.40625 -2.15289e-07
6.67588 1.40625 -2.3318e-08
7.46128 1.40625 8.56415e-08
8.24668 1.40625 1.86031e-07
9.03208 1.40625 3.40659e-07
9.81748 1.40625 -4.73865e-07
10.6029 1.40625 -6.04711e-07
11.3883 1.40625 3.86538e-07
12.1737 1.40625 -4.41893e-07
12.9591 1.40625 1.33571e-07
13.7445 1.40625 1.05471e-06
14.5299 1.40625 -1.68364e-07
15.3153 1.40625 9.04973e-08
16.1007 1.40625 1.90618e-07
16.8861 1.40625 -1.41097e-07
17.6715 1.40625 -2.71459e-07
18.4569 1.40625 -1.84754e-07
19.2423 1.40625 3.60266e-07
20.0277 1.40625 -3.86569e-07
20.8131 1.40625 2.5819e-07
21.5984 1.40625 7.02102e-07
22.3838 1.40625 -4.41393e-07
23.1692 1.40625 -4.5913e-07
23.9546 1.40625 -1.04929e-07
24.74 1.40625 1.14396e-07

0.392699 1.46875 -1.64183e-07
1.1781 1.46875 4.02544e-07
1.9635 1.46875 -3.93678e-07
2.74889 1.46875 -4.53424e-07
3.53429 1.46875 3.31589e-07
4.31969 1.46875 1.0802e-07
5.10509 1.46875 1.16086e-07
5.89049 1.46875 -2.35642e-07
6.67588 1.46875 -1.1088e-08
7.46128 1.46875 6.80274e-08
8.24668 1.46875 1.75706e-07
9.03208 1.46875 3.45817e-07
9.81748 1.46875 -4.98665e-07
10.6029 1.46875 -5.94004e-07
11.3883 1.46875 4.37525e-07
12.1737 1.46875 -4.43572e-07
12.9591 1.46875 1.60588e-07
13.7445 1.46875 1.04161e-06
14.5299 1.46875 -2.0409e-07
15.3153 1.46875 9.96119e-08
16.1007 1.46875 1.21895e-07
16.8861 1.46875 -7.22551e-08
17.6715 1.46875 -1.6927e-07
18.4569 1.46875 -2.17391e-07
19.2423 1.46875 3.00753e-07
20.0277 1.46875 -3.98117e-07
20.8131 1.46875 2.81148e-07
21.5984 1.46875 6.46668e-07
22.3838 1.46875 -4.3908e-07
23.1692 1.46875 -4.47881e-07
23.9546 1.46875 -6.52314e-08
24.74 1.46875 1.30148e-07

0.392699 1.53125 -2.38955e-07
1.1781 1.53125 3.42795e-07
1.9635 1.53125 -3.37101e-07
2.74889 1.53125 -3.84308e-07
3.53429 1.53125 3.27831e-07
4.31969 1.53125 1.45598e-07
5.10509 1.53125 7.19692e-08
5.89049 1.53125 -2.68148e-07
6.67588 1.53125 2.13549e-09
7.46128 1.53125 5.88759e-08
8.24668 1.53125 1.79393e-07
9.03208 1.53125 3.17245e-07
9.81748 1.53125 -5.15509e-07
10.6029 1.53125 -5.50116e-07
11.3883 1.53125 4.65189e-07
12.1737 1.53125 -4.49572e-07
12.9591 1.53125 2.03733e-07
13.7445 1.53125 1.02584e-06
14.5299 1.53125 -2.45808e-07
15.3153 1.53125 9.84407e-08
16.1007 1.53125 6.05716e-08
16.8861 1.53125 6.24547e-09
17.6715 1.53125 -7.11134e-08
18.4569 1.53125 -2.39299e-07
19.2423 1.53125 2.35018e-07
20.0277 1.53125 -4.12757e-07
20.8131 1.53125 3.1223e-07
21.5984 1.53125 5.91938e-07
22.3838 1.53125 -4.39799e-07
23.1692 1.53125 -4.43772e-07
23.9546 1.53125 -2.66451e-08
24.74 1.53125 1.49264e-07

0.392699 1.59375 -3.09032e-07
1.1781 1.59375 2.80831e-07
1.9635 1.59375 -2.83825e-07
2.74889 1.59375 -3.11986e-07
3.53429 1.59375 3.21787e-07
4.31969 1.59375 1.878e-07
5.10509 1.59375 2.5785e-08
5.89049 1.59375 -3.04774e-07
6.67588 1.59375 1.33494e-08
7.46128 1.59375 5.54473e-08
8.24668 1.59375 1.97414e-07
9.03208 1.59375 2.59592e-07
9.81748 1.59375 -5.19256e-07
10.6029 1.59375 -4.80104e-07
11.3883 1.59375 4.61005e-07
12.1737 1.59375 -4.55847e-07
12.9591 1.59375 2.64718e-07
13.7445 1.59375 9.97699e-07
14.5299 1.59375 -2.93814e-07
15.3153 1.59375 9.37039e-08
16.1007 1.59375 1.48843e-08
16.8861 1.59375 8.62502e-08
17.6715 1.59375 1.38414e-08
18.4569 1.59375 -2.46634e-07
19.2423 1.59375 1.7144e-07
20.0277 1.59375 -4.30841e-07
20.8131 1.59375 3.46862e-07
21.5984 1.59375 5.38603e-07
22.3838 1.59375 -4.49251e-07
23.1692 1.59375 -4.38499e-07
23.9546 1.59375 1.30319e-08
24.74 1.59375 1.64931e-07

0.392699 1.65625 -3.68192e-07
1.1781 1.65625 2.23209e-07
1.9635 1.65625 -2.42802e-07
2.74889 1.65625 -2.42487e-07
3.53429 1.65625 3.24685e-07
4.31969 1.65625 2.25843e-07
5.10509 1.65625 -2.63612e-08
5.89049 1.65625 -3.35988e-07
6.67588 1.65625 2.43681e-08
7.46128 1.65625 5.71048e-08
8.24668 1.65625 2.24415e-07
9.03208 1.65625 1.80522e-07
9.81748 1.65625 -5.04423e-07
10.6029 1.65625 -3.93511e-07
11.3883 1.65625 4.21073e-07
12.1737 1.65625 -4.55707e-07
12.9591 1.65625 3.43971e-07
13.7445 1.65625 9.44722e-07
14.5299 1.65625 -3.46455e-07
15.3153 1.65625 9.57992e-08
16.1007 1.65625 -1.29571e-08
16.8861 1.65625 1.57501e-07
17.6715 1.65625 7.78136e-08
18.4569 1.65625 -2.38466e-07
19.2423 1.65625 1.12279e-07
20.0277 1.65625 -4.47995e-07
20.8131 1.65625 3.85377e-07
21.5984 1.65625 4.82456e-07
22.3838 1.65625 -4.70921e-07
23.1692 1.65625 -4.20969e-07
23.9546 1.65625 5.3498e-08
24.74 1.65625 1.67791e-07

0.392699 1.71875 -4.09099e-07
1.1781 1.71875 1.77104e-07
1.9635 1.71875 -2.18235e-07
2.74889 1.71875 -1.74837e-07
3.53429 1.71875 3.40618e-07
4.31969 1.71875 2.43554e-07
5.10509 1.71875 -8.64601e-08
5.89049 1.71875 -3.50806e-07
6.67588 1.71875 4.02314e-08
7.46128 1.71875 6.40929e-08
8.24668 1.71875 2.48062e-07
9.03208 1.71875 9.10317e-08
9.81748 1.71875 -4.71552e-07
10.6029 1.71875 -2.9988e-07
11.3883 1.71875 3.53654e-07
12.1737 1.71875 -4.38958e-07
12.9591 1.71875 4.36218e-07
13.7445 1.71875 8.53802e-07
14.5299 1.71875 -3.98627e-07
15.3153 1.71875 1.12941e-07
16.1007 1.71875 -2.4486e-08
16.8861 1.71875 2.13245e-07
17.6715 1.71875 1.14522e-07
18.4569 1.71875 -2.20925e-07
19.2423 1.71875 5.60319e-08
20.0277 1.71875 -4.51697e-07
20.8131 1.71875 4.28758e-07
21.5984 1.71875 4.12085e-07
22.3838 1.71875 -5.02951e-07
23.1692 1.71875 -3.8031e-07
23.9546 1.71875 9.37947e-08
24.74 1.71875 1.49225e-07

0.392699 1.78125 -4.21007e-07
1.1781 1.78125 1.47875e-07
1.9635 1.78125 -2.0575e-07
2.74889 1.78125 -1.01036e-07
3.53429 1.78125 3.59511e-07
4.31969 1.78125 2.21197e-07
5.10509 1.78125 -1.51723e-07
5.89049 1.78125 -3.34432e-07
6.67588 1.78125 6.6714e-08
7.46128 1.78125 7.40514e-08
8.24668 1.78125 2.52125e-07
9.03208 1.78125 -1.30707e-09
9.81748 1.78125 -4.22611e-07
10.6029 1.78125 -2.0067e-07
11.3883 1.78125 2.70264e-07
12.1737 1.78125 -3.9328e-07
12.9591 1.78125 5.28628e-07
13.7445 1.78125 7.0709e-07
14.5299 1.78125 -4.39931e-07
15.3153 1.78125 1.49555e-07
16.1007 1.78125 -2.34601e-08
16.8861 1.78125 2.47571e-07
17.6715 1.78125 1.16077e-07
18.4569 1.78125 -2.04555e-07
19.2423 1.78125 3.57104e-09
20.0277 1.78125 -4.19329e-07
20.8131 1.78125 4.72681e-07
21.5984 1.78125 3.07191e-07
22.3838 1.78125 -5.33121e-07
23.1692 1.78125 -3.02891e-07
23.9546 1.78125 1.30615e-07
24.74 1.78125 1.00766e-07

0.392699 1.84375 -3.84188e-07
1.1781 1.84375 1.3628e-07
1.9635 1.84375 -1.86907e-07
2.74889 1.84375 -1.9451e-08
3.53429 1.84375 3.42615e-07
4.31969 1.84375 1.47028e-07
5.10509 1.84375 -1.96201e-07
5.89049 1.84375 -2.70842e-07
6.67588 1.84375 9.90852e-08
7.46128 1.84375 7.68122e-08
8.24668 1.84375 2.192e-07
9.03208 1.84375 -8.25172e-08
9.81748 1.84375 -3.55574e-07
10.6029 1.84375 -9.73233e-08
11.3883 1.84375 1.86976e-07
12.1737 1.84375 -3.05407e-07
12.9591 1.84375 5.7752e-07
13.7445 1.84375 4.93055e-07
14.5299 1.84375 -4.42441e-07
15.3153 1.84375 1.93728e-07
16.1007 1.84375 -1.39017e-08
16.8861 1.84375 2.46568e-07
17.6715 1.84375 7.34241e-08
18.4569 1.84375 -1.9372e-07
19.2423 1.84375 -3.21595e-08
20.0277 1.84375 -3.23668e-07
20.8131 1.84375 4.84841e-07
21.5984 1.84375 1.53596e-07
22.3838 1.84375 -5.2052e-07
23.1692 1.84375 -1.82247e-07
23.9546 1.84375 1.50205e-07
24.74 1.84375 2.36142e-08

0.392699 1.90625 -2.71249e-07
1.1781 1.90625 1.27036e-07
1.9635 1.90625 -1.42018e-07
2.74889 1.90625 3.92048e-08
3.53429 1.90625 2.43812e-07
4.31969 1.90625 5.04348e-08
5.10509 1.90625 -1.73006e-07
5.89049 1.90625 -1.62036e-07
6.67588 1.90625 1.1013e-07
7.46128 1.90625 5.57373e-08
8.24668 1.90625 1.44433e-07
9.03208 1.90625 -1.22906e-07
9.81748 1.90625 -2.56168e-07
10.6029 1.90625 1.5957e-09
11.3883 1.90625 1.11478e-07
12.1737 1.90625 -1.82458e-07
12.9591 1.90625 5.02829e-07
13.7445 1.90625 2.3735e-07
14.5299 1.90625 -3.58282e-07
15.3153 1.90625 2.08423e-07
16.1007 1.90625 -6.34752e-09
16.8861 1.90625 1.8327e-07
17.6715 1.90625 -8.71291e-10
18.4569 1.90625 -1.64731e-07
19.2423 1.90625 -2.68363e-08
20.0277 1.90625 -1.69494e-07
20.8131 1.90625 3.96847e-07
21.5984 1.90625 -1.0535e-08
22.3838 1.90625 -3.99335e-07
23.1692 1.90625 -4.58872e-08
23.9546 1.90625 1.25181e-07
24.74 1.90625 -5.03648e-08

0.392699 1.96875 -9.24653e-08
1.1781 1.96875 7.98567e-08
1.9635 1.96875 -6.12856e-08
2.74889 1.96875 1.63298e-08
3.53429 1.96875 6.5086e-08
4.31969 1.96875 9.11972e-09
5.10509 1.96875 -5.20286e-08
5.89049 1.96875 -5.62974e-08
6.67588 1.96875 5.73315e-08
7.46128 1.96875 9.48681e-09
8.24668 1.96875 5.4463e-08
9.03208 1.96875 -6.78855e-08
9.81748 1.96875 -1.246e-07
10.6029 1.96875 4.93894e-08
11.3883 1.96875 5.26709e-08
12.1737 1.96875 -7.77978e-08
12.9591 1.96875 2.28513e-07
13.7445 1.96875 6.0824e-08
14.5299 1.96875 -1.62048e-07
15.3153 1.96875 1.1618e-07
16.1007 1.96875 -5.70096e-09
16.8861 1.96875 5.36832e-08
17.6715 1.96875 -4.03243e-08
18.4569 1.96875 -8.05752e-08
19.2423 1.96875 1.59067e-08
20.0277 1.96875 -3.43506e-08
20.8131 1.96875 1.6164e-07
21.5984 1.96875 -5.02819e-08
22.3838 1.96875 -1.4859e-07
23.1692 1.96875 1.1254e-08
23.9546 1.96875 5.15058e-08
24.74 1.96875 -4.17524e-08

