0.392699 0.03125 1.21746e-08
0.392699 0.09375 5.47256e-08
0.392699 0.15625 8.1215e-08
0.392699 0.21875 8.47425e-08
0.392699 0.28125 7.48281e-08
0.392699 0.34375 6.35797e-08
0.392699 0.40625 5.91983e-08
0.392699 0.46875 6.53561e-08
0.392699 0.53125 8.21816e-08
0.392699 0.59375 1.07615e-07
0.392699 0.65625 1.38045e-07
0.392699 0.71875 1.68955e-07
0.392699 0.78125 1.95286e-07
0.392699 0.84375 2.11894e-07
0.392699 0.90625 2.15989e-07
0.392699 0.96875 2.06688e-07
0.392699 1.03125 1.84463e-07
0.392699 1.09375 1.50219e-07
0.392699 1.15625 1.04914e-07
0.392699 1.21875 5.14757e-08
0.392699 1.28125 -7.38682e-09
0.392699 1.34375 -6.89789e-08
0.392699 1.40625 -1.32564e-07
0.392699 1.46875 -1.96886e-07
0.392699 1.53125 -2.60045e-07
0.392699 1.59375 -3.1883e-07
0.392699 1.65625 -3.68962e-07
0.392699 1.71875 -4.04826e-07
0.392699 1.78125 -4.16446e-07
0.392699 1.84375 -3.83343e-07
0.392699 1.90625 -2.75185e-07
0.392699 1.96875 -9.62866e-08
1.1781 0.03125 9.37107e-08
1.1781 0.09375 1.68548e-07
1.1781 0.15625 1.88955e-07
1.1781 0.21875 1.89311e-07
1.1781 0.28125 1.87836e-07
1.1781 0.34375 1.90186e-07
1.1781 0.40625 1.97156e-07
1.1781 0.46875 2.08057e-07
1.1781 0.53125 2.19737e-07
1.1781 0.59375 2.30068e-07
1.1781 0.65625 2.39674e-07
1.1781 0.71875 2.53567e-07
1.1781 0.78125 2.77274e-07
1.1781 0.84375 3.14305e-07
1.1781 0.90625 3.6255e-07
1.1781 0.96875 4.165e-07
1.1781 1.03125 4.68177e-07
1.1781 1.09375 5.12066e-07
1.1781 1.15625 5.43412e-07
1.1781 1.21875 5.58444e-07
1.1781 1.28125 5.5312e-07
1.1781 1.34375 5.25686e-07
1.1781 1.40625 4.78081e-07
1.1781 1.46875 4.1551e-07
1.1781 1.53125 3.44448e-07
1.1781 1.59375 2.72353e-07
1.1781 1.65625 2.0723e-07
1.1781 1.71875 1.57166e-07
1.1781 1.78125 1.28014e-07
1.1781 1.84375 1.19904e-07
1.1781 1.90625 1.1659e-07
1.1781 1.96875 7.59066e-08
1.9635 0.03125 2.94273e-08
1.9635 0.09375 1.44916e-07
1.9635 0.15625 2.15297e-07
1.9635 0.21875 2.22397e-07
1.9635 0.28125 1.90459e-07
1.9635 0.34375 1.41124e-07
1.9635 0.40625 8.70887e-08
1.9635 0.46875 3.59815e-08
1.9635 0.53125 -8.47043e-09
1.9635 0.59375 -4.65214e-08
1.9635 0.65625 -8.23013e-08
1.9635 0.71875 -1.19719e-07
1.9635 0.78125 -1.59209e-07
1.9635 0.84375 -1.97916e-07
1.9635 0.90625 -2.3333e-07
1.9635 0.96875 -2.65614e-07
1.9635 1.03125 -2.96497e-07
1.9635 1.09375 -3.26403e-07
1.9635 1.15625 -3.51629e-07
1.9635 1.21875 -3.67251e-07
1.9635 1.28125 -3.68392e-07
1.9635 1.34375 -3.54305e-07
1.9635 1.40625 -3.26814e-07
1.9635 1.46875 -2.90554e-07
1.9635 1.53125 -2.51256e-07
1.9635 1.59375 -2.15557e-07
1.9635 1.65625 -1.90521e-07
1.9635 1.71875 -1.79076e-07
1.9635 1.78125 -1.77052e-07
1.9635 1.84375 -1.67239e-07
1.9635 1.90625 -1.3027e-07
1.9635 1.96875 -5.49689e-08
2.74889 0.03125 -3.02942e-08
2.74889 0.09375 2.72878e-08
2.74889 0.15625 1.47815e-07
2.74889 0.21875 2.4839e-07
2.74889 0.28125 3.07746e-07
2.74889 0.34375 3.31389e-07
2.74889 0.40625 3.25558e-07
2.74889 0.46875 2.92078e-07
2.74889 0.53125 2.34686e-07
2.74889 0.59375 1.57878e-07
2.74889 0.65625 6.83344e-08
2.74889 0.71875 -2.85344e-08
2.74889 0.78125 -1.28268e-07
2.74889 0.84375 -2.28874e-07
2.74889 0.90625 -3.27495e-07
2.74889 0.96875 -4.20374e-07
2.74889 1.03125 -5.0027e-07
2.74889 1.09375 -5.62282e-07
2.74889 1.15625 -6.04454e-07
2.74889 1.21875 -6.28018e-07
2.74889 1.28125 -6.32593e-07
2.74889 1.34375 -6.16141e-07
2.74889 1.40625 -5.76789e-07
2.74889 1.46875 -5.16797e-07
2.74889 1.53125 -4.4347e-07
2.74889 1.59375 -3.66786e-07
2.74889 1.65625 -2.94119e-07
2.74889 1.71875 -2.24971e-07
2.74889 1.78125 -1.5061e-07
2.74889 1.84375 -6.53331e-08
2.74889 1.90625 5.51335e-09
2.74889 1.96875 6.00015e-09
3.53429 0.03125 -1.12278e-07
3.53429 0.09375 -2.55722e-07
3.53429 0.15625 -2.68359e-07
3.53429 0.21875 -2.12198e-07
3.53429 0.28125 -1.42358e-07
3.53429 0.34375 -7.78976e-08
3.53429 0.40625 -2.19059e-08
3.53429 0.46875 2.514e-08
3.53429 0.53125 6.07451e-08
3.53429 0.59375 8.27576e-08
3.53429 0.65625 9.04578e-08
3.53429 0.71875 8.83441e-08
3.53429 0.78125 8.36047e-08
3.53429 0.84375 8.44145e-08
3.53429 0.90625 9.45641e-08
3.53429 0.96875 1.14489e-07
3.53429 1.03125 1.396e-07
3.53429 1.09375 1.64738e-07
3.53429 1.15625 1.85918e-07
3.53429 1.21875 2.03784e-07
3.53429 1.28125 2.20362e-07
3.53429 1.34375 2.3645e-07
3.53429 1.40625 2.49894e-07
3.53429 1.46875 2.57469e-07
3.53429 1.53125 2.58668e-07
3.53429 1.59375 2.58076e-07
3.53429 1.65625 2.65931e-07
3.53429 1.71875 2.87083e-07
3.53429 1.78125 3.13729e-07
3.53429 1.84375 3.09905e-07
3.53429 1.90625 2.27676e-07
3.53429 1.96875 6.05767e-08
4.31969 0.03125 -9.94249e-08
4.31969 0.09375 -2.90102e-07
4.31969 0.15625 -4.22229e-07
4.31969 0.21875 -4.75669e-07
4.31969 0.28125 -4.82916e-07
4.31969 0.34375 -4.71174e-07
4.31969 0.40625 -4.50683e-07
4.31969 0.46875 -4.23122e-07
4.31969 0.53125 -3.86466e-07
4.31969 0.59375 -3.397e-07
4.31969 0.65625 -2.84149e-07
4.31969 0.71875 -2.25322e-07
4.31969 0.78125 -1.68952e-07
4.31969 0.84375 -1.19161e-07
4.31969 0.90625 -7.57312e-08
4.31969 0.96875 -3.87829e-08
4.31969 1.03125 -8.94385e-09
4.31969 1.09375 1.28612e-08
4.31969 1.15625 2.77668e-08
4.31969 1.21875 3.96057e-08
4.31969 1.28125 5.30648e-08
4.31969 1.34375 7.18339e-08
4.31969 1.40625 9.79324e-08
4.31969 1.46875 1.31569e-07
4.31969 1.53125 1.722e-07
4.31969 1.59375 2.16695e-07
4.31969 1.65625 2.57847e-07
4.31969 1.71875 2.80385e-07
4.31969 1.78125 2.63817e-07
4.31969 1.84375 1.91241e-07
4.31969 1.90625 8.44031e-08
4.31969 1.96875 1.72166e-08
5.10509 0.03125 3.64536e-08
5.10509 0.09375 -4.4539e-08
5.10509 0.15625 -1.75003e-07
5.10509 0.21875 -2.67789e-07
5.10509 0.28125 -3.05812e-07
5.10509 0.34375 -3.04501e-07
5.10509 0.40625 -2.79588e-07
5.10509 0.46875 -2.40542e-07
5.10509 0.53125 -1.91738e-07
5.10509 0.59375 -1.35109e-07
5.10509 0.65625 -7.15759e-08
5.10509 0.71875 -5.43012e-09
5.10509 0.78125 5.61582e-08
5.10509 0.84375 1.06221e-07
5.10509 0.90625 1.4278e-07
5.10509 0.96875 1.69135e-07
5.10509 1.03125 1.90693e-07
5.10509 1.09375 2.10699e-07
5.10509 1.15625 2.27801e-07
5.10509 1.21875 2.37295e-07
5.10509 1.28125 2.34138e-07
5.10509 1.34375 2.17424e-07
5.10509 1.40625 1.89475e-07
5.10509 1.46875 1.55813e-07
5.10509 1.53125 1.19844e-07
5.10509 1.59375 8.20676e-08
5.10509 1.65625 3.71151e-08
5.10509 1.71875 -1.96453e-08
5.10509 1.78125 -8.83975e-08
5.10509 1.84375 -1.46012e-07
5.10509 1.90625 -1.43618e-07
5.10509 1.96875 -4.21021e-08
5.89049 0.03125 6.25221e-08
5.89049 0.09375 1.28217e-07
5.89049 0.15625 8.95026e-08
5.89049 0.21875 4.43114e-09
5.89049 0.28125 -7.86548e-08
5.89049 0.34375 -1.4412e-07
5.89049 0.40625 -1.92126e-07
5.89049 0.46875 -2.24207e-07
5.89049 0.53125 -2.45494e-07
5.89049 0.59375 -2.62571e-07
5.89049 0.65625 -2.81829e-07
5.89049 0.71875 -3.03705e-07
5.89049 0.78125 -3.2453e-07
5.89049 0.84375 -3.39147e-07
5.89049 0.90625 -3.45394e-07
5.89049 0.96875 -3.42047e-07
5.89049 1.03125 -3.28208e-07
5.89049 1.09375 -3.03422e-07
5.89049 1.15625 -2.69791e-07
5.89049 1.21875 -2.33333e-07
5.89049 1.28125 -2.03471e-07
5.89049 1.34375 -1.8942e-07
5.89049 1.40625 -1.95847e-07
5.89049 1.46875 -2.2089e-07
5.89049 1.53125 -2.58006e-07
5.89049 1.59375 -2.9903e-07
5.89049 1.65625 -3.35343e-07
5.89049 1.71875 -3.56615e-07
5.89049 1.78125 -3.48047e-07
5.89049 1.84375 -2.90773e-07
5.89049 1.90625 -1.81232e-07
5.89049 1.96875 -6.25442e-08
6.67588 0.03125 9.17483e-08
6.67588 0.09375 2.72452e-07
6.67588 0.15625 4.09524e-07
6.67588 0.21875 4.76748e-07
6.67588 0.28125 4.93857e-07
6.67588 0.34375 4.84267e-07
6.67588 0.40625 4.59367e-07
6.67588 0.46875 4.22261e-07
6.67588 0.53125 3.73917e-07
6.67588 0.59375 3.15319e-07
6.67588 0.65625 2.48603e-07
6.67588 0.71875 1.76974e-07
6.67588 0.78125 1.05375e-07
6.67588 0.84375 3.94434e-08
6.67588 0.90625 -1.41447e-08
6.67588 0.96875 -5.14641e-08
6.67588 1.03125 -7.18254e-08
6.67588 1.09375 -7.97392e-08
6.67588 1.15625 -8.01693e-08
6.67588 1.21875 -7.67692e-08
6.67588 1.28125 -7.02924e-08
6.67588 1.34375 -6.16258e-08
6.67588 1.40625 -5.07362e-08
6.67588 1.46875 -3.93632e-08
6.67588 1.53125 -2.93209e-08
6.67588 1.59375 -2.18093e-08
6.67588 1.65625 -1.38314e-08
6.67588 1.71875 7.76977e-10
6.67588 1.78125 2.89631e-08
6.67588 1.84375 6.77397e-08
6.67588 1.90625 9.01772e-08
6.67588 1.96875 5.06173e-08
7.46128 0.03125 -6.44957e-09
7.46128 0.09375 -1.58897e-08
7.46128 0.15625 1.96842e-08
7.46128 0.21875 7.31087e-08
7.46128 0.28125 1.27642e-07
7.46128 0.34375 1.79881e-07
7.46128 0.40625 2.30444e-07
7.46128 0.46875 2.79936e-07
7.46128 0.53125 3.29903e-07
7.46128 0.59375 3.82999e-07
7.46128 0.65625 4.38393e-07
7.46128 0.71875 4.89265e-07
7.46128 0.78125 5.24064e-07
7.46128 0.84375 5.33178e-07
7.46128 0.90625 5.13606e-07
7.46128 0.96875 4.6917e-07
7.46128 1.03125 4.06464e-07
7.46128 1.09375 3.33338e-07
7.46128 1.15625 2.5775e-07
7.46128 1.21875 1.87942e-07
7.46128 1.28125 1.30253e-07
7.46128 1.34375 8.8197e-08
7.46128 1.40625 6.1061e-08
7.46128 1.46875 4.53289e-08
7.46128 1.53125 3.65126e-08
7.46128 1.59375 3.18899e-08
7.46128 1.65625 3.17397e-08
7.46128 1.71875 3.79327e-08
7.46128 1.78125 5.00756e-08
7.46128 1.84375 5.90487e-08
7.46128 1.90625 4.67928e-08
7.46128 1.96875 7.36225e-09
8.24668 0.03125 4.37113e-08
8.24668 0.09375 9.95787e-08
8.24668 0.15625 1.42365e-07
8.24668 0.21875 1.73452e-07
8.24668 0.28125 1.94561e-07
8.24668 0.34375 2.09855e-07
8.24668 0.40625 2.22911e-07
8.24668 0.46875 2.33709e-07
8.24668 0.53125 2.40541e-07
8.24668 0.59375 2.43257e-07
8.24668 0.65625 2.43854e-07
8.24668 0.71875 2.46425e-07
8.24668 0.78125 2.5482e-07
8.24668 0.84375 2.70751e-07
8.24668 0.90625 2.90376e-07
8.24668 0.96875 3.05918e-07
8.24668 1.03125 3.10222e-07
8.24668 1.09375 3.00853e-07
8.24668 1.15625 2.79172e-07
8.24668 1.21875 2.48211e-07
8.24668 1.28125 2.12659e-07
8.24668 1.34375 1.78669e-07
8.24668 1.40625 1.53075e-07
8.24668 1.46875 1.41544e-07
8.24668 1.53125 1.47967e-07
8.24668 1.59375 1.71574e-07
8.24668 1.65625 2.06172e-07
8.24668 1.71875 2.38689e-07
8.24668 1.78125 2.5204e-07
8.24668 1.84375 2.26693e-07
8.24668 1.90625 1.54474e-07
8.24668 1.96875 5.83014e-08
9.03208 0.03125 -5.32502e-08
9.03208 0.09375 -1.10082e-07
9.03208 0.15625 -1.64517e-07
9.03208 0.21875 -2.13745e-07
9.03208 0.28125 -2.58968e-07
9.03208 0.34375 -3.01841e-07
9.03208 0.40625 -3.39741e-07
9.03208 0.46875 -3.68108e-07
9.03208 0.53125 -3.8154e-07
9.03208 0.59375 -3.78881e-07
9.03208 0.65625 -3.61402e-07
9.03208 0.71875 -3.32548e-07
9.03208 0.78125 -2.94664e-07
9.03208 0.84375 -2.49626e-07
9.03208 0.90625 -1.96629e-07
9.03208 0.96875 -1.32477e-07
9.03208 1.03125 -5.50052e-08
9.03208 1.09375 3.36815e-08
9.03208 1.15625 1.27131e-07
9.03208 1.21875 2.17577e-07
9.03208 1.28125 2.97483e-07
9.03208 1.34375 3.59525e-07
9.03208 1.40625 3.96243e-07
9.03208 1.46875 4.02721e-07
9.03208 1.53125 3.77636e-07
9.03208 1.59375 3.24696e-07
9.03208 1.65625 2.49618e-07
9.03208 1.71875 1.61042e-07
9.03208 1.78125 6.4567e-08
9.03208 1.84375 -2.72831e-08
9.03208 1.90625 -8.4995e-08
9.03208 1.96875 -5.0801e-08
9.81748 0.03125 3.39151e-08
9.81748 0.09375 1.08503e-07
9.81748 0.15625 1.52396e-07
9.81748 0.21875 1.59549e-07
9.81748 0.28125 1.47878e-07
9.81748 0.34375 1.27038e-07
9.81748 0.40625 9.89187e-08
9.81748 0.46875 6.40891e-08
9.81748 0.53125 2.61994e-08
9.81748 0.59375 -8.77431e-09
9.81748 0.65625 -3.56233e-08
9.81748 0.71875 -5.50749e-08
9.81748 0.78125 -7.24198e-08
9.81748 0.84375 -9.42821e-08
9.81748 0.90625 -1.2333e-07
9.81748 0.96875 -1.58544e-07
9.81748 1.03125 -1.9644e-07
9.81748 1.09375 -2.33845e-07
9.81748 1.15625 -2.67033e-07
9.81748 1.21875 -2.94485e-07
9.81748 1.28125 -3.16718e-07
9.81748 1.34375 -3.37512e-07
9.81748 1.40625 -3.59844e-07
9.81748 1.46875 -3.84933e-07
9.81748 1.53125 -4.09356e-07
9.81748 1.59375 -4.27217e-07
9.81748 1.65625 -4.31957e-07
9.81748 1.71875 -4.21793e-07
9.81748 1.78125 -3.96321e-07
9.81748 1.84375 -3.49848e-07
9.81748 1.90625 -2.6363e-07
9.81748 1.96875 -1.31592e-07
10.6029 0.03125 -1.08404e-07
10.6029 0.09375 -1.52497e-07
10.6029 0.15625 -8.15602e-08
10.6029 0.21875 7.0177e-10
10.6029 0.28125 5.58464e-08
10.6029 0.34375 8.58007e-08
10.6029 0.40625 9.59183e-08
10.6029 0.46875 8.8236e-08
10.6029 0.53125 6.27439e-08
10.6029 0.59375 2.29753e-08
10.6029 0.65625 -2.61601e-08
10.6029 0.71875 -7.81445e-08
10.6029 0.78125 -1.2841e-07
10.6029 0.84375 -1.74532e-07
10.6029 0.90625 -2.18828e-07
10.6029 0.96875 -2.66599e-07
10.6029 1.03125 -3.22096e-07
10.6029 1.09375 -3.86934e-07
10.6029 1.15625 -4.58818e-07
10.6029 1.21875 -5.32635e-07
10.6029 1.28125 -6.00577e-07
10.6029 1.34375 -6.53859e-07
10.6029 1.40625 -6.82742e-07
10.6029 1.46875 -6.79491e-07
10.6029 1.53125 -6.41303e-07
10.6029 1.59375 -5.73204e-07
10.6029 1.65625 -4.8281e-07
10.6029 1.71875 -3.7939e-07
10.6029 1.78125 -2.65348e-07
10.6029 1.84375 -1.44154e-07
10.6029 1.90625 -2.71242e-08
10.6029 1.96875 3.46317e-08
11.3883 0.03125 -1.57571e-07
11.3883 0.09375 -3.86864e-07
11.3883 0.15625 -4.95287e-07
11.3883 0.21875 -5.06211e-07
11.3883 0.28125 -4.80752e-07
11.3883 0.34375 -4.47571e-07
11.3883 0.40625 -4.1005e-07
11.3883 0.46875 -3.64063e-07
11.3883 0.53125 -3.07307e-07
11.3883 0.59375 -2.42798e-07
11.3883 0.65625 -1.77052e-07
11.3883 0.71875 -1.14932e-07
11.3883 0.78125 -5.83942e-08
11.3883 0.84375 -7.97821e-09
11.3883 0.90625 3.62285e-08
11.3883 0.96875 7.49013e-08
11.3883 1.03125 1.08353e-07
11.3883 1.09375 1.38846e-07
11.3883 1.15625 1.6883e-07
11.3883 1.21875 2.0375e-07
11.3883 1.28125 2.4721e-07
11.3883 1.34375 3.0022e-07
11.3883 1.40625 3.56249e-07
11.3883 1.46875 4.06304e-07
11.3883 1.53125 4.38222e-07
11.3883 1.59375 4.42839e-07
11.3883 1.65625 4.14941e-07
11.3883 1.71875 3.59881e-07
11.3883 1.78125 2.86369e-07
11.3883 1.84375 2.07274e-07
11.3883 1.90625 1.29319e-07
11.3883 1.96875 6.33458e-08
12.1737 0.03125 5.25421e-08
12.1737 0.09375 -6.53335e-08
12.1737 0.15625 -2.6984e-07
12.1737 0.21875 -4.09274e-07
12.1737 0.28125 -4.63874e-07
12.1737 0.34375 -4.69315e-07
12.1737 0.40625 -4.56964e-07
12.1737 0.46875 -4.43659e-07
12.1737 0.53125 -4.3623e-07
12.1737 0.59375 -4.36044e-07
12.1737 0.65625 -4.4197e-07
12.1737 0.71875 -4.51268e-07
12.1737 0.78125 -4.60427e-07
12.1737 0.84375 -4.6532e-07
12.1737 0.90625 -4.63854e-07
12.1737 0.96875 -4.57466e-07
12.1737 1.03125 -4.49384e-07
12.1737 1.09375 -4.41679e-07
12.1737 1.15625 -4.34041e-07
12.1737 1.21875 -4.25098e-07
12.1737 1.28125 -4.14994e-07
12.1737 1.34375 -4.05088e-07
12.1737 1.40625 -3.98349e-07
12.1737 1.46875 -3.98033e-07
12.1737 1.53125 -4.05582e-07
12.1737 1.59375 -4.18359e-07
12.1737 1.65625 -4.30381e-07
12.1737 1.71875 -4.30269e-07
12.1737 1.78125 -4.02656e-07
12.1737 1.84375 -3.28646e-07
12.1737 1.90625 -2.08369e-07
12.1737 1.96875 -8.86621e-08
12.9591 0.03125 1.8207e-07
12.9591 0.09375 4.08591e-07
12.9591 0.15625 4.14757e-07
12.9591 0.21875 3.11888e-07
12.9591 0.28125 2.01043e-07
12.9591 0.34375 1.14919e-07
12.9591 0.40625 4.8571e-08
12.9591 0.46875 -8.45162e-09
12.9591 0.53125 -6.30731e-08
12.9591 0.59375 -1.16372e-07
12.9591 0.65625 -1.66256e-07
12.9591 0.71875 -2.08906e-07
12.9591 0.78125 -2.40134e-07
12.9591 0.84375 -2.55185e-07
12.9591 0.90625 -2.51683e-07
12.9591 0.96875 -2.30701e-07
12.9591 1.03125 -1.96871e-07
12.9591 1.09375 -1.5706e-07
12.9591 1.15625 -1.18496e-07
12.9591 1.21875 -8.67936e-08
12.9591 1.28125 -6.30995e-08
12.9591 1.34375 -4.4361e-08
12.9591 1.40625 -2.38226e-08
12.9591 1.46875 5.34305e-09
12.9591 1.53125 4.95941e-08
12.9591 1.59375 1.12239e-07
12.9591 1.65625 1.96028e-07
12.9591 1.71875 2.9848e-07
12.9591 1.78125 4.09497e-07
12.9591 1.84375 4.87153e-07
12.9591 1.90625 4.48974e-07
12.9591 1.96875 2.07704e-07
13.7445 0.03125 1.477e-07
13.7445 0.09375 4.53578e-07
13.7445 0.15625 7.00361e-07
13.7445 0.21875 8.29824e-07
13.7445 0.28125 8.84113e-07
13.7445 0.34375 9.12149e-07
13.7445 0.40625 9.38164e-07
13.7445 0.46875 9.66152e-07
13.7445 0.53125 9.94281e-07
13.7445 0.59375 1.01902e-06
13.7445 0.65625 1.03941e-06
13.7445 0.71875 1.05395e-06
13.7445 0.78125 1.06171e-06
13.7445 0.84375 1.06169e-06
13.7445 0.90625 1.05763e-06
13.7445 0.96875 1.05609e-06
13.7445 1.03125 1.06221e-06
13.7445 1.09375 1.07395e-06
13.7445 1.15625 1.08442e-06
13.7445 1.21875 1.08663e-06
13.7445 1.28125 1.08055e-06
13.7445 1.34375 1.06996e-06
13.7445 1.40625 1.06029e-06
13.7445 1.46875 1.05363e-06
13.7445 1.53125 1.04596e-06
13.7445 1.59375 1.02855e-06
13.7445 1.65625 9.89109e-07
13.7445 1.71875 9.13265e-07
13.7445 1.78125 7.79861e-07
13.7445 1.84375 5.70549e-07
13.7445 1.90625 3.02275e-07
13.7445 1.96875 8.97355e-08
14.5299 0.03125 1.57965e-09
14.5299 0.09375 5.64121e-08
14.5299 0.15625 1.9534e-07
14.5299 0.21875 3.23252e-07
14.5299 0.28125 4.00535e-07
14.5299 0.34375 4.34712e-07
14.5299 0.40625 4.45155e-07
14.5299 0.46875 4.46764e-07
14.5299 0.53125 4.47427e-07
14.5299 0.59375 4.49415e-07
14.5299 0.65625 4.51327e-07
14.5299 0.71875 4.49215e-07
14.5299 0.78125 4.37633e-07
14.5299 0.84375 4.11619e-07
14.5299 0.90625 3.69827e-07
14.5299 0.96875 3.14826e-07
14.5299 1.03125 2.51419e-07
14.5299 1.09375 1.8483e-07
14.5299 1.15625 1.21065e-07
14.5299 1.21875 6.49394e-08
14.5299 1.28125 1.81914e-08
14.5299 1.34375 -2.1621e-08
14.5299 1.40625 -5.86364e-08
14.5299 1.46875 -9.70416e-08
14.5299 1.53125 -1.40031e-07
14.5299 1.59375 -1.89682e-07
14.5299 1.65625 -2.47009e-07
14.5299 1.71875 -3.09571e-07
14.5299 1.78125 -3.68956e-07
14.5299 1.84375 -3.96484e-07
14.5299 1.90625 -3.38965e-07
14.5299 1.96875 -1.57675e-07
15.3153 0.03125 -8.44433e-08
15.3153 0.09375 -1.61732e-07
15.3153 0.15625 -1.69458e-07
15.3153 0.21875 -1.50788e-07
15.3153 0.28125 -1.49031e-07
15.3153 0.34375 -1.78398e-07
15.3153 0.40625 -2.35585e-07
15.3153 0.46875 -3.09796e-07
15.3153 0.53125 -3.87408e-07
15.3153 0.59375 -4.54668e-07
15.3153 0.65625 -5.00817e-07
15.3153 0.71875 -5.20105e-07
15.3153 0.78125 -5.10983e-07
15.3153 0.84375 -4.75199e-07
15.3153 0.90625 -4.16673e-07
15.3153 0.96875 -3.42358e-07
15.3153 1.03125 -2.61756e-07
15.3153 1.09375 -1.84511e-07
15.3153 1.15625 -1.15964e-07
15.3153 1.21875 -5.72314e-08
15.3153 1.28125 -7.69074e-09
15.3153 1.34375 3.17677e-08
15.3153 1.40625 5.94634e-08
15.3153 1.46875 7.34893e-08
15.3153 1.53125 7.63128e-08
15.3153 1.59375 7.33514e-08
15.3153 1.65625 7.41964e-08
15.3153 1.71875 8.71732e-08
15.3153 1.78125 1.17923e-07
15.3153 1.84375 1.58124e-07
15.3153 1.90625 1.76683e-07
15.3153 1.96875 1.00829e-07
16.1007 0.03125 -5.25487e-08
16.1007 0.09375 -1.79949e-07
16.1007 0.15625 -2.67764e-07
16.1007 0.21875 -2.8967e-07
16.1007 0.28125 -2.62097e-07
16.1007 0.34375 -2.08536e-07
16.1007 0.40625 -1.44106e-07
16.1007 0.46875 -7.65475e-08
16.1007 0.53125 -8.32973e-09
16.1007 0.59375 6.0854e-08
16.1007 0.65625 1.31118e-07
16.1007 0.71875 2.00691e-07
16.1007 0.78125 2.64311e-07
16.1007 0.84375 3.16101e-07
16.1007 0.90625 3.52108e-07
16.1007 0.96875 3.72771e-07
16.1007 1.03125 3.81844e-07
16.1007 1.09375 3.82655e-07
16.1007 1.15625 3.75107e-07
16.1007 1.21875 3.56298e-07
16.1007 1.28125 3.2164e-07
16.1007 1.34375 2.69836e-07
16.1007 1.40625 2.03732e-07
16.1007 1.46875 1.31678e-07
16.1007 1.53125 6.44454e-08
16.1007 1.59375 1.13712e-08
16.1007 1.65625 -2.31925e-08
16.1007 1.71875 -3.86887e-08
16.1007 1.78125 -3.74289e-08
16.1007 1.84375 -2.34434e-08
16.1007 1.90625 -8.73699e-09
16.1007 1.96875 -3.32813e-09
16.8861 0.03125 -2.65107e-09
16.8861 0.09375 -1.8671e-08
16.8861 0.15625 -7.16889e-08
16.8861 0.21875 -1.27936e-07
16.8861 0.28125 -1.65622e-07
16.8861 0.34375 -1.7897e-07
16.8861 0.40625 -1.69947e-07
16.8861 0.46875 -1.41373e-07
16.8861 0.53125 -9.99406e-08
16.8861 0.59375 -5.26929e-08
16.8861 0.65625 -8.56193e-09
16.8861 0.71875 2.51787e-08
16.8861 0.78125 4.13298e-08
16.8861 0.84375 3.73476e-08
16.8861 0.90625 1.37509e-08
16.8861 0.96875 -2.32137e-08
16.8861 1.03125 -6.51464e-08
16.8861 1.09375 -1.02373e-07
16.8861 1.15625 -1.2908e-07
16.8861 1.21875 -1.41171e-07
16.8861 1.28125 -1.3808e-07
16.8861 1.34375 -1.1916e-07
16.8861 1.40625 -8.55689e-08
16.8861 1.46875 -3.80427e-08
16.8861 1.53125 2.00149e-08
16.8861 1.59375 8.27177e-08
16.8861 1.65625 1.41834e-07
16.8861 1.71875 1.91318e-07
16.8861 1.78125 2.24876e-07
16.8861 1.84375 2.281e-07
16.8861 1.90625 1.72818e-07
16.8861 1.96875 5.19731e-08
17.6715 0.03125 -1.4903e-09
17.6715 0.09375 2.8181e-08
17.6715 0.15625 4.98254e-08
17.6715 0.21875 4.70588e-08
17.6715 0.28125 1.98064e-08
17.6715 0.34375 -2.61289e-08
17.6715 0.40625 -8.3583e-08
17.6715 0.46875 -1.4792e-07
17.6715 0.53125 -2.16396e-07
17.6715 0.59375 -2.88382e-07
17.6715 0.65625 -3.61052e-07
17.6715 0.71875 -4.3121e-07
17.6715 0.78125 -4.94794e-07
17.6715 0.84375 -5.4885e-07
17.6715 0.90625 -5.89386e-07
17.6715 0.96875 -6.13454e-07
17.6715 1.03125 -6.18839e-07
17.6715 1.09375 -6.05188e-07
17.6715 1.15625 -5.72228e-07
17.6715 1.21875 -5.20951e-07
17.6715 1.28125 -4.50478e-07
17.6715 1.34375 -3.62032e-07
17.6715 1.40625 -2.59401e-07
17.6715 1.46875 -1.50612e-07
17.6715 1.53125 -4.5982e-08
17.6715 1.59375 4.44341e-08
17.6715 1.65625 1.11901e-07
17.6715 1.71875 1.49637e-07
17.6715 1.78125 1.49756e-07
17.6715 1.84375 1.03434e-07
17.6715 1.90625 2.19481e-08
17.6715 1.96875 -3.03549e-08
18.4569 0.03125 -7.75341e-09
18.4569 0.09375 -4.58174e-08
18.4569 0.15625 -6.61378e-08
18.4569 0.21875 -6.26824e-08
18.4569 0.28125 -4.5458e-08
18.4569 0.34375 -2.5442e-08
18.4569 0.40625 -8.78164e-09
18.4569 0.46875 1.02795e-09
18.4569 0.53125 3.97124e-09
18.4569 0.59375 3.96739e-10
18.4569 0.65625 -7.89671e-09
18.4569 0.71875 -1.92069e-08
18.4569 0.78125 -3.07248e-08
18.4569 0.84375 -4.10197e-08
18.4569 0.90625 -5.04831e-08
18.4569 0.96875 -6.20585e-08
18.4569 1.03125 -7.92775e-08
18.4569 1.09375 -1.03761e-07
18.4569 1.15625 -1.34378e-07
18.4569 1.21875 -1.68258e-07
18.4569 1.28125 -2.01869e-07
18.4569 1.34375 -2.31361e-07
18.4569 1.40625 -2.53677e-07
18.4569 1.46875 -2.67032e-07
18.4569 1.53125 -2.69747e-07
18.4569 1.59375 -2.60392e-07
18.4569 1.65625 -2.3956e-07
18.4569 1.71875 -2.13866e-07
18.4569 1.78125 -1.93386e-07
18.4569 1.84375 -1.82673e-07
18.4569 1.90625 -1.58485e-07
18.4569 1.96875 -8.15711e-08
19.2423 0.03125 1.59213e-08
19.2423 0.09375 4.51477e-08
19.2423 0.15625 4.61752e-08
19.2423 0.21875 3.79403e-08
19.2423 0.28125 3.54469e-08
19.2423 0.34375 4.32265e-08
19.2423 0.40625 5.81029e-08
19.2423 0.46875 7.55511e-08
19.2423 0.53125 9.16101e-08
19.2423 0.59375 1.05776e-07
19.2423 0.65625 1.18852e-07
19.2423 0.71875 1.33713e-07
19.2423 0.78125 1.54129e-07
19.2423 0.84375 1.83392e-07
19.2423 0.90625 2.21282e-07
19.2423 0.96875 2.65869e-07
19.2423 1.03125 3.14313e-07
19.2423 1.09375 3.62736e-07
19.2423 1.15625 4.05188e-07
19.2423 1.21875 4.34168e-07
19.2423 1.28125 4.41086e-07
19.2423 1.34375 4.21622e-07
19.2423 1.40625 3.77804e-07
19.2423 1.46875 3.1866e-07
19.2423 1.53125 2.54618e-07
19.2423 1.59375 1.93746e-07
19.2423 1.65625 1.37975e-07
19.2423 1.71875 8.43509e-08
19.2423 1.78125 3.10167e-08
19.2423 1.84375 -1.19273e-08
19.2423 1.90625 -1.86835e-08
19.2423 1.96875 1.45345e-08
20.0277 0.03125 2.92776e-08
20.0277 0.09375 6.11056e-08
20.0277 0.15625 7.7867e-08
20.0277 0.21875 8.43609e-08
20.0277 0.28125 8.75405e-08
20.0277 0.34375 9.13159e-08
20.0277 0.40625 9.63178e-08
20.0277 0.46875 1.00763e-07
20.0277 0.53125 1.01627e-07
20.0277 0.59375 9.60479e-08
20.0277 0.65625 8.21783e-08
20.0277 0.71875 5.82757e-08
20.0277 0.78125 2.40584e-08
20.0277 0.84375 -1.96091e-08
20.0277 0.90625 -7.04836e-08
20.0277 0.96875 -1.25668e-07
20.0277 1.03125 -1.81017e-07
20.0277 1.09375 -2.31839e-07
20.0277 1.15625 -2.74101e-07
20.0277 1.21875 -3.06097e-07
20.0277 1.28125 -3.29138e-07
20.0277 1.34375 -3.47542e-07
20.0277 1.40625 -3.65989e-07
20.0277 1.46875 -3.87284e-07
20.0277 1.53125 -4.12574e-07
20.0277 1.59375 -4.40653e-07
20.0277 1.65625 -4.66744e-07
20.0277 1.71875 -4.78335e-07
20.0277 1.78125 -4.52416e-07
20.0277 1.84375 -3.59027e-07
20.0277 1.90625 -1.9801e-07
20.0277 1.96875 -4.43168e-08
20.8131 0.03125 3.69319e-08
20.8131 0.09375 7.50409e-08
20.8131 0.15625 8.75067e-08
20.8131 0.21875 8.28017e-08
20.8131 0.28125 7.20172e-08
20.8131 0.34375 6.32453e-08
20.8131 0.40625 6.22251e-08
20.8131 0.46875 7.16684e-08
20.8131 0.53125 9.03976e-08
20.8131 0.59375 1.12591e-07
20.8131 0.65625 1.31478e-07
20.8131 0.71875 1.4244e-07
20.8131 0.78125 1.44917e-07
20.8131 0.84375 1.41655e-07
20.8131 0.90625 1.37371e-07
20.8131 0.96875 1.35021e-07
20.8131 1.03125 1.3378e-07
20.8131 1.09375 1.30814e-07
20.8131 1.15625 1.24452e-07
20.8131 1.21875 1.16541e-07
20.8131 1.28125 1.12181e-07
20.8131 1.34375 1.16549e-07
20.8131 1.40625 1.3316e-07
20.8131 1.46875 1.60698e-07
20.8131 1.53125 1.95623e-07
20.8131 1.59375 2.34126e-07
20.8131 1.65625 2.77553e-07
20.8131 1.71875 3.29222e-07
20.8131 1.78125 3.88054e-07
20.8131 1.84375 4.246e-07
20.8131 1.90625 3.67014e-07
20.8131 1.96875 1.54866e-07
21.5984 0.03125 1.758e-08
21.5984 0.09375 7.10842e-08
21.5984 0.15625 1.37264e-07
21.5984 0.21875 1.85773e-07
21.5984 0.28125 2.14904e-07
21.5984 0.34375 2.33912e-07
21.5984 0.40625 2.52261e-07
21.5984 0.46875 2.77646e-07
21.5984 0.53125 3.14429e-07
21.5984 0.59375 3.64119e-07
21.5984 0.65625 4.23781e-07
21.5984 0.71875 4.89821e-07
21.5984 0.78125 5.56848e-07
21.5984 0.84375 6.21348e-07
21.5984 0.90625 6.81278e-07
21.5984 0.96875 7.36899e-07
21.5984 1.03125 7.87706e-07
21.5984 1.09375 8.29673e-07
21.5984 1.15625 8.56218e-07
21.5984 1.21875 8.60893e-07
21.5984 1.28125 8.42452e-07
21.5984 1.34375 8.0532e-07
21.5984 1.40625 7.57583e-07
21.5984 1.46875 7.06501e-07
21.5984 1.53125 6.56598e-07
21.5984 1.59375 6.0863e-07
21.5984 1.65625 5.58473e-07
21.5984 1.71875 4.94364e-07
21.5984 1.78125 3.9431e-07
21.5984 1.84375 2.38518e-07
21.5984 1.90625 5.60186e-08
21.5984 1.96875 -2.38085e-08
22.3838 0.03125 -6.9851e-08
22.3838 0.09375 -1.49635e-07
22.3838 0.15625 -1.54019e-07
22.3838 0.21875 -1.26687e-07
22.3838 0.28125 -9.68206e-08
22.3838 0.34375 -7.65102e-08
22.3838 0.40625 -7.06935e-08
22.3838 0.46875 -7.96192e-08
22.3838 0.53125 -9.96367e-08
22.3838 0.59375 -1.22571e-07
22.3838 0.65625 -1.3977e-07
22.3838 0.71875 -1.44819e-07
22.3838 0.78125 -1.3653e-07
22.3838 0.84375 -1.19797e-07
22.3838 0.90625 -1.05047e-07
22.3838 0.96875 -1.02782e-07
22.3838 1.03125 -1.18543e-07
22.3838 1.09375 -1.49718e-07
22.3838 1.15625 -1.89672e-07
22.3838 1.21875 -2.29783e-07
22.3838 1.28125 -2.6325e-07
22.3838 1.34375 -2.85621e-07
22.3838 1.40625 -2.9775e-07
22.3838 1.46875 -3.04181e-07
22.3838 1.53125 -3.12542e-07
22.3838 1.59375 -3.29237e-07
22.3838 1.65625 -3.59466e-07
22.3838 1.71875 -4.03815e-07
22.3838 1.78125 -4.52885e-07
22.3838 1.84375 -4.67468e-07
22.3838 1.90625 -3.77009e-07
22.3838 1.96875 -1.45063e-07
23.1692 0.03125 -1.00032e-07
23.1692 0.09375 -2.16649e-07
23.1692 0.15625 -2.69761e-07
23.1692 0.21875 -2.89173e-07
23.1692 0.28125 -3.03407e-07
23.1692 0.34375 -3.19341e-07
23.1692 0.40625 -3.34031e-07
23.1692 0.46875 -3.44351e-07
23.1692 0.53125 -3.51395e-07
23.1692 0.59375 -3.58176e-07
23.1692 0.65625 -3.67233e-07
23.1692 0.71875 -3.80392e-07
23.1692 0.78125 -3.97984e-07
23.1692 0.84375 -4.19979e-07
23.1692 0.90625 -4.45838e-07
23.1692 0.96875 -4.73421e-07
23.1692 1.03125 -4.99231e-07
23.1692 1.09375 -5.19115e-07
23.1692 1.15625 -5.29851e-07
23.1692 1.21875 -5.2882e-07
23.1692 1.28125 -5.1716e-07
23.1692 1.34375 -5.00176e-07
23.1692 1.40625 -4.85749e-07
23.1692 1.46875 -4.79242e-07
23.1692 1.53125 -4.7923e-07
23.1692 1.59375 -4.78834e-07
23.1692 1.65625 -4.67648e-07
23.1692 1.71875 -4.34266e-07
23.1692 1.78125 -3.63052e-07
23.1692 1.84375 -2.42386e-07
23.1692 1.90625 -9.29116e-08
23.1692 1.96875 -7.14631e-09
23.9546 0.03125 -8.26195e-08
23.9546 0.09375 -2.62427e-07
23.9546 0.15625 -4.2029e-07
23.9546 0.21875 -5.12253e-07
23.9546 0.28125 -5.50915e-07
23.9546 0.34375 -5.62513e-07
23.9546 0.40625 -5.63526e-07
23.9546 0.46875 -5.61214e-07
23.9546 0.53125 -5.56862e-07
23.9546 0.59375 -5.51603e-07
23.9546 0.65625 -5.4545e-07
23.9546 0.71875 -5.38472e-07
23.9546 0.78125 -5.30577e-07
23.9546 0.84375 -5.22729e-07
23.9546 0.90625 -5.14829e-07
23.9546 0.96875 -5.03263e-07
23.9546 1.03125 -4.81399e-07
23.9546 1.09375 -4.44691e-07
23.9546 1.15625 -3.93185e-07
23.9546 1.21875 -3.33041e-07
23.9546 1.28125 -2.72302e-07
23.9546 1.34375 -2.17848e-07
23.9546 1.40625 -1.72079e-07
23.9546 1.46875 -1.33315e-07
23.9546 1.53125 -9.68256e-08
23.9546 1.59375 -5.88906e-08
23.9546 1.65625 -1.71592e-08
23.9546 1.71875 2.97921e-08
23.9546 1.78125 8.06854e-08
23.9546 1.84375 1.21118e-07
23.9546 1.90625 1.17369e-07
23.9546 1.96875 5.16303e-08
24.74 0.03125 9.26143e-08
24.74 0.09375 1.74152e-07
24.74 0.15625 1.61523e-07
24.74 0.21875 1.18179e-07
24.74 0.28125 8.29748e-08
24.74 0.34375 6.18827e-08
24.74 0.40625 4.89476e-08
24.74 0.46875 3.77424e-08
24.74 0.53125 2.62984e-08
24.74 0.59375 1.50224e-08
24.74 0.65625 5.58346e-09
24.74 0.71875 -8.29715e-10
24.74 0.78125 -2.83227e-09
24.74 0.84375 5.19191e-10
24.74 0.90625 9.78598e-09
24.74 0.96875 2.33993e-08
24.74 1.03125 3.7901e-08
24.74 1.09375 4.99835e-08
24.74 1.15625 5.92319e-08
24.74 1.21875 6.70896e-08
24.74 1.28125 7.6615e-08
24.74 1.34375 9.08022e-08
24.74 1.40625 1.11513e-07
24.74 1.46875 1.38727e-07
24.74 1.53125 1.68535e-07
24.74 1.59375 1.94174e-07
24.74 1.65625 2.0598e-07
24.74 1.71875 1.94486e-07
24.74 1.78125 1.49762e-07
24.74 1.84375 7.03951e-08
24.74 1.90625 -1.5023e-08
24.74 1.96875 -2.74043e-08
