0.392699 0.03125 1.1763e-08
0.392699 0.09375 5.35764e-08
0.392699 0.15625 7.81705e-08
0.392699 0.21875 7.97763e-08
0.392699 0.28125 6.85836e-08
0.392699 0.34375 5.64695e-08
0.392699 0.40625 5.11361e-08
0.392699 0.46875 5.59218e-08
0.392699 0.53125 7.10574e-08
0.392699 0.59375 9.46434e-08
0.392699 0.65625 1.2318e-07
0.392699 0.71875 1.52035e-07
0.392699 0.78125 1.76022e-07
0.392699 0.84375 1.90009e-07
0.392699 0.90625 1.91352e-07
0.392699 0.96875 1.79403e-07
0.392699 1.03125 1.54908e-07
0.392699 1.09375 1.18941e-07
0.392699 1.15625 7.28136e-08
0.392699 1.21875 1.96213e-08
0.392699 1.28125 -3.76038e-08
0.392699 1.34375 -9.60611e-08
0.392699 1.40625 -1.54937e-07
0.392699 1.46875 -2.13289e-07
0.392699 1.53125 -2.69823e-07
0.392699 1.59375 -3.22242e-07
0.392699 1.65625 -3.67301e-07
0.392699 1.71875 -4.00304e-07
0.392699 1.78125 -4.11762e-07
0.392699 1.84375 -3.80891e-07
0.392699 1.90625 -2.75856e-07
0.392699 1.96875 -9.77357e-08
1.1781 0.03125 9.19317e-08
1.1781 0.09375 1.64404e-07
1.1781 0.15625 1.83883e-07
1.1781 0.21875 1.84514e-07
1.1781 0.28125 1.8422e-07
1.1781 0.34375 1.88417e-07
1.1781 0.40625 1.97749e-07
1.1781 0.46875 2.11228e-07
1.1781 0.53125 2.25709e-07
1.1781 0.59375 2.39123e-07
1.1781 0.65625 2.5222e-07
1.1781 0.71875 2.69752e-07
1.1781 0.78125 2.96791e-07
1.1781 0.84375 3.362e-07
1.1781 0.90625 3.85671e-07
1.1781 0.96875 4.39759e-07
1.1781 1.03125 4.90895e-07
1.1781 1.09375 5.33614e-07
1.1781 1.15625 5.63064e-07
1.1781 1.21875 5.75367e-07
1.1781 1.28125 5.66572e-07
1.1781 1.34375 5.35168e-07
1.1781 1.40625 4.83238e-07
1.1781 1.46875 4.16154e-07
1.1781 1.53125 3.40719e-07
1.1781 1.59375 2.64831e-07
1.1781 1.65625 1.97039e-07
1.1781 1.71875 1.45771e-07
1.1781 1.78125 1.17106e-07
1.1781 1.84375 1.10987e-07
1.1781 1.90625 1.10847e-07
1.1781 1.96875 7.36982e-08
1.9635 0.03125 3.22812e-08
1.9635 0.09375 1.45066e-07
1.9635 0.15625 2.1047e-07
1.9635 0.21875 2.13621e-07
1.9635 0.28125 1.7966e-07
1.9635 0.34375 1.30293e-07
1.9635 0.40625 7.80166e-08
1.9635 0.46875 3.02901e-08
1.9635 0.53125 -9.59924e-09
1.9635 0.59375 -4.22474e-08
1.9635 0.65625 -7.18976e-08
1.9635 0.71875 -1.02294e-07
1.9635 0.78125 -1.33863e-07
1.9635 0.84375 -1.63917e-07
1.9635 0.90625 -1.9042e-07
1.9635 0.96875 -2.14013e-07
1.9635 1.03125 -2.3712e-07
1.9635 1.09375 -2.60621e-07
1.9635 1.15625 -2.81417e-07
1.9635 1.21875 -2.9486e-07
1.9635 1.28125 -2.96529e-07
1.9635 1.34375 -2.85712e-07
1.9635 1.40625 -2.64155e-07
1.9635 1.46875 -2.35866e-07
1.9635 1.53125 -2.05775e-07
1.9635 1.59375 -1.79397e-07
1.9635 1.65625 -1.62764e-07
1.9635 1.71875 -1.58154e-07
1.9635 1.78125 -1.61505e-07
1.9635 1.84375 -1.56352e-07
1.9635 1.90625 -1.23635e-07
1.9635 1.96875 -5.16208e-08
2.74889 0.03125 -2.37759e-08
2.74889 0.09375 4.3611e-08
2.74889 0.15625 1.67221e-07
2.74889 0.21875 2.65888e-07
2.74889 0.28125 3.20584e-07
2.74889 0.34375 3.38461e-07
2.74889 0.40625 3.26842e-07
2.74889 0.46875 2.8845e-07
2.74889 0.53125 2.27356e-07
2.74889 0.59375 1.48171e-07
2.74889 0.65625 5.7197e-08
2.74889 0.71875 -4.06491e-08
2.74889 0.78125 -1.41397e-07
2.74889 0.84375 -2.4319e-07
2.74889 0.90625 -3.4321e-07
2.74889 0.96875 -4.37673e-07
2.74889 1.03125 -5.19578e-07
2.74889 1.09375 -5.83893e-07
2.74889 1.15625 -6.28208e-07
2.74889 1.21875 -6.53216e-07
2.74889 1.28125 -6.58367e-07
2.74889 1.34375 -6.41796e-07
2.74889 1.40625 -6.01887e-07
2.74889 1.46875 -5.41019e-07
2.74889 1.53125 -4.66597e-07
2.74889 1.59375 -3.88792e-07
2.74889 1.65625 -3.15498e-07
2.74889 1.71875 -2.46414e-07
2.74889 1.78125 -1.72486e-07
2.74889 1.84375 -8.61355e-08
2.74889 1.90625 -1.00497e-08
2.74889 1.96875 1.31538e-09
3.53429 0.03125 -1.07539e-07
3.53429 0.09375 -2.38071e-07
3.53429 0.15625 -2.38705e-07
3.53429 0.21875 -1.74713e-07
3.53429 0.28125 -1.00987e-07
3.53429 0.34375 -3.56556e-08
3.53429 0.40625 1.88436e-08
3.53429 0.46875 6.22119e-08
3.53429 0.53125 9.22383e-08
3.53429 0.59375 1.07114e-07
3.53429 0.65625 1.06792e-07
3.53429 0.71875 9.62336e-08
3.53429 0.78125 8.2976e-08
3.53429 0.84375 7.5194e-08
3.53429 0.90625 7.68755e-08
3.53429 0.96875 8.8709e-08
3.53429 1.03125 1.06895e-07
3.53429 1.09375 1.26826e-07
3.53429 1.15625 1.44792e-07
3.53429 1.21875 1.60958e-07
3.53429 1.28125 1.76877e-07
3.53429 1.34375 1.93039e-07
3.53429 1.40625 2.07374e-07
3.53429 1.46875 2.16717e-07
3.53429 1.53125 2.2043e-07
3.53429 1.59375 2.22637e-07
3.53429 1.65625 2.33051e-07
3.53429 1.71875 2.56891e-07
3.53429 1.78125 2.87561e-07
3.53429 1.84375 2.90725e-07
3.53429 1.90625 2.17754e-07
3.53429 1.96875 5.79606e-08
4.31969 0.03125 -1.03715e-07
4.31969 0.09375 -2.94836e-07
4.31969 0.15625 -4.21922e-07
4.31969 0.21875 -4.69182e-07
4.31969 0.28125 -4.7147e-07
4.31969 0.34375 -4.56421e-07
4.31969 0.40625 -4.34078e-07
4.31969 0.46875 -4.05877e-07
4.31969 0.53125 -3.69889e-07
4.31969 0.59375 -3.25242e-07
4.31969 0.65625 -2.73319e-07
4.31969 0.71875 -2.18941e-07
4.31969 0.78125 -1.66835e-07
4.31969 0.84375 -1.20106e-07
4.31969 0.90625 -7.83758e-08
4.31969 0.96875 -4.19513e-08
4.31969 1.03125 -1.19457e-08
4.31969 1.09375 1.03619e-08
4.31969 1.15625 2.59671e-08
4.31969 1.21875 3.87693e-08
4.31969 1.28125 5.36645e-08
4.31969 1.34375 7.43248e-08
4.31969 1.40625 1.0255e-07
4.31969 1.46875 1.38108e-07
4.31969 1.53125 1.80226e-07
4.31969 1.59375 2.25898e-07
4.31969 1.65625 2.68673e-07
4.31969 1.71875 2.93828e-07
4.31969 1.78125 2.80648e-07
4.31969 1.84375 2.0986e-07
4.31969 1.90625 9.93007e-08
4.31969 1.96875 2.05753e-08
5.10509 0.03125 3.06416e-08
5.10509 0.09375 -5.90912e-08
5.10509 0.15625 -1.93475e-07
5.10509 0.21875 -2.85991e-07
5.10509 0.28125 -3.21672e-07
5.10509 0.34375 -3.17425e-07
5.10509 0.40625 -2.89588e-07
5.10509 0.46875 -2.47749e-07
5.10509 0.53125 -1.96038e-07
5.10509 0.59375 -1.36105e-07
5.10509 0.65625 -6.88846e-08
5.10509 0.71875 1.10769e-09
5.10509 0.78125 6.64581e-08
5.10509 0.84375 1.20013e-07
5.10509 0.90625 1.59637e-07
5.10509 0.96875 1.88254e-07
5.10509 1.03125 2.1081e-07
5.10509 1.09375 2.30307e-07
5.10509 1.15625 2.45698e-07
5.10509 1.21875 2.53165e-07
5.10509 1.28125 2.48787e-07
5.10509 1.34375 2.32399e-07
5.10509 1.40625 2.06587e-07
5.10509 1.46875 1.76459e-07
5.10509 1.53125 1.44834e-07
5.10509 1.59375 1.11487e-07
5.10509 1.65625 7.03662e-08
5.10509 1.71875 1.55668e-08
5.10509 1.78125 -5.46555e-08
5.10509 1.84375 -1.18834e-07
5.10509 1.90625 -1.27409e-07
5.10509 1.96875 -3.68853e-08
5.89049 0.03125 5.91761e-08
5.89049 0.09375 1.12306e-07
5.89049 0.15625 6.10509e-08
5.89049 0.21875 -3.24943e-08
5.89049 0.28125 -1.19169e-07
5.89049 0.34375 -1.8454e-07
5.89049 0.40625 -2.30027e-07
5.89049 0.46875 -2.58205e-07
5.89049 0.53125 -2.74487e-07
5.89049 0.59375 -2.85409e-07
5.89049 0.65625 -2.97202e-07
5.89049 0.71875 -3.1082e-07
5.89049 0.78125 -3.23568e-07
5.89049 0.84375 -3.31326e-07
5.89049 0.90625 -3.32386e-07
5.89049 0.96875 -3.25514e-07
5.89049 1.03125 -3.09586e-07
5.89049 1.09375 -2.83845e-07
5.89049 1.15625 -2.50257e-07
5.89049 1.21875 -2.14747e-07
5.89049 1.28125 -1.86622e-07
5.89049 1.34375 -1.74709e-07
5.89049 1.40625 -1.83386e-07
5.89049 1.46875 -2.10502e-07
5.89049 1.53125 -2.49498e-07
5.89049 1.59375 -2.92306e-07
5.89049 1.65625 -3.30849e-07
5.89049 1.71875 -3.55275e-07
5.89049 1.78125 -3.5093e-07
5.89049 1.84375 -2.97667e-07
5.89049 1.90625 -1.89002e-07
5.89049 1.96875 -6.50521e-08
6.67588 0.03125 9.27203e-08
6.67588 0.09375 2.7437e-07
6.67588 0.15625 4.07374e-07
6.67588 0.21875 4.68053e-07
6.67588 0.28125 4.78344e-07
6.67588 0.34375 4.62508e-07
6.67588 0.40625 4.32212e-07
6.67588 0.46875 3.90655e-07
6.67588 0.53125 3.3853e-07
6.67588 0.59375 2.76341e-07
6.67588 0.65625 2.05926e-07
6.67588 0.71875 1.30828e-07
6.67588 0.78125 5.67675e-08
6.67588 0.84375 -9.79633e-09
6.67588 0.90625 -6.20422e-08
6.67588 0.96875 -9.62201e-08
6.67588 1.03125 -1.12052e-07
6.67588 1.09375 -1.14258e-07
6.67588 1.15625 -1.08293e-07
6.67588 1.21875 -9.85964e-08
6.67588 1.28125 -8.69767e-08
6.67588 1.34375 -7.49966e-08
6.67588 1.40625 -6.29599e-08
6.67588 1.46875 -5.22221e-08
6.67588 1.53125 -4.38906e-08
6.67588 1.59375 -3.83105e-08
6.67588 1.65625 -3.19629e-08
6.67588 1.71875 -1.82011e-08
6.67588 1.78125 1.04796e-08
6.67588 1.84375 5.20479e-08
6.67588 1.90625 7.99616e-08
6.67588 1.96875 4.72244e-08
7.46128 0.03125 -3.81749e-09
7.46128 0.09375 -6.53051e-09
7.46128 0.15625 3.42176e-08
7.46128 0.21875 8.99753e-08
7.46128 0.28125 1.44428e-07
7.46128 0.34375 1.95075e-07
7.46128 0.40625 2.4309e-07
7.46128 0.46875 2.89438e-07
7.46128 0.53125 3.35823e-07
7.46128 0.59375 3.8469e-07
7.46128 0.65625 4.35079e-07
7.46128 0.71875 4.80308e-07
7.46128 0.78125 5.09418e-07
7.46128 0.84375 5.13403e-07
7.46128 0.90625 4.8987e-07
7.46128 0.96875 4.43057e-07
7.46128 1.03125 3.79881e-07
7.46128 1.09375 3.07978e-07
7.46128 1.15625 2.34849e-07
7.46128 1.21875 1.681e-07
7.46128 1.28125 1.13578e-07
7.46128 1.34375 7.42426e-08
7.46128 1.40625 4.90668e-08
7.46128 1.46875 3.42827e-08
7.46128 1.53125 2.53761e-08
7.46128 1.59375 1.978e-08
7.46128 1.65625 1.83215e-08
7.46128 1.71875 2.37752e-08
7.46128 1.78125 3.68134e-08
7.46128 1.84375 4.8975e-08
7.46128 1.90625 4.15115e-08
7.46128 1.96875 6.05541e-09
8.24668 0.03125 4.47128e-08
8.24668 0.09375 1.01937e-07
8.24668 0.15625 1.49741e-07
8.24668 0.21875 1.87307e-07
8.24668 0.28125 2.14787e-07
8.24668 0.34375 2.35908e-07
8.24668 0.40625 2.5405e-07
8.24668 0.46875 2.69169e-07
8.24668 0.53125 2.79569e-07
8.24668 0.59375 2.85256e-07
8.24668 0.65625 2.8826e-07
8.24668 0.71875 2.92323e-07
8.24668 0.78125 3.00589e-07
8.24668 0.84375 3.14084e-07
8.24668 0.90625 3.28845e-07
8.24668 0.96875 3.37467e-07
8.24668 1.03125 3.33379e-07
8.24668 1.09375 3.14705e-07
8.24668 1.15625 2.83538e-07
8.24668 1.21875 2.43819e-07
8.24668 1.28125 2.01047e-07
8.24668 1.34375 1.61901e-07
8.24668 1.40625 1.3345e-07
8.24668 1.46875 1.21267e-07
8.24668 1.53125 1.28854e-07
8.24668 1.59375 1.54972e-07
8.24668 1.65625 1.93147e-07
8.24668 1.71875 2.301e-07
8.24668 1.78125 2.4847e-07
8.24668 1.84375 2.27718e-07
8.24668 1.90625 1.5785e-07
8.24668 1.96875 5.95675e-08
9.03208 0.03125 -5.37941e-08
9.03208 0.09375 -1.12478e-07
9.03208 0.15625 -1.67418e-07
9.03208 0.21875 -2.15409e-07
9.03208 0.28125 -2.58402e-07
9.03208 0.34375 -2.98496e-07
9.03208 0.40625 -3.33259e-07
9.03208 0.46875 -3.58283e-07
9.03208 0.53125 -3.68704e-07
9.03208 0.59375 -3.63602e-07
9.03208 0.65625 -3.44361e-07
9.03208 0.71875 -3.14033e-07
9.03208 0.78125 -2.74567e-07
9.03208 0.84375 -2.27333e-07
9.03208 0.90625 -1.71628e-07
9.03208 0.96875 -1.0493e-07
9.03208 1.03125 -2.58935e-08
9.03208 1.09375 6.30799e-08
9.03208 1.15625 1.55637e-07
9.03208 1.21875 2.44371e-07
9.03208 1.28125 3.22151e-07
9.03208 1.34375 3.82346e-07
9.03208 1.40625 4.18203e-07
9.03208 1.46875 4.25357e-07
9.03208 1.53125 4.02465e-07
9.03208 1.59375 3.52687e-07
9.03208 1.65625 2.80714e-07
9.03208 1.71875 1.93904e-07
9.03208 1.78125 9.66858e-08
9.03208 1.84375 5.50537e-10
9.03208 1.90625 -6.53802e-08
9.03208 1.96875 -4.19209e-08
9.81748 0.03125 3.52141e-08
9.81748 0.09375 1.07794e-07
9.81748 0.15625 1.45218e-07
9.81748 0.21875 1.45464e-07
9.81748 0.28125 1.28139e-07
9.81748 0.34375 1.03071e-07
9.81748 0.40625 7.22376e-08
9.81748 0.46875 3.64655e-08
9.81748 0.53125 -3.8812e-10
9.81748 0.59375 -3.26889e-08
9.81748 0.65625 -5.58655e-08
9.81748 0.71875 -7.10871e-08
9.81748 0.78125 -8.37324e-08
9.81748 0.84375 -1.00295e-07
9.81748 0.90625 -1.23272e-07
9.81748 0.96875 -1.51328e-07
9.81748 1.03125 -1.80851e-07
9.81748 1.09375 -2.08766e-07
9.81748 1.15625 -2.32053e-07
9.81748 1.21875 -2.4999e-07
9.81748 1.28125 -2.63992e-07
9.81748 1.34375 -2.78514e-07
9.81748 1.40625 -2.97354e-07
9.81748 1.46875 -3.22262e-07
9.81748 1.53125 -3.50107e-07
9.81748 1.59375 -3.74759e-07
9.81748 1.65625 -3.89281e-07
9.81748 1.71875 -3.90884e-07
9.81748 1.78125 -3.78055e-07
9.81748 1.84375 -3.43214e-07
9.81748 1.90625 -2.65114e-07
9.81748 1.96875 -1.34051e-07
10.6029 0.03125 -9.82671e-08
10.6029 0.09375 -1.29671e-07
10.6029 0.15625 -5.22297e-08
10.6029 0.21875 3.152e-08
10.6029 0.28125 8.56346e-08
10.6029 0.34375 1.13258e-07
10.6029 0.40625 1.20113e-07
10.6029 0.46875 1.0832e-07
10.6029 0.53125 7.82e-08
10.6029 0.59375 3.36583e-08
10.6029 0.65625 -1.98664e-08
10.6029 0.71875 -7.58476e-08
10.6029 0.78125 -1.29949e-07
10.6029 0.84375 -1.80155e-07
10.6029 0.90625 -2.28735e-07
10.6029 0.96875 -2.80637e-07
10.6029 1.03125 -3.39745e-07
10.6029 1.09375 -4.0754e-07
10.6029 1.15625 -4.81742e-07
10.6029 1.21875 -5.57595e-07
10.6029 1.28125 -6.27711e-07
10.6029 1.34375 -6.83731e-07
10.6029 1.40625 -7.15913e-07
10.6029 1.46875 -7.16369e-07
10.6029 1.53125 -6.81508e-07
10.6029 1.59375 -6.15319e-07
10.6029 1.65625 -5.24395e-07
10.6029 1.71875 -4.17647e-07
10.6029 1.78125 -2.97658e-07
10.6029 1.84375 -1.68565e-07
10.6029 1.90625 -4.27758e-08
10.6029 1.96875 2.65139e-08
11.3883 0.03125 -1.60233e-07
11.3883 0.09375 -3.82859e-07
11.3883 0.15625 -4.78818e-07
11.3883 0.21875 -4.79518e-07
11.3883 0.28125 -4.48283e-07
11.3883 0.34375 -4.12743e-07
11.3883 0.40625 -3.74944e-07
11.3883 0.46875 -3.30086e-07
11.3883 0.53125 -2.75602e-07
11.3883 0.59375 -2.14095e-07
11.3883 0.65625 -1.51505e-07
11.3883 0.71875 -9.23775e-08
11.3883 0.78125 -3.86852e-08
11.3883 0.84375 8.88565e-09
11.3883 0.90625 5.00371e-08
11.3883 0.96875 8.51863e-08
11.3883 1.03125 1.1466e-07
11.3883 1.09375 1.40662e-07
11.3883 1.15625 1.65873e-07
11.3883 1.21875 1.95756e-07
11.3883 1.28125 2.34281e-07
11.3883 1.34375 2.82858e-07
11.3883 1.40625 3.3592e-07
11.3883 1.46875 3.85219e-07
11.3883 1.53125 4.19136e-07
11.3883 1.59375 4.28354e-07
11.3883 1.65625 4.07096e-07
11.3883 1.71875 3.59278e-07
11.3883 1.78125 2.92041e-07
11.3883 1.84375 2.16354e-07
11.3883 1.90625 1.38052e-07
11.3883 1.96875 6.85209e-08
12.1737 0.03125 3.88982e-08
12.1737 0.09375 -9.50983e-08
12.1737 0.15625 -3.04157e-07
12.1737 0.21875 -4.41258e-07
12.1737 0.28125 -4.91504e-07
12.1737 0.34375 -4.92464e-07
12.1737 0.40625 -4.75457e-07
12.1737 0.46875 -4.5692e-07
12.1737 0.53125 -4.43392e-07
12.1737 0.59375 -4.3652e-07
12.1737 0.65625 -4.35691e-07
12.1737 0.71875 -4.38729e-07
12.1737 0.78125 -4.4252e-07
12.1737 0.84375 -4.43453e-07
12.1737 0.90625 -4.39714e-07
12.1737 0.96875 -4.32548e-07
12.1737 1.03125 -4.2469e-07
12.1737 1.09375 -4.17621e-07
12.1737 1.15625 -4.10595e-07
12.1737 1.21875 -4.01783e-07
12.1737 1.28125 -3.9105e-07
12.1737 1.34375 -3.79832e-07
12.1737 1.40625 -3.71707e-07
12.1737 1.46875 -3.70602e-07
12.1737 1.53125 -3.78865e-07
12.1737 1.59375 -3.94635e-07
12.1737 1.65625 -4.1242e-07
12.1737 1.71875 -4.20492e-07
12.1737 1.78125 -4.02243e-07
12.1737 1.84375 -3.36142e-07
12.1737 1.90625 -2.18699e-07
12.1737 1.96875 -9.29713e-08
12.9591 0.03125 1.74228e-07
12.9591 0.09375 3.78769e-07
12.9591 0.15625 3.63943e-07
12.9591 0.21875 2.4746e-07
12.9591 0.28125 1.29654e-07
12.9591 0.34375 4.01544e-08
12.9591 0.40625 -2.81351e-08
12.9591 0.46875 -8.66371e-08
12.9591 0.53125 -1.42573e-07
12.9591 0.59375 -1.97055e-07
12.9591 0.65625 -2.47999e-07
12.9591 0.71875 -2.9146e-07
12.9591 0.78125 -3.23097e-07
12.9591 0.84375 -3.38125e-07
12.9591 0.90625 -3.34338e-07
12.9591 0.96875 -3.13169e-07
12.9591 1.03125 -2.79524e-07
12.9591 1.09375 -2.40129e-07
12.9591 1.15625 -2.01682e-07
12.9591 1.21875 -1.69225e-07
12.9591 1.28125 -1.43939e-07
12.9591 1.34375 -1.23235e-07
12.9591 1.40625 -1.0105e-07
12.9591 1.46875 -7.10019e-08
12.9591 1.53125 -2.65403e-08
12.9591 1.59375 3.63189e-08
12.9591 1.65625 1.21444e-07
12.9591 1.71875 2.27854e-07
12.9591 1.78125 3.47152e-07
12.9591 1.84375 4.38782e-07
12.9591 1.90625 4.19436e-07
12.9591 1.96875 1.96281e-07
13.7445 0.03125 1.526e-07
13.7445 0.09375 4.6181e-07
13.7445 0.15625 7.02036e-07
13.7445 0.21875 8.21779e-07
13.7445 0.28125 8.67551e-07
13.7445 0.34375 8.89239e-07
13.7445 0.40625 9.10291e-07
13.7445 0.46875 9.33984e-07
13.7445 0.53125 9.57923e-07
13.7445 0.59375 9.78613e-07
13.7445 0.65625 9.95218e-07
13.7445 0.71875 1.00677e-06
13.7445 0.78125 1.01293e-06
13.7445 0.84375 1.01352e-06
13.7445 0.90625 1.01235e-06
13.7445 0.96875 1.01544e-06
13.7445 1.03125 1.02697e-06
13.7445 1.09375 1.04432e-06
13.7445 1.15625 1.06017e-06
13.7445 1.21875 1.06736e-06
13.7445 1.28125 1.06552e-06
13.7445 1.34375 1.05862e-06
13.7445 1.40625 1.05234e-06
13.7445 1.46875 1.04922e-06
13.7445 1.53125 1.04581e-06
13.7445 1.59375 1.03399e-06
13.7445 1.65625 1.00175e-06
13.7445 1.71875 9.34316e-07
13.7445 1.78125 8.09065e-07
13.7445 1.84375 6.04231e-07
13.7445 1.90625 3.32011e-07
13.7445 1.96875 1.03204e-07
14.5299 0.03125 1.0961e-08
14.5299 0.09375 8.24137e-08
14.5299 0.15625 2.33804e-07
14.5299 0.21875 3.69102e-07
14.5299 0.28125 4.5138e-07
14.5299 0.34375 4.90563e-07
14.5299 0.40625 5.069e-07
14.5299 0.46875 5.15014e-07
14.5299 0.53125 5.22056e-07
14.5299 0.59375 5.29475e-07
14.5299 0.65625 5.35288e-07
14.5299 0.71875 5.35215e-07
14.5299 0.78125 5.23769e-07
14.5299 0.84375 4.9618e-07
14.5299 0.90625 4.51496e-07
14.5299 0.96875 3.92882e-07
14.5299 1.03125 3.25847e-07
14.5299 1.09375 2.5607e-07
14.5299 1.15625 1.89379e-07
14.5299 1.21875 1.30146e-07
14.5299 1.28125 8.00304e-08
14.5299 1.34375 3.70397e-08
14.5299 1.40625 -2.4109e-09
14.5299 1.46875 -4.21699e-08
14.5299 1.53125 -8.57501e-08
14.5299 1.59375 -1.36011e-07
14.5299 1.65625 -1.95234e-07
14.5299 1.71875 -2.62344e-07
14.5299 1.78125 -3.30142e-07
14.5299 1.84375 -3.7e-07
14.5299 1.90625 -3.2648e-07
14.5299 1.96875 -1.54288e-07
15.3153 0.03125 -8.17643e-08
15.3153 0.09375 -1.50125e-07
15.3153 0.15625 -1.46885e-07
15.3153 0.21875 -1.20028e-07
15.3153 0.28125 -1.14332e-07
15.3153 0.34375 -1.43055e-07
15.3153 0.40625 -2.01314e-07
15.3153 0.46875 -2.77165e-07
15.3153 0.53125 -3.56567e-07
15.3153 0.59375 -4.25895e-07
15.3153 0.65625 -4.74681e-07
15.3153 0.71875 -4.97337e-07
15.3153 0.78125 -4.9234e-07
15.3153 0.84375 -4.61356e-07
15.3153 0.90625 -4.08158e-07
15.3153 0.96875 -3.39411e-07
15.3153 1.03125 -2.64215e-07
15.3153 1.09375 -1.91697e-07
15.3153 1.15625 -1.26774e-07
15.3153 1.21875 -7.02961e-08
15.3153 1.28125 -2.14975e-08
15.3153 1.34375 1.86502e-08
15.3153 1.40625 4.81347e-08
15.3153 1.46875 6.45261e-08
15.3153 1.53125 6.94402e-08
15.3153 1.59375 6.75295e-08
15.3153 1.65625 6.77912e-08
15.3153 1.71875 7.84018e-08
15.3153 1.78125 1.05489e-07
15.3153 1.84375 1.42599e-07
15.3153 1.90625 1.61907e-07
15.3153 1.96875 9.34722e-08
16.1007 0.03125 -5.39415e-08
16.1007 0.09375 -1.81638e-07
16.1007 0.15625 -2.67162e-07
16.1007 0.21875 -2.86457e-07
16.1007 0.28125 -2.58251e-07
16.1007 0.34375 -2.06829e-07
16.1007 0.40625 -1.47108e-07
16.1007 0.46875 -8.61069e-08
16.1007 0.53125 -2.52954e-08
16.1007 0.59375 3.66329e-08
16.1007 0.65625 1.00771e-07
16.1007 0.71875 1.66041e-07
16.1007 0.78125 2.27886e-07
16.1007 0.84375 2.80785e-07
16.1007 0.90625 3.20789e-07
16.1007 0.96875 3.47602e-07
16.1007 1.03125 3.63675e-07
16.1007 1.09375 3.70996e-07
16.1007 1.15625 3.6878e-07
16.1007 1.21875 3.53965e-07
16.1007 1.28125 3.22232e-07
16.1007 1.34375 2.72309e-07
16.1007 1.40625 2.07006e-07
16.1007 1.46875 1.34434e-07
16.1007 1.53125 6.53395e-08
16.1007 1.59375 9.4582e-09
16.1007 1.65625 -2.79418e-08
16.1007 1.71875 -4.53216e-08
16.1007 1.78125 -4.41988e-08
16.1007 1.84375 -2.83938e-08
16.1007 1.90625 -1.03433e-08
16.1007 1.96875 -2.41896e-09
16.8861 0.03125 -4.08267e-09
16.8861 0.09375 -2.71323e-08
16.8861 0.15625 -8.5293e-08
16.8861 0.21875 -1.42703e-07
16.8861 0.28125 -1.77764e-07
16.8861 0.34375 -1.8601e-07
16.8861 0.40625 -1.70624e-07
16.8861 0.46875 -1.35338e-07
16.8861 0.53125 -8.70386e-08
16.8861 0.59375 -3.27913e-08
16.8861 0.65625 1.85413e-08
16.8861 0.71875 5.94638e-08
16.8861 0.78125 8.25597e-08
16.8861 0.84375 8.47893e-08
16.8861 0.90625 6.63147e-08
16.8861 0.96875 3.29598e-08
16.8861 1.03125 -7.039e-09
16.8861 1.09375 -4.42503e-08
16.8861 1.15625 -7.28543e-08
16.8861 1.21875 -8.89282e-08
16.8861 1.28125 -9.19974e-08
16.8861 1.34375 -8.14589e-08
16.8861 1.40625 -5.79436e-08
16.8861 1.46875 -2.13764e-08
16.8861 1.53125 2.60615e-08
16.8861 1.59375 7.96928e-08
16.8861 1.65625 1.3238e-07
16.8861 1.71875 1.78563e-07
16.8861 1.78125 2.1188e-07
16.8861 1.84375 2.17671e-07
16.8861 1.90625 1.67003e-07
16.8861 1.96875 5.09929e-08
17.6715 0.03125 -1.82667e-09
17.6715 0.09375 2.82621e-08
17.6715 0.15625 4.79807e-08
17.6715 0.21875 4.22713e-08
17.6715 0.28125 1.2707e-08
17.6715 0.34375 -3.40811e-08
17.6715 0.40625 -9.08679e-08
17.6715 0.46875 -1.53102e-07
17.6715 0.53125 -2.18414e-07
17.6715 0.59375 -2.86464e-07
17.6715 0.65625 -3.55141e-07
17.6715 0.71875 -4.21833e-07
17.6715 0.78125 -4.8313e-07
17.6715 0.84375 -5.36249e-07
17.6715 0.90625 -5.7728e-07
17.6715 0.96875 -6.02819e-07
17.6715 1.03125 -6.10009e-07
17.6715 1.09375 -5.97708e-07
17.6715 1.15625 -5.65316e-07
17.6715 1.21875 -5.13576e-07
17.6715 1.28125 -4.41999e-07
17.6715 1.34375 -3.52086e-07
17.6715 1.40625 -2.47941e-07
17.6715 1.46875 -1.37589e-07
17.6715 1.53125 -3.14162e-08
17.6715 1.59375 6.02862e-08
17.6715 1.65625 1.28474e-07
17.6715 1.71875 1.66182e-07
17.6715 1.78125 1.65477e-07
17.6715 1.84375 1.17547e-07
17.6715 1.90625 3.28698e-08
17.6715 1.96875 -2.54454e-08
18.4569 0.03125 -7.9849e-09
18.4569 0.09375 -4.43403e-08
18.4569 0.15625 -6.31284e-08
18.4569 0.21875 -5.97987e-08
18.4569 0.28125 -4.46699e-08
18.4569 0.34375 -2.8268e-08
18.4569 0.40625 -1.617e-08
18.4569 0.46875 -1.12562e-08
18.4569 0.53125 -1.32983e-08
18.4569 0.59375 -2.18214e-08
18.4569 0.65625 -3.50095e-08
18.4569 0.71875 -5.11289e-08
18.4569 0.78125 -6.75253e-08
18.4569 0.84375 -8.28409e-08
18.4569 0.90625 -9.72433e-08
18.4569 0.96875 -1.13208e-07
18.4569 1.03125 -1.33736e-07
18.4569 1.09375 -1.6011e-07
18.4569 1.15625 -1.90915e-07
18.4569 1.21875 -2.23009e-07
18.4569 1.28125 -2.52374e-07
18.4569 1.34375 -2.75135e-07
18.4569 1.40625 -2.88673e-07
18.4569 1.46875 -2.92206e-07
18.4569 1.53125 -2.85204e-07
18.4569 1.59375 -2.67426e-07
18.4569 1.65625 -2.40238e-07
18.4569 1.71875 -2.10466e-07
18.4569 1.78125 -1.87924e-07
18.4569 1.84375 -1.77179e-07
18.4569 1.90625 -1.55256e-07
18.4569 1.96875 -8.18993e-08
19.2423 0.03125 1.3691e-08
19.2423 0.09375 3.89478e-08
19.2423 0.15625 3.8405e-08
19.2423 0.21875 3.03062e-08
19.2423 0.28125 2.85194e-08
19.2423 0.34375 3.67558e-08
19.2423 0.40625 5.17102e-08
19.2423 0.46875 6.89241e-08
19.2423 0.53125 8.47792e-08
19.2423 0.59375 9.88953e-08
19.2423 0.65625 1.12301e-07
19.2423 0.71875 1.28009e-07
19.2423 0.78125 1.49858e-07
19.2423 0.84375 1.81027e-07
19.2423 0.90625 2.21242e-07
19.2423 0.96875 2.6829e-07
19.2423 1.03125 3.18848e-07
19.2423 1.09375 3.68554e-07
19.2423 1.15625 4.1128e-07
19.2423 1.21875 4.39658e-07
19.2423 1.28125 4.45759e-07
19.2423 1.34375 4.25937e-07
19.2423 1.40625 3.82712e-07
19.2423 1.46875 3.25007e-07
19.2423 1.53125 2.6308e-07
19.2423 1.59375 2.04685e-07
19.2423 1.65625 1.51469e-07
19.2423 1.71875 9.96836e-08
19.2423 1.78125 4.61223e-08
19.2423 1.84375 -5.41304e-10
19.2423 1.90625 -1.37818e-08
19.2423 1.96875 1.401e-08
20.0277 0.03125 2.77139e-08
20.0277 0.09375 5.83069e-08
20.0277 0.15625 7.44049e-08
20.0277 0.21875 8.10324e-08
20.0277 0.28125 8.49763e-08
20.0277 0.34375 8.97904e-08
20.0277 0.40625 9.57019e-08
20.0277 0.46875 1.00557e-07
20.0277 0.53125 1.01315e-07
20.0277 0.59375 9.54335e-08
20.0277 0.65625 8.14943e-08
20.0277 0.71875 5.82257e-08
20.0277 0.78125 2.5595e-08
20.0277 0.84375 -1.55248e-08
20.0277 0.90625 -6.32137e-08
20.0277 0.96875 -1.14897e-07
20.0277 1.03125 -1.6667e-07
20.0277 1.09375 -2.14067e-07
20.0277 1.15625 -2.5344e-07
20.0277 1.21875 -2.83649e-07
20.0277 1.28125 -3.06687e-07
20.0277 1.34375 -3.27116e-07
20.0277 1.40625 -3.49434e-07
20.0277 1.46875 -3.7578e-07
20.0277 1.53125 -4.06506e-07
20.0277 1.59375 -4.39715e-07
20.0277 1.65625 -4.7048e-07
20.0277 1.71875 -4.86432e-07
20.0277 1.78125 -4.64555e-07
20.0277 1.84375 -3.73654e-07
20.0277 1.90625 -2.10803e-07
20.0277 1.96875 -4.9008e-08
20.8131 0.03125 3.59678e-08
20.8131 0.09375 7.16156e-08
20.8131 0.15625 8.10458e-08
20.8131 0.21875 7.40781e-08
20.8131 0.28125 6.20578e-08
20.8131 0.34375 5.27248e-08
20.8131 0.40625 5.10882e-08
20.8131 0.46875 5.9202e-08
20.8131 0.53125 7.54221e-08
20.8131 0.59375 9.39422e-08
20.8131 0.65625 1.0828e-07
20.8131 0.71875 1.14078e-07
20.8131 0.78125 1.11028e-07
20.8131 0.84375 1.01989e-07
20.8131 0.90625 9.16382e-08
20.8131 0.96875 8.29429e-08
20.8131 1.03125 7.55187e-08
20.8131 1.09375 6.73173e-08
20.8131 1.15625 5.74699e-08
20.8131 1.21875 4.82243e-08
20.8131 1.28125 4.44204e-08
20.8131 1.34375 5.05034e-08
20.8131 1.40625 6.90368e-08
20.8131 1.46875 9.82222e-08
20.8131 1.53125 1.34437e-07
20.8131 1.59375 1.74284e-07
20.8131 1.65625 2.1967e-07
20.8131 1.71875 2.75134e-07
20.8131 1.78125 3.41345e-07
20.8131 1.84375 3.9052e-07
20.8131 1.90625 3.49326e-07
20.8131 1.96875 1.50553e-07
21.5984 0.03125 2.14584e-08
21.5984 0.09375 7.92431e-08
21.5984 0.15625 1.45605e-07
21.5984 0.21875 1.92344e-07
21.5984 0.28125 2.19441e-07
21.5984 0.34375 2.37e-07
21.5984 0.40625 2.55035e-07
21.5984 0.46875 2.81269e-07
21.5984 0.53125 3.1978e-07
21.5984 0.59375 3.7125e-07
21.5984 0.65625 4.32104e-07
21.5984 0.71875 4.98135e-07
21.5984 0.78125 5.64065e-07
21.5984 0.84375 6.26836e-07
21.5984 0.90625 6.85277e-07
21.5984 0.96875 7.40236e-07
21.5984 1.03125 7.91333e-07
21.5984 1.09375 8.34357e-07
21.5984 1.15625 8.62493e-07
21.5984 1.21875 8.69246e-07
21.5984 1.28125 8.53272e-07
21.5984 1.34375 8.18823e-07
21.5984 1.40625 7.73836e-07
21.5984 1.46875 7.25565e-07
21.5984 1.53125 6.78637e-07
21.5984 1.59375 6.33918e-07
21.5984 1.65625 5.87457e-07
21.5984 1.71875 5.27499e-07
21.5984 1.78125 4.31389e-07
21.5984 1.84375 2.76585e-07
21.5984 1.90625 8.71304e-08
21.5984 1.96875 -1.11727e-08
22.3838 0.03125 -6.3618e-08
22.3838 0.09375 -1.33939e-07
22.3838 0.15625 -1.31449e-07
22.3838 0.21875 -9.9965e-08
22.3838 0.28125 -6.7486e-08
22.3838 0.34375 -4.51721e-08
22.3838 0.40625 -3.73119e-08
22.3838 0.46875 -4.37219e-08
22.3838 0.53125 -6.03881e-08
22.3838 0.59375 -7.91529e-08
22.3838 0.65625 -9.16487e-08
22.3838 0.71875 -9.181e-08
22.3838 0.78125 -7.8812e-08
22.3838 0.84375 -5.76653e-08
22.3838 0.90625 -3.8556e-08
22.3838 0.96875 -3.17036e-08
22.3838 1.03125 -4.26869e-08
22.3838 1.09375 -6.96063e-08
22.3838 1.15625 -1.06623e-07
22.3838 1.21875 -1.45897e-07
22.3838 1.28125 -1.80737e-07
22.3838 1.34375 -2.0626e-07
22.3838 1.40625 -2.22343e-07
22.3838 1.46875 -2.32691e-07
22.3838 1.53125 -2.44502e-07
22.3838 1.59375 -2.64459e-07
22.3838 1.65625 -2.98594e-07
22.3838 1.71875 -3.48779e-07
22.3838 1.78125 -4.07232e-07
22.3838 1.84375 -4.35951e-07
22.3838 1.90625 -3.62317e-07
22.3838 1.96875 -1.42026e-07
23.1692 0.03125 -9.81974e-08
23.1692 0.09375 -2.10338e-07
23.1692 0.15625 -2.5647e-07
23.1692 0.21875 -2.69343e-07
23.1692 0.28125 -2.78713e-07
23.1692 0.34375 -2.91532e-07
23.1692 0.40625 -3.04769e-07
23.1692 0.46875 -3.15022e-07
23.1692 0.53125 -3.22949e-07
23.1692 0.59375 -3.3083e-07
23.1692 0.65625 -3.40702e-07
23.1692 0.71875 -3.53991e-07
23.1692 0.78125 -3.71051e-07
23.1692 0.84375 -3.92079e-07
23.1692 0.90625 -4.17111e-07
23.1692 0.96875 -4.44844e-07
23.1692 1.03125 -4.72534e-07
23.1692 1.09375 -4.96223e-07
23.1692 1.15625 -5.1228e-07
23.1692 1.21875 -5.1739e-07
23.1692 1.28125 -5.1183e-07
23.1692 1.34375 -5.00111e-07
23.1692 1.40625 -4.89663e-07
23.1692 1.46875 -4.85968e-07
23.1692 1.53125 -4.88357e-07
23.1692 1.59375 -4.90732e-07
23.1692 1.65625 -4.83227e-07
23.1692 1.71875 -4.5438e-07
23.1692 1.78125 -3.87719e-07
23.1692 1.84375 -2.69005e-07
23.1692 1.90625 -1.14935e-07
23.1692 1.96875 -1.59521e-08
23.9546 0.03125 -8.75785e-08
23.9546 0.09375 -2.73037e-07
23.9546 0.15625 -4.33213e-07
23.9546 0.21875 -5.25984e-07
23.9546 0.28125 -5.65454e-07
23.9546 0.34375 -5.78013e-07
23.9546 0.40625 -5.79828e-07
23.9546 0.46875 -5.77894e-07
23.9546 0.53125 -5.73731e-07
23.9546 0.59375 -5.68631e-07
23.9546 0.65625 -5.62845e-07
23.9546 0.71875 -5.56594e-07
23.9546 0.78125 -5.49896e-07
23.9546 0.84375 -5.43637e-07
23.9546 0.90625 -5.37589e-07
23.9546 0.96875 -5.28066e-07
23.9546 1.03125 -5.08425e-07
23.9546 1.09375 -4.73927e-07
23.9546 1.15625 -4.24441e-07
23.9546 1.21875 -3.65784e-07
23.9546 1.28125 -3.05945e-07
23.9546 1.34375 -2.52027e-07
23.9546 1.40625 -2.0691e-07
23.9546 1.46875 -1.69312e-07
23.9546 1.53125 -1.34446e-07
23.9546 1.59375 -9.79007e-08
23.9546 1.65625 -5.60456e-08
23.9546 1.71875 -6.19445e-09
23.9546 1.78125 5.15435e-08
23.9546 1.84375 1.02718e-07
23.9546 1.90625 1.10657e-07
23.9546 1.96875 5.06204e-08
24.74 0.03125 8.67933e-08
24.74 0.09375 1.57873e-07
24.74 0.15625 1.36646e-07
24.74 0.21875 8.78646e-08
24.74 0.28125 4.98822e-08
24.74 0.34375 2.7516e-08
24.74 0.40625 1.38338e-08
24.74 0.46875 1.96804e-09
24.74 0.53125 -1.031e-08
24.74 0.59375 -2.27184e-08
24.74 0.65625 -3.35555e-08
24.74 0.71875 -4.13818e-08
24.74 0.78125 -4.45469e-08
24.74 0.84375 -4.18662e-08
24.74 0.90625 -3.26658e-08
24.74 0.96875 -1.81664e-08
24.74 1.03125 -1.2928e-09
24.74 1.09375 1.50022e-08
24.74 1.15625 3.00985e-08
24.74 1.21875 4.48141e-08
24.74 1.28125 6.14228e-08
24.74 1.34375 8.22944e-08
24.74 1.40625 1.09011e-07
24.74 1.46875 1.41514e-07
24.74 1.53125 1.76119e-07
24.74 1.59375 2.06222e-07
24.74 1.65625 2.22205e-07
24.74 1.71875 2.14349e-07
24.74 1.78125 1.72081e-07
24.74 1.84375 9.25456e-08
24.74 1.90625 2.27586e-09
24.74 1.96875 -2.03512e-08
