0.392699 0.03125 2.18254e-09
1.1781 0.03125 7.47609e-08
1.9635 0.03125 4.64165e-08
2.74889 0.03125 2.01731e-08
3.53429 0.03125 -5.79365e-08
4.31969 0.03125 -1.23395e-07
5.10509 0.03125 -1.66969e-08
5.89049 0.03125 2.6703e-08
6.67588 0.03125 9.23244e-08
7.46128 0.03125 1.33356e-08
8.24668 0.03125 6.07761e-08
9.03208 0.03125 -5.29588e-08
9.81748 0.03125 2.75348e-08
10.6029 0.03125 -2.14769e-08
11.3883 0.03125 -1.50784e-07
12.1737 0.03125 -5.41169e-08
12.9591 0.03125 9.36237e-08
13.7445 0.03125 1.63758e-07
14.5299 0.03125 8.57175e-08
15.3153 0.03125 -4.49545e-08
16.1007 0.03125 -6.28388e-08
16.8861 0.03125 -1.54433e-08
17.6715 0.03125 -3.97054e-09
18.4569 0.03125 -8.81557e-09
19.2423 0.03125 -6.37016e-10
20.0277 0.03125 1.56656e-08
20.8131 0.03125 2.26907e-08
21.5984 0.03125 3.94148e-08
22.3838 0.03125 -1.56401e-08
23.1692 0.03125 -6.90112e-08
23.9546 0.03125 -1.16346e-07
24.74 0.03125 3.89869e-08
0.392699 0.09375 2.33349e-08
1.1781 0.09375 1.31117e-07
1.9635 0.09375 1.26801e-07
2.74889 0.09375 1.36836e-07
3.53429 0.09375 -7.74734e-08
4.31969 0.09375 -2.86426e-07
5.10509 0.09375 -1.53558e-07
5.89049 0.09375 -2.71501e-08
6.67588 0.09375 2.48638e-07
7.46128 0.09375 5.55845e-08
8.24668 0.09375 1.46296e-07
9.03208 0.09375 -1.14147e-07
9.81748 0.09375 6.212e-08
10.6029 0.09375 2.8099e-08
11.3883 0.09375 -2.85532e-07
12.1737 0.09375 -2.65774e-07
12.9591 0.09375 1.08492e-07
13.7445 0.09375 4.37033e-07
14.5299 0.09375 2.70969e-07
15.3153 0.09375 -2.06086e-08
16.1007 0.09375 -1.66705e-07
16.8861 0.09375 -8.80626e-08
17.6715 0.09375 1.35678e-08
18.4569 0.09375 -2.92062e-08
19.2423 0.09375 8.1238e-10
20.0277 0.09375 3.75007e-08
20.8131 0.09375 3.37974e-08
21.5984 0.09375 1.08571e-07
22.3838 0.09375 -1.73214e-08
23.1692 0.09375 -1.21867e-07
23.9546 0.09375 -3.22351e-07
24.74 0.09375 2.41378e-08
0.392699 0.15625 1.57688e-08
1.1781 0.15625 1.45847e-07
1.9635 0.15625 1.49752e-07
2.74889 0.15625 2.53887e-07
3.53429 0.15625 1.12608e-08
4.31969 0.15625 -3.45567e-07
5.10509 0.15625 -2.85538e-07
5.89049 0.15625 -1.72676e-07
6.67588 0.15625 3.16641e-07
7.46128 0.15625 1.14211e-07
8.24668 0.15625 2.41976e-07
9.03208 0.15625 -1.46441e-07
9.81748 0.15625 3.94077e-08
10.6029 0.15625 1.21476e-07
11.3883 0.15625 -2.69069e-07
12.1737 0.15625 -4.49892e-07
12.9591 0.15625 -6.25425e-08
13.7445 0.15625 5.63412e-07
14.5299 0.15625 4.83386e-07
15.3153 0.15625 8.51298e-08
16.1007 0.15625 -2.02628e-07
16.8861 0.15625 -1.74701e-07
17.6715 0.15625 6.5548e-09
18.4569 0.15625 -3.87335e-08
19.2423 0.15625 -9.48117e-09
20.0277 0.15625 5.22643e-08
20.8131 0.15625 2.12789e-08
21.5984 0.15625 1.5726e-07
22.3838 0.15625 2.3242e-08
23.1692 0.15625 -9.58289e-08
23.9546 0.15625 -4.69188e-07
24.74 0.15625 -6.36114e-08
0.392699 0.21875 -1.34321e-08
1.1781 0.21875 1.49558e-07
1.9635 0.21875 1.26548e-07
2.74889 0.21875 3.14418e-07
3.53429 0.21875 1.22355e-07
4.31969 0.21875 -3.2789e-07
5.10509 0.21875 -3.45393e-07
5.89049 0.21875 -3.18005e-07
6.67588 0.21875 3.03828e-07
7.46128 0.21875 1.5848e-07
8.24668 0.21875 3.28265e-07
9.03208 0.21875 -1.54632e-07
9.81748 0.21875 -1.14273e-08
10.6029 0.21875 1.82562e-07
11.3883 0.21875 -1.92263e-07
12.1737 0.21875 -5.19017e-07
12.9591 0.21875 -2.62248e-07
13.7445 0.21875 5.60012e-07
14.5299 0.21875 6.36948e-07
15.3153 0.21875 1.86685e-07
16.1007 0.21875 -1.78193e-07
16.8861 0.21875 -2.29225e-07
17.6715 0.21875 -2.38635e-08
18.4569 0.21875 -4.13432e-08
19.2423 0.21875 -1.96765e-08
20.0277 0.21875 6.37009e-08
20.8131 0.21875 2.56949e-09
21.5984 0.21875 1.77659e-07
22.3838 0.21875 6.82675e-08
23.1692 0.21875 -4.73035e-08
23.9546 0.21875 -5.38999e-07
24.74 0.21875 -1.51781e-07
0.392699 0.28125 -4.7338e-08
1.1781 0.28125 1.56758e-07
1.9635 0.28125 8.7511e-08
2.74889 0.28125 3.21634e-07
3.53429 0.28125 2.0864e-07
4.31969 0.28125 -2.86622e-07
5.10509 0.28125 -3.43359e-07
5.89049 0.28125 -4.14737e-07
6.67588 0.28125 2.53201e-07
7.46128 0.28125 1.83682e-07
8.24668 0.28125 3.96117e-07
9.03208 0.28125 -1.53864e-07
9.81748 0.28125 -6.2702e-08
10.6029 0.28125 2.04022e-07
11.3883 0.28125 -1.26722e-07
12.1737 0.28125 -5.04361e-07
12.9591 0.28125 -4.08126e-07
13.7445 0.28125 5.08447e-07
14.5299 0.28125 7.26785e-07
15.3153 0.28125 2.34443e-07
16.1007 0.28125 -1.35208e-07
16.8861 0.28125 -2.39372e-07
17.6715 0.28125 -6.32079e-08
18.4569 0.28125 -4.51132e-08
19.2423 0.28125 -2.36099e-08
20.0277 0.28125 7.53503e-08
20.8131 0.28125 -1.23657e-08
21.5984 0.28125 1.81847e-07
22.3838 0.28125 1.04631e-07
23.1692 0.28125 -1.24705e-08
23.9546 0.28125 -5.62402e-07
24.74 0.28125 -2.08905e-07
0.392699 0.34375 -7.59652e-08
1.1781 0.34375 1.70428e-07
1.9635 0.34375 5.13816e-08
2.74889 0.34375 2.9477e-07
3.53429 0.34375 2.63789e-07
4.31969 0.34375 -2.49336e-07
5.10509 0.34375 -3.08453e-07
5.89049 0.34375 -4.61802e-07
6.67588 0.34375 1.9313e-07
7.46128 0.34375 1.97303e-07
8.24668 0.34375 4.4883e-07
9.03208 0.34375 -1.51874e-07
9.81748 0.34375 -1.06705e-07
10.6029 0.34375 1.99482e-07
11.3883 0.34375 -8.71487e-08
12.1737 0.34375 -4.5472e-07
12.9591 0.34375 -4.99134e-07
13.7445 0.34375 4.59068e-07
14.5299 0.34375 7.82522e-07
15.3153 0.34375 2.2757e-07
16.1007 0.34375 -1.01533e-07
16.8861 0.34375 -2.1351e-07
17.6715 0.34375 -1.0165e-07
18.4569 0.34375 -5.4994e-08
19.2423 0.34375 -2.14823e-08
20.0277 0.34375 8.78788e-08
20.8131 0.34375 -2.10153e-08
21.5984 0.34375 1.83876e-07
22.3838 0.34375 1.31011e-07
23.1692 0.34375 3.70875e-09
23.9546 0.34375 -5.67464e-07
24.74 0.34375 -2.39488e-07
0.392699 0.40625 -9.62755e-08
1.1781 0.40625 1.89459e-07
1.9635 0.40625 2.63911e-08
2.74889 0.40625 2.47504e-07
3.53429 0.40625 2.92854e-07
4.31969 0.40625 -2.21767e-07
5.10509 0.40625 -2.59151e-07
5.89049 0.40625 -4.72196e-07
6.67588 0.40625 1.33173e-07
7.46128 0.40625 2.0557e-07
8.24668 0.40625 4.90706e-07
9.03208 0.40625 -1.48055e-07
9.81748 0.40625 -1.42519e-07
10.6029 0.40625 1.75811e-07
11.3883 0.40625 -6.43691e-08
12.1737 0.40625 -3.957e-07
12.9591 0.40625 -5.58781e-07
13.7445 0.40625 4.2411e-07
14.5299 0.40625 8.27749e-07
15.3153 0.40625 1.8386e-07
16.1007 0.40625 -8.53095e-08
16.8861 0.40625 -1.63392e-07
17.6715 0.40625 -1.34577e-07
18.4569 0.40625 -7.20463e-08
19.2423 0.40625 -1.6384e-08
20.0277 0.40625 9.99124e-08
20.8131 0.40625 -2.48181e-08
21.5984 0.40625 1.94254e-07
22.3838 0.40625 1.48775e-07
23.1692 0.40625 6.9661e-09
23.9546 0.40625 -5.6659e-07
24.74 0.40625 -2.56833e-07
0.392699 0.46875 -1.07978e-07
1.1781 0.46875 2.11114e-07
1.9635 0.46875 1.60755e-08
2.74889 0.46875 1.87298e-07
3.53429 0.46875 2.99225e-07
4.31969 0.46875 -2.02471e-07
5.10509 0.46875 -2.03511e-07
5.89049 0.46875 -4.55998e-07
6.67588 0.46875 7.37194e-08
7.46128 0.46875 2.11628e-07
8.24668 0.46875 5.22849e-07
9.03208 0.46875 -1.39461e-07
9.81748 0.46875 -1.68718e-07
10.6029 0.46875 1.34845e-07
11.3883 0.46875 -4.78362e-08
12.1737 0.46875 -3.36914e-07
12.9591 0.46875 -6.04954e-07
13.7445 0.46875 3.98858e-07
14.5299 0.46875 8.71936e-07
15.3153 0.46875 1.21963e-07
16.1007 0.46875 -8.41146e-08
16.8861 0.46875 -9.69163e-08
17.6715 0.46875 -1.60853e-07
18.4569 0.46875 -9.58269e-08
19.2423 0.46875 -1.08789e-08
20.0277 0.46875 1.08623e-07
20.8131 0.46875 -2.68056e-08
21.5984 0.46875 2.18499e-07
22.3838 0.46875 1.60511e-07
23.1692 0.46875 3.78146e-09
23.9546 0.46875 -5.63129e-07
24.74 0.46875 -2.7082e-07
0.392699 0.53125 -1.11411e-07
1.1781 0.53125 2.32781e-07
1.9635 0.53125 2.00294e-08
2.74889 0.53125 1.19445e-07
3.53429 0.53125 2.83797e-07
4.31969 0.53125 -1.89303e-07
5.10509 0.53125 -1.43324e-07
5.89049 0.53125 -4.2045e-07
6.67588 0.53125 1.23225e-08
7.46128 0.53125 2.17351e-07
8.24668 0.53125 5.44787e-07
9.03208 0.53125 -1.24355e-07
9.81748 0.53125 -1.81847e-07
10.6029 0.53125 7.83555e-08
11.3883 0.53125 -3.1939e-08
12.1737 0.53125 -2.81139e-07
12.9591 0.53125 -6.46482e-07
13.7445 0.53125 3.7708e-07
14.5299 0.53125 9.15238e-07
15.3153 0.53125 5.61126e-08
16.1007 0.53125 -9.05126e-08
16.8861 0.53125 -2.01246e-08
17.6715 0.53125 -1.81615e-07
18.4569 0.53125 -1.25335e-07
19.2423 0.53125 -6.28603e-09
20.0277 0.53125 1.12221e-07
20.8131 0.53125 -3.09195e-08
21.5984 0.53125 2.56873e-07
22.3838 0.53125 1.70768e-07
23.1692 0.53125 -2.28337e-09
23.9546 0.53125 -5.57794e-07
24.74 0.53125 -2.85829e-07
0.392699 0.59375 -1.0812e-07
1.1781 0.59375 2.53354e-07
1.9635 0.59375 3.53912e-08
2.74889 0.59375 4.76908e-08
3.53429 0.59375 2.4784e-07
4.31969 0.59375 -1.81422e-07
5.10509 0.59375 -7.85336e-08
5.89049 0.59375 -3.71365e-07
6.67588 0.59375 -5.33422e-08
7.46128 0.59375 2.23186e-07
8.24668 0.59375 5.57298e-07
9.03208 0.59375 -1.02781e-07
9.81748 0.59375 -1.79515e-07
10.6029 0.59375 1.14814e-08
11.3883 0.59375 -1.50429e-08
12.1737 0.59375 -2.30358e-07
12.9591 0.59375 -6.85562e-07
13.7445 0.59375 3.55969e-07
14.5299 0.59375 9.53442e-07
15.3153 0.59375 -3.84379e-09
16.1007 0.59375 -9.58225e-08
16.8861 0.59375 6.23958e-08
17.6715 0.59375 -1.99321e-07
18.4569 0.59375 -1.60307e-07
19.2423 0.59375 -2.16473e-09
20.0277 0.59375 1.10614e-07
20.8131 0.59375 -4.12329e-08
21.5984 0.59375 3.04803e-07
22.3838 0.59375 1.8499e-07
23.1692 0.59375 -8.61469e-09
23.9546 0.59375 -5.51369e-07
24.74 0.59375 -3.02608e-07
0.392699 0.65625 -1.01175e-07
1.1781 0.65625 2.74201e-07
1.9635 0.65625 5.79511e-08
2.74889 0.65625 -2.54708e-08
3.53429 0.65625 1.94775e-07
4.31969 0.65625 -1.78529e-07
5.10509 0.65625 -9.55713e-09
5.89049 0.65625 -3.14639e-07
6.67588 0.65625 -1.23009e-07
7.46128 0.65625 2.27259e-07
8.24668 0.65625 5.6199e-07
9.03208 0.65625 -7.55835e-08
9.81748 0.65625 -1.61869e-07
10.6029 0.65625 -5.92548e-08
11.3883 0.65625 2.07804e-09
12.1737 0.65625 -1.86229e-07
12.9591 0.65625 -7.21399e-07
13.7445 0.65625 3.36674e-07
14.5299 0.65625 9.81328e-07
15.3153 0.65625 -5.20682e-08
16.1007 0.65625 -9.25579e-08
16.8861 0.65625 1.44948e-07
17.6715 0.65625 -2.16336e-07
18.4569 0.65625 -2.0026e-07
19.2423 0.65625 3.11747e-09
20.0277 0.65625 1.05202e-07
20.8131 0.65625 -6.0498e-08
21.5984 0.65625 3.55091e-07
22.3838 0.65625 2.07619e-07
23.1692 0.65625 -1.37587e-08
23.9546 0.65625 -5.44835e-07
24.74 0.65625 -3.19383e-07
0.392699 0.71875 -9.50665e-08
1.1781 0.71875 2.98011e-07
1.9635 0.71875 8.5194e-08
2.74889 0.71875 -9.92925e-08
3.53429 0.71875 1.30886e-07
4.31969 0.71875 -1.79685e-07
5.10509 0.71875 6.01435e-08
5.89049 0.71875 -2.55594e-07
6.67588 0.71875 -1.92411e-07
7.46128 0.71875 2.25191e-07
8.24668 0.71875 5.59925e-07
9.03208 0.71875 -4.32026e-08
9.81748 0.71875 -1.32796e-07
10.6029 0.71875 -1.28393e-07
11.3883 0.71875 1.82166e-08
12.1737 0.71875 -1.49928e-07
12.9591 0.71875 -7.51355e-07
13.7445 0.71875 3.22378e-07
14.5299 0.71875 9.93778e-07
15.3153 0.71875 -8.61447e-08
16.1007 0.71875 -7.6599e-08
16.8861 0.71875 2.21283e-07
17.6715 0.71875 -2.34446e-07
18.4569 0.71875 -2.44879e-07
19.2423 0.71875 1.2604e-08
20.0277 0.71875 9.75251e-08
20.8131 0.71875 -8.94796e-08
21.5984 0.71875 4.01152e-07
22.3838 0.71875 2.40756e-07
23.1692 0.71875 -1.69422e-08
23.9546 0.71875 -5.39433e-07
24.74 0.71875 -3.33213e-07
0.392699 0.78125 -9.43913e-08
1.1781 0.78125 3.2656e-07
1.9635 0.78125 1.16695e-07
2.74889 0.78125 -1.7365e-07
3.53429 0.78125 6.35301e-08
4.31969 0.78125 -1.82162e-07
5.10509 0.78125 1.25331e-07
5.89049 0.78125 -1.9929e-07
6.67588 0.78125 -2.53941e-07
7.46128 0.78125 2.12103e-07
8.24668 0.78125 5.50364e-07
9.03208 0.78125 -5.4624e-09
9.81748 0.78125 -9.79206e-08
10.6029 0.78125 -1.93403e-07
11.3883 0.78125 3.21718e-08
12.1737 0.78125 -1.21534e-07
12.9591 0.78125 -7.72278e-07
13.7445 0.78125 3.17218e-07
14.5299 0.78125 9.8661e-07
15.3153 0.78125 -1.06073e-07
16.1007 0.78125 -4.75514e-08
16.8861 0.78125 2.84403e-07
17.6715 0.78125 -2.54583e-07
18.4569 0.78125 -2.93479e-07
19.2423 0.78125 2.97355e-08
20.0277 0.78125 8.89584e-08
20.8131 0.78125 -1.26443e-07
21.5984 0.78125 4.39316e-07
22.3838 0.78125 2.83123e-07
23.1692 0.78125 -1.88631e-08
23.9546 0.78125 -5.36598e-07
24.74 0.78125 -3.40698e-07
0.392699 0.84375 -1.02649e-07
1.1781 0.84375 3.5921e-07
1.9635 0.84375 1.53165e-07
2.74889 0.84375 -2.48625e-07
3.53429 0.84375 -5.38282e-10
4.31969 0.84375 -1.82338e-07
5.10509 0.84375 1.81187e-07
5.89049 0.84375 -1.49675e-07
6.67588 0.84375 -2.99463e-07
7.46128 0.84375 1.85651e-07
8.24668 0.84375 5.31025e-07
9.03208 0.84375 3.80015e-08
9.81748 0.84375 -6.22621e-08
10.6029 0.84375 -2.54246e-07
11.3883 0.84375 4.28167e-08
12.1737 0.84375 -1.00805e-07
12.9591 0.84375 -7.81423e-07
13.7445 0.84375 3.25305e-07
14.5299 0.84375 9.57841e-07
15.3153 0.84375 -1.13291e-07
16.1007 0.84375 -7.77667e-09
16.8861 0.84375 3.29218e-07
17.6715 0.84375 -2.76244e-07
18.4569 0.84375 -3.45325e-07
19.2423 0.84375 5.69563e-08
20.0277 0.84375 8.01689e-08
20.8131 0.84375 -1.68507e-07
21.5984 0.84375 4.70134e-07
22.3838 0.84375 3.30396e-07
23.1692 0.84375 -2.1635e-08
23.9546 0.84375 -5.37951e-07
24.74 0.84375 -3.39079e-07
0.392699 0.90625 -1.20665e-07
1.1781 0.90625 3.93386e-07
1.9635 0.90625 1.93304e-07
2.74889 0.90625 -3.2334e-07
3.53429 0.90625 -5.68174e-08
4.31969 0.90625 -1.77336e-07
5.10509 0.90625 2.26029e-07
5.89049 0.90625 -1.09257e-07
6.67588 0.90625 -3.23245e-07
7.46128 0.90625 1.48431e-07
8.24668 0.90625 4.9862e-07
9.03208 0.90625 8.67236e-08
9.81748 0.90625 -2.74527e-08
10.6029 0.90625 -3.12587e-07
11.3883 0.90625 4.89714e-08
12.1737 0.90625 -8.75248e-08
12.9591 0.90625 -7.78453e-07
13.7445 0.90625 3.50045e-07
14.5299 0.90625 9.0941e-07
15.3153 0.90625 -1.09749e-07
16.1007 0.90625 3.92615e-08
16.8861 0.90625 3.53221e-07
17.6715 0.90625 -2.96882e-07
18.4569 0.90625 -3.98982e-07
19.2423 0.90625 9.41806e-08
20.0277 0.90625 7.11545e-08
20.8131 0.90625 -2.12762e-07
21.5984 0.90625 4.97469e-07
22.3838 0.90625 3.76246e-07
23.1692 0.90625 -2.89923e-08
23.9546 0.90625 -5.43999e-07
24.74 0.90625 -3.26755e-07
0.392699 0.96875 -1.47008e-07
1.1781 0.96875 4.25744e-07
1.9635 0.96875 2.33165e-07
2.74889 0.96875 -3.96022e-07
3.53429 0.96875 -1.02549e-07
4.31969 0.96875 -1.67006e-07
5.10509 0.96875 2.60399e-07
5.89049 0.96875 -7.76911e-08
6.67588 0.96875 -3.23737e-07
7.46128 0.96875 1.06823e-07
8.24668 0.96875 4.50027e-07
9.03208 0.96875 1.3935e-07
9.81748 0.96875 8.1586e-09
10.6029 0.96875 -3.70713e-07
11.3883 0.96875 4.98423e-08
12.1737 0.96875 -8.16535e-08
12.9591 0.96875 -7.65848e-07
13.7445 0.96875 3.92508e-07
14.5299 0.96875 8.46996e-07
15.3153 0.96875 -9.80181e-08
16.1007 0.96875 8.96573e-08
16.8861 0.96875 3.57698e-07
17.6715 0.96875 -3.12035e-07
18.4569 0.96875 -4.52726e-07
19.2423 0.96875 1.38864e-07
20.0277 0.96875 6.18081e-08
20.8131 0.96875 -2.57358e-07
21.5984 0.96875 5.25784e-07
22.3838 0.96875 4.14473e-07
23.1692 0.96875 -4.47173e-08
23.9546 0.96875 -5.52511e-07
24.74 0.96875 -3.03196e-07
0.392699 1.03125 -1.78981e-07
1.1781 1.03125 4.52903e-07
1.9635 1.03125 2.66771e-07
2.74889 1.03125 -4.63264e-07
3.53429 1.03125 -1.36685e-07
4.31969 1.03125 -1.53233e-07
5.10509 1.03125 2.85594e-07
5.89049 1.03125 -5.26513e-08
6.67588 1.03125 -3.03393e-07
7.46128 1.03125 6.76193e-08
8.24668 1.03125 3.84387e-07
9.03208 1.03125 1.93387e-07
9.81748 1.03125 4.71345e-08
10.6029 1.03125 -4.30139e-07
11.3883 1.03125 4.53631e-08
12.1737 1.03125 -8.25937e-08
12.9591 1.03125 -7.47508e-07
13.7445 1.03125 4.49749e-07
14.5299 1.03125 7.77793e-07
15.3153 1.03125 -8.117e-08
16.1007 1.03125 1.39016e-07
16.8861 1.03125 3.4619e-07
17.6715 1.03125 -3.16486e-07
18.4569 1.03125 -5.04074e-07
19.2423 1.03125 1.86572e-07
20.0277 1.03125 5.25377e-08
20.8131 1.03125 -3.00805e-07
21.5984 1.03125 5.56824e-07
22.3838 1.03125 4.40553e-07
23.1692 1.03125 -7.11243e-08
23.9546 1.03125 -5.58456e-07
24.74 1.03125 -2.68707e-07
0.392699 1.09375 -2.13847e-07
1.1781 1.09375 4.71627e-07
1.9635 1.09375 2.89683e-07
2.74889 1.09375 -5.21187e-07
3.53429 1.09375 -1.59466e-07
4.31969 1.09375 -1.38218e-07
5.10509 1.09375 3.02234e-07
5.89049 1.09375 -3.11404e-08
6.67588 1.09375 -2.68013e-07
7.46128 1.09375 3.51227e-08
8.24668 1.09375 3.04276e-07
9.03208 1.09375 2.459e-07
9.81748 1.09375 9.07996e-08
10.6029 1.09375 -4.91738e-07
11.3883 1.09375 3.68124e-08
12.1737 1.09375 -8.81638e-08
12.9591 1.09375 -7.26603e-07
13.7445 1.09375 5.1441e-07
14.5299 1.09375 7.07497e-07
15.3153 1.09375 -6.19384e-08
16.1007 1.09375 1.82491e-07
16.8861 1.09375 3.23149e-07
17.6715 1.09375 -3.05987e-07
18.4569 1.09375 -5.49476e-07
19.2423 1.09375 2.31934e-07
20.0277 1.09375 4.35732e-08
20.8131 1.09375 -3.4084e-07
21.5984 1.09375 5.88026e-07
22.3838 1.09375 4.52284e-07
23.1692 1.09375 -1.07184e-07
23.9546 1.09375 -5.56651e-07
24.74 1.09375 -2.24367e-07
0.392699 1.15625 -2.48574e-07
1.1781 1.15625 4.78372e-07
1.9635 1.15625 3.00306e-07
2.74889 1.15625 -5.6613e-07
3.53429 1.15625 -1.72032e-07
4.31969 1.15625 -1.22035e-07
5.10509 1.15625 3.10696e-07
5.89049 1.15625 -1.22957e-08
6.67588 1.15625 -2.25119e-07
7.46128 1.15625 1.10697e-08
8.24668 1.15625 2.1574e-07
9.03208 1.15625 2.93672e-07
9.81748 1.15625 1.38191e-07
10.6029 1.15625 -5.54996e-07
11.3883 1.15625 2.69017e-08
12.1737 1.15625 -9.47693e-08
12.9591 1.15625 -7.04416e-07
13.7445 1.15625 5.77052e-07
14.5299 1.15625 6.39069e-07
15.3153 1.15625 -4.0984e-08
16.1007 1.15625 2.15441e-07
16.8861 1.15625 2.91803e-07
17.6715 1.15625 -2.78545e-07
18.4569 1.15625 -5.84042e-07
19.2423 1.15625 2.6965e-07
20.0277 1.15625 3.38005e-08
20.8131 1.15625 -3.73975e-07
21.5984 1.15625 6.14128e-07
22.3838 1.15625 4.49247e-07
23.1692 1.15625 -1.48915e-07
23.9546 1.15625 -5.44457e-07
24.74 1.15625 -1.72036e-07
0.392699 1.21875 -2.79653e-07
1.1781 1.21875 4.69777e-07
1.9635 1.21875 2.99712e-07
2.74889 1.21875 -5.95574e-07
3.53429 1.21875 -1.75603e-07
4.31969 1.21875 -1.02515e-07
5.10509 1.21875 3.122e-07
5.89049 1.21875 1.8831e-09
6.67588 1.21875 -1.82575e-07
7.46128 1.21875 -4.37904e-09
8.24668 1.21875 1.26479e-07
9.03208 1.21875 3.34611e-07
9.81748 1.21875 1.86157e-07
10.6029 1.21875 -6.19065e-07
11.3883 1.21875 2.00018e-08
12.1737 1.21875 -9.79994e-08
12.9591 1.21875 -6.81133e-07
13.7445 1.21875 6.30245e-07
14.5299 1.21875 5.73472e-07
15.3153 1.21875 -1.72331e-08
16.1007 1.21875 2.33978e-07
16.8861 1.21875 2.54278e-07
17.6715 1.21875 -2.3453e-07
18.4569 1.21875 -6.02427e-07
19.2423 1.21875 2.9541e-07
20.0277 1.21875 1.9966e-08
20.8131 1.21875 -3.9635e-07
21.5984 1.21875 6.29992e-07
22.3838 1.21875 4.32973e-07
23.1692 1.21875 -1.9022e-07
23.9546 1.21875 -5.23247e-07
24.74 1.21875 -1.14638e-07
0.392699 1.28125 -3.0371e-07
1.1781 1.28125 4.43364e-07
1.9635 1.28125 2.89261e-07
2.74889 1.28125 -6.07412e-07
3.53429 1.28125 -1.71175e-07
4.31969 1.28125 -7.64235e-08
5.10509 1.28125 3.09471e-07
5.89049 1.28125 6.83932e-09
6.67588 1.28125 -1.4701e-07
7.46128 1.28125 -1.23776e-08
8.24668 1.28125 4.49878e-08
9.03208 1.28125 3.67762e-07
9.81748 1.28125 2.29073e-07
10.6029 1.28125 -6.81547e-07
11.3883 1.28125 2.09534e-08
12.1737 1.28125 -9.53366e-08
12.9591 1.28125 -6.5684e-07
13.7445 1.28125 6.71969e-07
14.5299 1.28125 5.11342e-07
15.3153 1.28125 1.08334e-08
16.1007 1.28125 2.3504e-07
16.8861 1.28125 2.11235e-07
17.6715 1.28125 -1.75958e-07
18.4569 1.28125 -5.99679e-07
19.2423 1.28125 3.0699e-07
20.0277 1.28125 -2.70583e-09
20.8131 1.28125 -4.05306e-07
21.5984 1.28125 6.3339e-07
22.3838 1.28125 4.07242e-07
23.1692 1.28125 -2.26056e-07
23.9546 1.28125 -4.97511e-07
24.74 1.28125 -5.51726e-08
0.392699 1.34375 -3.18596e-07
1.1781 1.34375 3.98978e-07
1.9635 1.34375 2.69573e-07
2.74889 1.34375 -5.99804e-07
3.53429 1.34375 -1.59966e-07
4.31969 1.34375 -4.22979e-08
5.10509 1.34375 3.06374e-07
5.89049 1.34375 -1.32489e-09
6.67588 1.34375 -1.22683e-07
7.46128 1.34375 -1.57714e-08
8.24668 1.34375 -2.10779e-08
9.03208 1.34375 3.93485e-07
9.81748 1.34375 2.59514e-07
10.6029 1.34375 -7.38946e-07
11.3883 1.34375 3.36345e-08
12.1737 1.34375 -8.71635e-08
12.9591 1.34375 -6.31965e-07
13.7445 1.34375 7.05283e-07
14.5299 1.34375 4.53707e-07
15.3153 1.34375 4.24331e-08
16.1007 1.34375 2.17152e-07
16.8861 1.34375 1.6419e-07
17.6715 1.34375 -1.05755e-07
18.4569 1.34375 -5.73673e-07
19.2423 1.34375 3.05088e-07
20.0277 1.34375 -3.81423e-08
20.8131 1.34375 -4.00762e-07
21.5984 1.34375 6.25498e-07
22.3838 1.34375 3.77751e-07
23.1692 1.34375 -2.54463e-07
23.9546 1.34375 -4.73142e-07
24.74 1.34375 4.05471e-09
0.392699 1.40625 -3.2433e-07
1.1781 1.40625 3.39248e-07
1.9635 1.40625 2.40583e-07
2.74889 1.40625 -5.72113e-07
3.53429 1.40625 -1.43885e-07
4.31969 1.40625 -4.52286e-10
5.10509 1.40625 3.06325e-07
5.89049 1.40625 -2.40581e-08
6.67588 1.40625 -1.10587e-07
7.46128 1.40625 -1.88157e-08
8.24668 1.40625 -6.51505e-08
9.03208 1.40625 4.11779e-07
9.81748 1.40625 2.69517e-07
10.6029 1.40625 -7.847e-07
11.3883 1.40625 5.93974e-08
12.1737 1.40625 -7.83008e-08
12.9591 1.40625 -6.05969e-07
13.7445 1.40625 7.35583e-07
14.5299 1.40625 4.01445e-07
15.3153 1.40625 7.44525e-08
16.1007 1.40625 1.81096e-07
16.8861 1.40625 1.16303e-07
17.6715 1.40625 -2.77577e-08
18.4569 1.40625 -5.26199e-07
19.2423 1.40625 2.93478e-07
20.0277 1.40625 -8.73563e-08
20.8131 1.40625 -3.84944e-07
21.5984 1.40625 6.10342e-07
22.3838 1.40625 3.49405e-07
23.1692 1.40625 -2.77656e-07
23.9546 1.40625 -4.54474e-07
24.74 1.40625 6.19569e-08
0.392699 1.46875 -3.22614e-07
1.1781 1.46875 2.69086e-07
1.9635 1.46875 2.03071e-07
2.74889 1.46875 -5.26484e-07
3.53429 1.46875 -1.25533e-07
4.31969 1.46875 4.67975e-08
5.10509 1.46875 3.10979e-07
5.89049 1.46875 -5.87384e-08
6.67588 1.46875 -1.08941e-07
7.46128 1.46875 -2.60288e-08
8.24668 1.46875 -8.35319e-08
9.03208 1.46875 4.22549e-07
9.81748 1.46875 2.5401e-07
10.6029 1.46875 -8.11731e-07
11.3883 1.46875 9.68443e-08
12.1737 1.46875 -7.55069e-08
12.9591 1.46875 -5.77244e-07
13.7445 1.46875 7.67198e-07
14.5299 1.46875 3.54495e-07
15.3153 1.46875 1.0163e-07
16.1007 1.46875 1.30914e-07
16.8861 1.46875 7.31882e-08
17.6715 1.46875 5.32451e-08
18.4569 1.46875 -4.63015e-07
19.2423 1.46875 2.77533e-07
20.0277 1.46875 -1.47454e-07
20.8131 1.46875 -3.6155e-07
21.5984 1.46875 5.9274e-07
22.3838 1.46875 3.24127e-07
23.1692 1.46875 -2.99791e-07
23.9546 1.46875 -4.42665e-07
24.74 1.46875 1.18131e-07
0.392699 1.53125 -3.16644e-07
1.1781 1.53125 1.94868e-07
1.9635 1.53125 1.58844e-07
2.74889 1.53125 -4.69404e-07
3.53429 1.53125 -1.06839e-07
4.31969 1.53125 9.81778e-08
5.10509 1.53125 3.18982e-07
5.89049 1.53125 -1.01064e-07
6.67588 1.53125 -1.14391e-07
7.46128 1.53125 -4.03352e-08
8.24668 1.53125 -7.47254e-08
9.03208 1.53125 4.24399e-07
9.81748 1.53125 2.12358e-07
10.6029 1.53125 -8.12606e-07
11.3883 1.53125 1.41156e-07
12.1737 1.53125 -8.66981e-08
12.9591 1.53125 -5.41292e-07
13.7445 1.53125 8.0136e-07
14.5299 1.53125 3.0976e-07
15.3153 1.53125 1.19616e-07
16.1007 1.53125 7.35703e-08
16.8861 1.53125 4.09472e-08
17.6715 1.53125 1.30688e-07
18.4569 1.53125 -3.91251e-07
19.2423 1.53125 2.6267e-07
20.0277 1.53125 -2.13859e-07
20.8131 1.53125 -3.3359e-07
21.5984 1.53125 5.77278e-07
22.3838 1.53125 2.98897e-07
23.1692 1.53125 -3.24486e-07
23.9546 1.53125 -4.33784e-07
24.74 1.53125 1.71548e-07
0.392699 1.59375 -3.1061e-07
1.1781 1.59375 1.23853e-07
1.9635 1.59375 1.11011e-07
2.74889 1.59375 -4.09853e-07
3.53429 1.59375 -8.70869e-08
4.31969 1.59375 1.52506e-07
5.10509 1.59375 3.2548e-07
5.89049 1.59375 -1.46844e-07
6.67588 1.59375 -1.22818e-07
7.46128 1.59375 -6.07725e-08
8.24668 1.59375 -4.1053e-08
9.03208 1.59375 4.15809e-07
9.81748 1.59375 1.49018e-07
10.6029 1.59375 -7.83978e-07
11.3883 1.59375 1.85552e-07
12.1737 1.59375 -1.16497e-07
12.9591 1.59375 -4.92114e-07
13.7445 1.59375 8.36175e-07
14.5299 1.59375 2.61647e-07
15.3153 1.59375 1.25782e-07
16.1007 1.59375 1.76091e-08
16.8861 1.59375 2.42865e-08
17.6715 1.59375 1.97288e-07
18.4569 1.59375 -3.18111e-07
19.2423 1.59375 2.51161e-07
20.0277 1.59375 -2.81825e-07
20.8131 1.59375 -3.01137e-07
21.5984 1.59375 5.67083e-07
22.3838 1.59375 2.67083e-07
23.1692 1.59375 -3.52817e-07
23.9546 1.59375 -4.20459e-07
24.74 1.59375 2.19687e-07
0.392699 1.65625 -3.09072e-07
1.1781 1.65625 6.43869e-08
1.9635 1.65625 6.20985e-08
2.74889 1.65625 -3.56428e-07
3.53429 1.65625 -6.09254e-08
4.31969 1.65625 2.09082e-07
5.10509 1.65625 3.20807e-07
5.89049 1.65625 -1.94217e-07
6.67588 1.65625 -1.29202e-07
7.46128 1.65625 -8.11448e-08
8.24668 1.65625 1.27082e-08
9.03208 1.65625 3.9357e-07
9.81748 1.65625 6.95758e-08
10.6029 1.65625 -7.24087e-07
11.3883 1.65625 2.23194e-07
12.1737 1.65625 -1.65974e-07
12.9591 1.65625 -4.19505e-07
13.7445 1.65625 8.66235e-07
14.5299 1.65625 2.01015e-07
15.3153 1.65625 1.21214e-07
16.1007 1.65625 -2.90363e-08
16.8861 1.65625 2.52798e-08
17.6715 1.65625 2.45568e-07
18.4569 1.65625 -2.49748e-07
19.2423 1.65625 2.40131e-07
20.0277 1.65625 -3.47684e-07
20.8131 1.65625 -2.57795e-07
21.5984 1.65625 5.62839e-07
22.3838 1.65625 2.18299e-07
23.1692 1.65625 -3.83153e-07
23.9546 1.65625 -3.91722e-07
24.74 1.65625 2.57717e-07
0.392699 1.71875 -3.14785e-07
1.1781 1.71875 2.46386e-08
1.9635 1.71875 1.47139e-08
2.74889 1.71875 -3.09557e-07
3.53429 1.71875 -2.05453e-08
4.31969 1.71875 2.59946e-07
5.10509 1.71875 2.90957e-07
5.89049 1.71875 -2.40236e-07
6.67588 1.71875 -1.26083e-07
7.46128 1.71875 -9.06595e-08
8.24668 1.71875 7.6509e-08
9.03208 1.71875 3.54024e-07
9.81748 1.71875 -2.03182e-08
10.6029 1.71875 -6.35017e-07
11.3883 1.71875 2.4894e-07
12.1737 1.71875 -2.26613e-07
12.9591 1.71875 -3.12126e-07
13.7445 1.71875 8.79307e-07
14.5299 1.71875 1.19081e-07
15.3153 1.71875 1.08588e-07
16.1007 1.71875 -5.99963e-08
16.8861 1.71875 4.43449e-08
17.6715 1.71875 2.69162e-07
18.4569 1.71875 -1.93223e-07
19.2423 1.71875 2.19079e-07
20.0277 1.71875 -4.04329e-07
20.8131 1.71875 -1.89777e-07
21.5984 1.71875 5.58001e-07
22.3838 1.71875 1.41012e-07
23.1692 1.71875 -4.09272e-07
23.9546 1.71875 -3.35217e-07
24.74 1.71875 2.78489e-07
0.392699 1.78125 -3.23891e-07
1.1781 1.78125 1.16532e-08
1.9635 1.78125 -2.81071e-08
2.74889 1.78125 -2.59262e-07
3.53429 1.78125 3.77956e-08
4.31969 1.78125 2.87262e-07
5.10509 1.78125 2.21626e-07
5.89049 1.78125 -2.75201e-07
6.67588 1.78125 -1.0348e-07
7.46128 1.78125 -7.90535e-08
8.24668 1.78125 1.3589e-07
9.03208 1.78125 2.89444e-07
9.81748 1.78125 -1.14877e-07
10.6029 1.78125 -5.14008e-07
11.3883 1.78125 2.57039e-07
12.1737 1.78125 -2.80485e-07
12.9591 1.78125 -1.60055e-07
13.7445 1.78125 8.48318e-07
14.5299 1.78125 1.00382e-08
15.3153 1.78125 9.36972e-08
16.1007 1.78125 -7.01533e-08
16.8861 1.78125 7.76813e-08
17.6715 1.78125 2.59351e-07
18.4569 1.78125 -1.55491e-07
19.2423 1.78125 1.75007e-07
20.0277 1.78125 -4.33778e-07
20.8131 1.78125 -8.11153e-08
21.5984 1.78125 5.30764e-07
22.3838 1.78125 2.69392e-08
23.1692 1.78125 -4.13756e-07
23.9546 1.78125 -2.39225e-07
24.74 1.78125 2.69566e-07
0.392699 1.84375 -3.163e-07
1.1781 1.84375 2.66509e-08
1.9635 1.84375 -5.76077e-08
2.74889 1.84375 -1.8756e-07
3.53429 1.84375 9.69504e-08
4.31969 1.84375 2.58897e-07
5.10509 1.84375 1.16217e-07
5.89049 1.84375 -2.7316e-07
6.67588 1.84375 -5.47297e-08
7.46128 1.84375 -4.62652e-08
8.24668 1.84375 1.65863e-07
9.03208 1.84375 1.95817e-07
9.81748 1.84375 -1.93955e-07
10.6029 1.84375 -3.60378e-07
11.3883 1.84375 2.39057e-07
12.1737 1.84375 -2.92883e-07
12.9591 1.84375 1.77168e-08
13.7445 1.84375 7.27914e-07
14.5299 1.84375 -1.08274e-07
15.3153 1.84375 8.33747e-08
16.1007 1.84375 -5.64551e-08
16.8861 1.84375 1.10339e-07
17.6715 1.84375 2.05039e-07
18.4569 1.84375 -1.40392e-07
19.2423 1.84375 1.05072e-07
20.0277 1.84375 -3.9837e-07
20.8131 1.84375 5.9496e-08
21.5984 1.84375 4.4011e-07
22.3838 1.84375 -1.0471e-07
23.1692 1.84375 -3.6303e-07
23.9546 1.84375 -1.10609e-07
24.74 1.84375 2.15008e-07
0.392699 1.90625 -2.50245e-07
1.1781 1.90625 5.48831e-08
1.9635 1.90625 -6.02466e-08
2.74889 1.90625 -9.65323e-08
3.53429 1.90625 1.09022e-07
4.31969 1.90625 1.59699e-07
5.10509 1.90625 2.04289e-08
5.89049 1.90625 -2.02746e-07
6.67588 1.90625 3.60588e-09
7.46128 1.90625 -1.34029e-08
8.24668 1.90625 1.39824e-07
9.03208 1.90625 8.8913e-08
9.81748 1.90625 -2.13334e-07
10.6029 1.90625 -1.84757e-07
11.3883 1.90625 1.84881e-07
12.1737 1.90625 -2.31569e-07
12.9591 1.90625 1.43536e-07
13.7445 1.90625 4.85526e-07
14.5299 1.90625 -1.75946e-07
15.3153 1.90625 7.94617e-08
16.1007 1.90625 -2.54284e-08
16.8861 1.90625 1.06869e-07
17.6715 1.90625 1.06314e-07
18.4569 1.90625 -1.29693e-07
19.2423 1.90625 3.8708e-08
20.0277 1.90625 -2.65996e-07
20.8131 1.90625 1.57674e-07
21.5984 1.90625 2.61317e-07
22.3838 1.90625 -1.78185e-07
23.1692 1.90625 -2.31312e-07
23.9546 1.90625 1.11222e-09
24.74 1.90625 1.15373e-07
0.392699 1.96875 -9.82946e-08
1.1781 1.96875 5.12078e-08
1.9635 1.96875 -2.29505e-08
2.74889 1.96875 -2.42818e-08
3.53429 1.96875 3.27264e-08
4.31969 1.96875 3.12988e-08
5.10509 1.96875 5.68566e-09
5.89049 1.96875 -7.08007e-08
6.67588 1.96875 2.22977e-08
7.46128 1.96875 -7.43302e-09
8.24668 1.96875 5.20344e-08
9.03208 1.96875 2.95382e-08
9.81748 1.96875 -1.23882e-07
10.6029 1.96875 -4.94427e-08
11.3883 1.96875 9.75937e-08
12.1737 1.96875 -9.8563e-08
12.9591 1.96875 8.87485e-08
13.7445 1.96875 1.80265e-07
14.5299 1.96875 -1.03939e-07
15.3153 1.96875 4.59187e-08
16.1007 1.96875 1.59509e-10
16.8861 1.96875 3.93933e-08
17.6715 1.96875 1.1298e-08
18.4569 1.96875 -8.01593e-08
19.2423 1.96875 1.31823e-08
20.0277 1.96875 -7.67007e-08
20.8131 1.96875 9.7222e-08
21.5984 1.96875 6.89193e-08
22.3838 1.96875 -9.19236e-08
23.1692 1.96875 -6.92157e-08
23.9546 1.96875 2.06946e-08
24.74 1.96875 2.81709e-08
