0.392699 0.03125 -1.96864e-08
1.1781 0.03125 4.80602e-08
1.9635 0.03125 4.55424e-08
2.74889 0.03125 4.46424e-08
3.53429 0.03125 1.05113e-08
4.31969 0.03125 -1.05978e-07
5.10509 0.03125 -6.0486e-08
5.89049 0.03125 -2.16037e-08
6.67588 0.03125 7.58421e-08
7.46128 0.03125 1.70066e-08
8.24668 0.03125 8.28314e-08
9.03208 0.03125 -2.73706e-08
9.81748 0.03125 -5.23449e-09
10.6029 0.03125 3.26256e-08
11.3883 0.03125 -9.07572e-08
12.1737 0.03125 -1.03502e-07
12.9591 0.03125 -9.17725e-09
13.7445 0.03125 1.10799e-07
14.5299 0.03125 1.40932e-07
15.3153 0.03125 2.84646e-08
16.1007 0.03125 -5.40394e-08
16.8861 0.03125 -3.12132e-08
17.6715 0.03125 -7.37131e-09
18.4569 0.03125 -5.76532e-09
19.2423 0.03125 -1.05552e-08
20.0277 0.03125 5.80869e-09
20.8131 0.03125 3.99985e-09
21.5984 0.03125 3.34328e-08
22.3838 0.03125 1.98091e-08
23.1692 0.03125 -1.44529e-08
23.9546 0.03125 -1.16812e-07
24.74 0.03125 -8.85902e-09

0.392699 0.09375 -5.24104e-08
1.1781 0.09375 8.48205e-08
1.9635 0.09375 8.42194e-08
2.74889 0.09375 1.50926e-07
3.53429 0.09375 9.66631e-08
4.31969 0.09375 -1.84007e-07
5.10509 0.09375 -1.84585e-07
5.89049 0.09375 -1.74601e-07
6.67588 0.09375 1.46141e-07
7.46128 0.09375 6.08556e-08
8.24668 0.09375 2.1082e-07
9.03208 0.09375 -4.30112e-08
9.81748 0.09375 -2.98191e-08
10.6029 0.09375 1.01925e-07
11.3883 0.09375 -1.01574e-07
12.1737 0.09375 -2.77505e-07
12.9591 0.09375 -1.66797e-07
13.7445 0.09375 2.26749e-07
14.5299 0.09375 3.64754e-07
15.3153 0.09375 1.70585e-07
16.1007 0.09375 -7.31e-08
16.8861 0.09375 -1.21867e-07
17.6715 0.09375 -2.65344e-08
18.4569 0.09375 -1.58008e-08
19.2423 0.09375 -2.37916e-08
20.0277 0.09375 2.3699e-08
20.8131 0.09375 -6.53074e-09
21.5984 0.09375 7.64898e-08
22.3838 0.09375 5.29241e-08
23.1692 0.09375 2.34974e-08
23.9546 0.09375 -2.8068e-07
24.74 0.09375 -9.83337e-08

0.392699 0.15625 -1.24255e-07
1.1781 0.15625 8.46387e-08
1.9635 0.15625 7.43961e-08
2.74889 0.15625 2.04772e-07
3.53429 0.15625 2.32055e-07
4.31969 0.15625 -1.42389e-07
5.10509 0.15625 -2.3535e-07
5.89049 0.15625 -3.66891e-07
6.67588 0.15625 1.05437e-07
7.46128 0.15625 6.8047e-08
8.24668 0.15625 3.30758e-07
9.03208 0.15625 7.58502e-09
9.81748 0.15625 -8.73671e-08
10.6029 0.15625 1.35085e-07
11.3883 0.15625 -2.28862e-09
12.1737 0.15625 -3.20432e-07
12.9591 0.15625 -4.01856e-07
13.7445 0.15625 1.47824e-07
14.5299 0.15625 5.15032e-07
15.3153 0.15625 3.65664e-07
16.1007 0.15625 5.36134e-09
16.8861 0.15625 -1.84808e-07
17.6715 0.15625 -7.08431e-08
18.4569 0.15625 -2.7963e-08
19.2423 0.15625 -4.46711e-08
20.0277 0.15625 4.05926e-08
20.8131 0.15625 -2.40004e-08
21.5984 0.15625 8.63748e-08
22.3838 0.15625 7.89362e-08
23.1692 0.15625 1.23712e-07
23.9546 0.15625 -3.42877e-07
24.74 0.15625 -2.17093e-07

0.392699 0.21875 -2.07901e-07
1.1781 0.21875 7.32557e-08
1.9635 0.21875 4.60661e-08
2.74889 0.21875 1.94666e-07
3.53429 0.21875 3.35757e-07
4.31969 0.21875 -5.79029e-08
5.10509 0.21875 -2.01134e-07
5.89049 0.21875 -4.98479e-07
6.67588 0.21875 9.78959e-09
7.46128 0.21875 3.12723e-08
8.24668 0.21875 4.13348e-07
9.03208 0.21875 8.82181e-08
9.81748 0.21875 -1.35616e-07
10.6029 0.21875 1.18327e-07
11.3883 0.21875 8.83627e-08
12.1737 0.21875 -2.48218e-07
12.9591 0.21875 -5.67511e-07
13.7445 0.21875 -2.17242e-08
14.5299 0.21875 5.65108e-07
15.3153 0.21875 5.10661e-07
16.1007 0.21875 1.16919e-07
16.8861 0.21875 -1.89644e-07
17.6715 0.21875 -1.16148e-07
18.4569 0.21875 -4.41417e-08
19.2423 0.21875 -6.72316e-08
20.0277 0.21875 5.42504e-08
20.8131 0.21875 -3.41925e-08
21.5984 0.21875 7.69441e-08
22.3838 0.21875 8.65957e-08
23.1692 0.21875 2.16398e-07
23.9546 0.21875 -3.30359e-07
24.74 0.21875 -3.00787e-07

0.392699 0.28125 -2.78946e-07
1.1781 0.28125 6.41461e-08
1.9635 0.28125 2.52984e-08
2.74889 0.28125 1.5015e-07
3.53429 0.28125 3.88311e-07
4.31969 0.28125 9.80195e-09
5.10509 0.28125 -1.32017e-07
5.89049 0.28125 -5.48003e-07
6.67588 0.28125 -8.1204e-08
7.46128 0.28125 -2.47424e-08
8.24668 0.28125 4.59519e-07
9.03208 0.28125 1.62741e-07
9.81748 0.28125 -1.62643e-07
10.6029 0.28125 8.20453e-08
11.3883 0.28125 1.24702e-07
12.1737 0.28125 -1.41563e-07
12.9591 0.28125 -6.38636e-07
13.7445 0.28125 -1.8095e-07
14.5299 0.28125 5.66523e-07
15.3153 0.28125 5.80041e-07
16.1007 0.28125 1.96583e-07
16.8861 0.28125 -1.5505e-07
17.6715 0.28125 -1.43773e-07
18.4569 0.28125 -6.23039e-08
19.2423 0.28125 -8.75147e-08
20.0277 0.28125 6.51136e-08
20.8131 0.28125 -3.58582e-08
21.5984 0.28125 6.35332e-08
22.3838 0.28125 8.7729e-08
23.1692 0.28125 2.75389e-07
23.9546 0.28125 -2.96137e-07
24.74 0.28125 -3.39687e-07

0.392699 0.34375 -3.31259e-07
1.1781 0.34375 5.98496e-08
1.9635 0.34375 2.1265e-08
2.74889 0.34375 9.63435e-08
3.53429 0.34375 4.02912e-07
4.31969 0.34375 4.53166e-08
5.10509 0.34375 -6.58502e-08
5.89049 0.34375 -5.38087e-07
6.67588 0.34375 -1.46442e-07
7.46128 0.34375 -7.98762e-08
8.24668 0.34375 4.83877e-07
9.03208 0.34375 2.19907e-07
9.81748 0.34375 -1.7412e-07
10.6029 0.34375 4.50868e-08
11.3883 0.34375 1.17469e-07
12.1737 0.34375 -4.59556e-08
12.9591 0.34375 -6.5141e-07
13.7445 0.34375 -2.99218e-07
14.5299 0.34375 5.65994e-07
15.3153 0.34375 5.98102e-07
16.1007 0.34375 2.24002e-07
16.8861 0.34375 -1.0618e-07
17.6715 0.34375 -1.50575e-07
18.4569 0.34375 -8.10704e-08
19.2423 0.34375 -1.04985e-07
20.0277 0.34375 7.41434e-08
20.8131 0.34375 -3.37049e-08
21.5984 0.34375 5.50335e-08
22.3838 0.34375 9.16288e-08
23.1692 0.34375 3.06802e-07
23.9546 0.34375 -2.6719e-07
24.74 0.34375 -3.51463e-07

0.392699 0.40625 -3.68173e-07
1.1781 0.40625 5.81859e-08
1.9635 0.40625 3.41231e-08
2.74889 0.40625 4.57234e-08
3.53429 0.40625 3.93572e-07
4.31969 0.40625 5.33803e-08
5.10509 0.40625 -1.53572e-08
5.89049 0.40625 -4.92793e-07
6.67588 0.40625 -1.8794e-07
7.46128 0.40625 -1.26569e-07
8.24668 0.40625 4.96491e-07
9.03208 0.40625 2.61678e-07
9.81748 0.40625 -1.72983e-07
10.6029 0.40625 9.6201e-09
11.3883 0.40625 8.56821e-08
12.1737 0.40625 3.08694e-08
12.9591 0.40625 -6.39364e-07
13.7445 0.40625 -3.84905e-07
14.5299 0.40625 5.80118e-07
15.3153 0.40625 5.92768e-07
16.1007 0.40625 2.07506e-07
16.8861 0.40625 -5.6867e-08
17.6715 0.40625 -1.39944e-07
18.4569 0.40625 -9.96055e-08
19.2423 0.40625 -1.21134e-07
20.0277 0.40625 8.20752e-08
20.8131 0.40625 -3.36199e-08
21.5984 0.40625 5.5523e-08
22.3838 0.40625 1.01971e-07
23.1692 0.40625 3.22052e-07
23.9546 0.40625 -2.47621e-07
24.74 0.40625 -3.52994e-07

0.392699 0.46875 -3.93853e-07
1.1781 0.46875 5.58345e-08
1.9635 0.46875 6.13369e-08
2.74889 0.46875 3.69805e-09
3.53429 0.46875 3.67951e-07
4.31969 0.46875 4.07893e-08
5.10509 0.46875 1.85856e-08
5.89049 0.46875 -4.25492e-07
6.67588 0.46875 -2.13314e-07
7.46128 0.46875 -1.64133e-07
8.24668 0.46875 5.00814e-07
9.03208 0.46875 2.91704e-07
9.81748 0.46875 -1.58089e-07
10.6029 0.46875 -2.66589e-08
11.3883 0.46875 4.23303e-08
12.1737 0.46875 9.34731e-08
12.9591 0.46875 -6.1952e-07
13.7445 0.46875 -4.52804e-07
14.5299 0.46875 6.06419e-07
15.3153 0.46875 5.80948e-07
16.1007 0.46875 1.6276e-07
16.8861 0.46875 -1.02669e-08
17.6715 0.46875 -1.15688e-07
18.4569 0.46875 -1.18005e-07
19.2423 0.46875 -1.36963e-07
20.0277 0.46875 8.88467e-08
20.8131 0.46875 -4.04433e-08
21.5984 0.46875 6.52666e-08
22.3838 0.46875 1.1928e-07
23.1692 0.46875 3.29879e-07
23.9546 0.46875 -2.33056e-07
24.74 0.46875 -3.53687e-07

0.392699 0.53125 -4.11151e-07
1.1781 0.53125 5.09319e-08
1.9635 0.53125 9.91724e-08
2.74889 0.53125 -2.72806e-08
3.53429 0.53125 3.29559e-07
4.31969 0.53125 1.1676e-08
5.10509 0.53125 3.8842e-08
5.89049 0.53125 -3.42622e-07
6.67588 0.53125 -2.2927e-07
7.46128 0.53125 -1.93829e-07
8.24668 0.53125 4.97476e-07
9.03208 0.53125 3.11421e-07
9.81748 0.53125 -1.27298e-07
10.6029 0.53125 -6.41794e-08
11.3883 0.53125 -5.62385e-09
12.1737 0.53125 1.46918e-07
12.9591 0.53125 -5.98574e-07
13.7445 0.53125 -5.11674e-07
14.5299 0.53125 6.36772e-07
15.3153 0.53125 5.69324e-07
16.1007 0.53125 1.04717e-07
16.8861 0.53125 3.4912e-08
17.6715 0.53125 -8.11077e-08
18.4569 0.53125 -1.36874e-07
19.2423 0.53125 -1.53276e-07
20.0277 0.53125 9.4966e-08
20.8131 0.53125 -5.66895e-08
21.5984 0.53125 8.09077e-08
22.3838 0.53125 1.43676e-07
23.1692 0.53125 3.35719e-07
23.9546 0.53125 -2.19185e-07
24.74 0.53125 -3.57188e-07

0.392699 0.59375 -4.22497e-07
1.1781 0.59375 4.31406e-08
1.9635 0.59375 1.44108e-07
2.74889 0.59375 -4.69768e-08
3.53429 0.59375 2.80924e-07
4.31969 0.59375 -3.1497e-08
5.10509 0.59375 4.83981e-08
5.89049 0.59375 -2.48282e-07
6.67588 0.59375 -2.40049e-07
7.46128 0.59375 -2.17883e-07
8.24668 0.59375 4.86641e-07
9.03208 0.59375 3.2159e-07
9.81748 0.59375 -8.07649e-08
10.6029 0.59375 -1.00671e-07
11.3883 0.59375 -5.34029e-08
12.1737 0.59375 1.93236e-07
12.9591 0.59375 -5.79274e-07
13.7445 0.59375 -5.6339e-07
14.5299 0.59375 6.63804e-07
15.3153 0.59375 5.58847e-07
16.1007 0.59375 4.52713e-08
16.8861 0.59375 8.14836e-08
17.6715 0.59375 -3.90588e-08
18.4569 0.59375 -1.57952e-07
19.2423 0.59375 -1.70437e-07
20.0277 0.59375 1.01558e-07
20.8131 0.59375 -8.22037e-08
21.5984 0.59375 9.66143e-08
22.3838 0.59375 1.74362e-07
23.1692 0.59375 3.43478e-07
23.9546 0.59375 -2.03813e-07
24.74 0.59375 -3.63519e-07

0.392699 0.65625 -4.30631e-07
1.1781 0.65625 3.3471e-08
1.9635 0.65625 1.93556e-07
2.74889 0.65625 -5.68935e-08
3.53429 0.65625 2.24717e-07
4.31969 0.65625 -8.60219e-08
5.10509 0.65625 5.03616e-08
5.89049 0.65625 -1.47623e-07
6.67588 0.65625 -2.47211e-07
7.46128 0.65625 -2.3867e-07
8.24668 0.65625 4.68239e-07
9.03208 0.65625 3.23239e-07
9.81748 0.65625 -2.11466e-08
10.6029 0.65625 -1.33193e-07
11.3883 0.65625 -9.7847e-08
12.1737 0.65625 2.32695e-07
12.9591 0.65625 -5.63411e-07
13.7445 0.65625 -6.05231e-07
14.5299 0.65625 6.82954e-07
15.3153 0.65625 5.47712e-07
16.1007 0.65625 -6.58944e-09
16.8861 0.65625 1.30748e-07
17.6715 0.65625 7.46715e-09
18.4569 0.65625 -1.83348e-07
19.2423 0.65625 -1.88497e-07
20.0277 0.65625 1.10297e-07
20.8131 0.65625 -1.14531e-07
21.5984 0.65625 1.06196e-07
22.3838 0.65625 2.09918e-07
23.1692 0.65625 3.55556e-07
23.9546 0.65625 -1.87253e-07
24.74 0.65625 -3.70427e-07

0.392699 0.71875 -4.38406e-07
1.1781 0.71875 2.2716e-08
1.9635 0.71875 2.46702e-07
2.74889 0.71875 -5.96591e-08
3.53429 0.71875 1.64001e-07
4.31969 0.71875 -1.4762e-07
5.10509 0.71875 4.74263e-08
5.89049 0.71875 -4.76229e-08
6.67588 0.71875 -2.49715e-07
7.46128 0.71875 -2.57834e-07
8.24668 0.71875 4.41379e-07
9.03208 0.71875 3.18132e-07
9.81748 0.71875 4.69405e-08
10.6029 0.71875 -1.60011e-07
11.3883 0.71875 -1.36991e-07
12.1737 0.71875 2.64548e-07
12.9591 0.71875 -5.52468e-07
13.7445 0.71875 -6.32349e-07
14.5299 0.71875 6.92233e-07
15.3153 0.71875 5.33336e-07
16.1007 0.71875 -4.51299e-08
16.8861 0.71875 1.81913e-07
17.6715 0.71875 5.54783e-08
18.4569 0.71875 -2.15584e-07
19.2423 0.71875 -2.06579e-07
20.0277 0.71875 1.2275e-07
20.8131 0.71875 -1.50276e-07
21.5984 0.71875 1.05437e-07
22.3838 0.71875 2.48295e-07
23.1692 0.71875 3.73145e-07
23.9546 0.71875 -1.71665e-07
24.74 0.71875 -3.74591e-07

0.392699 0.78125 -4.47884e-07
1.1781 0.78125 1.07977e-08
1.9635 0.78125 3.03493e-07
2.74889 0.78125 -5.80101e-08
3.53429 0.78125 1.01464e-07
4.31969 0.78125 -2.106e-07
5.10509 0.78125 4.26655e-08
5.89049 0.78125 4.35698e-08
6.67588 0.78125 -2.4514e-07
7.46128 0.78125 -2.75025e-07
8.24668 0.78125 4.04607e-07
9.03208 0.78125 3.07907e-07
9.81748 0.78125 1.18655e-07
10.6029 0.78125 -1.81247e-07
11.3883 0.78125 -1.7051e-07
12.1737 0.78125 2.88083e-07
12.9591 0.78125 -5.47677e-07
13.7445 0.78125 -6.39609e-07
14.5299 0.78125 6.91708e-07
15.3153 0.78125 5.13478e-07
16.1007 0.78125 -6.74669e-08
16.8861 0.78125 2.31793e-07
17.6715 0.78125 1.0211e-07
18.4569 0.78125 -2.56582e-07
19.2423 0.78125 -2.23208e-07
20.0277 0.78125 1.40093e-07
20.8131 0.78125 -1.86297e-07
21.5984 0.78125 9.36069e-08
22.3838 0.78125 2.87664e-07
23.1692 0.78125 3.95713e-07
23.9546 0.78125 -1.60614e-07
24.74 0.78125 -3.72824e-07

0.392699 0.84375 -4.59757e-07
1.1781 0.84375 -3.27804e-09
1.9635 0.84375 3.63554e-07
2.74889 0.84375 -5.45779e-08
3.53429 0.84375 3.92548e-08
4.31969 0.84375 -2.69119e-07
5.10509 0.84375 3.91001e-08
5.89049 0.84375 1.18865e-07
6.67588 0.84375 -2.31383e-07
7.46128 0.84375 -2.87441e-07
8.24668 0.84375 3.56693e-07
9.03208 0.84375 2.93524e-07
9.81748 0.84375 1.90354e-07
10.6029 0.84375 -1.982e-07
11.3883 0.84375 -1.99079e-07
12.1737 0.84375 3.02745e-07
12.9591 0.84375 -5.50227e-07
13.7445 0.84375 -6.23323e-07
14.5299 0.84375 6.8317e-07
15.3153 0.84375 4.87076e-07
16.1007 0.84375 -7.3182e-08
16.8861 0.84375 2.76474e-07
17.6715 0.84375 1.45485e-07
18.4569 0.84375 -3.06971e-07
19.2423 0.84375 -2.36761e-07
20.0277 0.84375 1.62817e-07
20.8131 0.84375 -2.21069e-07
21.5984 0.84375 7.34512e-08
22.3838 0.84375 3.26755e-07
23.1692 0.84375 4.21142e-07
23.9546 0.84375 -1.58065e-07
24.74 0.84375 -3.63092e-07

0.392699 0.90625 -4.73156e-07
1.1781 0.90625 -1.99111e-08
1.9635 0.90625 4.24824e-07
2.74889 0.90625 -5.18766e-08
3.53429 0.90625 -2.10734e-08
4.31969 0.90625 -3.18757e-07
5.10509 0.90625 3.94947e-08
5.89049 0.90625 1.74162e-07
6.67588 0.90625 -2.08286e-07
7.46128 0.90625 -2.90393e-07
8.24668 0.90625 2.97905e-07
9.03208 0.90625 2.74644e-07
9.81748 0.90625 2.60397e-07
10.6029 0.90625 -2.12233e-07
11.3883 0.90625 -2.23944e-07
12.1737 0.90625 3.08474e-07
12.9591 0.90625 -5.61255e-07
13.7445 0.90625 -5.82682e-07
14.5299 0.90625 6.69739e-07
15.3153 0.90625 4.54812e-07
16.1007 0.90625 -6.34938e-08
16.8861 0.90625 3.12192e-07
17.6715 0.90625 1.85001e-07
18.4569 0.90625 -3.64995e-07
19.2423 0.90625 -2.46093e-07
20.0277 0.90625 1.90637e-07
20.8131 0.90625 -2.54835e-07
21.5984 0.90625 4.98288e-08
22.3838 0.90625 3.65168e-07
23.1692 0.90625 4.45551e-07
23.9546 0.90625 -1.67219e-07
24.74 0.90625 -3.44791e-07

0.392699 0.96875 -4.86011e-07
1.1781 0.96875 -3.83235e-08
1.9635 0.96875 4.83638e-07
2.74889 0.96875 -5.23598e-08
3.53429 0.96875 -7.78695e-08
4.31969 0.96875 -3.57238e-07
5.10509 0.96875 4.48054e-08
5.89049 0.96875 2.09346e-07
6.67588 0.96875 -1.77793e-07
7.46128 0.96875 -2.79154e-07
8.24668 0.96875 2.30175e-07
9.03208 0.96875 2.50032e-07
9.81748 0.96875 3.28876e-07
10.6029 0.96875 -2.24243e-07
11.3883 0.96875 -2.4638e-07
12.1737 0.96875 3.05809e-07
12.9591 0.96875 -5.81341e-07
13.7445 0.96875 -5.20549e-07
14.5299 0.96875 6.54852e-07
15.3153 0.96875 4.18827e-07
16.1007 0.96875 -4.08858e-08
16.8861 0.96875 3.36252e-07
17.6715 0.96875 2.21399e-07
18.4569 0.96875 -4.26575e-07
19.2423 0.96875 -2.5068e-07
20.0277 0.96875 2.22382e-07
20.8131 0.96875 -2.88855e-07
21.5984 0.96875 2.7645e-08
22.3838 0.96875 4.02821e-07
23.1692 0.96875 4.64178e-07
23.9546 0.96875 -1.89134e-07
24.74 0.96875 -3.18156e-07

0.392699 1.03125 -4.95652e-07
1.1781 1.03125 -5.66765e-08
1.9635 1.03125 5.35011e-07
2.74889 1.03125 -5.78137e-08
3.53429 1.03125 -1.29436e-07
4.31969 1.03125 -3.83909e-07
5.10509 1.03125 5.43146e-08
5.89049 1.03125 2.2734e-07
6.67588 1.03125 -1.43288e-07
7.46128 1.03125 -2.51383e-07
8.24668 1.03125 1.56993e-07
9.03208 1.03125 2.18464e-07
9.81748 1.03125 3.9623e-07
10.6029 1.03125 -2.34772e-07
11.3883 1.03125 -2.67405e-07
12.1737 1.03125 2.95966e-07
12.9591 1.03125 -6.09298e-07
13.7445 1.03125 -4.42961e-07
14.5299 1.03125 6.40585e-07
15.3153 1.03125 3.82085e-07
16.1007 1.03125 -8.80171e-09
16.8861 1.03125 3.46631e-07
17.6715 1.03125 2.55729e-07
18.4569 1.03125 -4.85665e-07
19.2423 1.03125 -2.50377e-07
20.0277 1.03125 2.5578e-07
20.8131 1.03125 -3.23735e-07
21.5984 1.03125 1.02732e-08
22.3838 1.03125 4.39184e-07
23.1692 1.03125 4.72325e-07
23.9546 1.03125 -2.22163e-07
24.74 1.03125 -2.83533e-07

0.392699 1.09375 -4.99384e-07
1.1781 1.09375 -7.35018e-08
1.9635 1.09375 5.74062e-07
2.74889 1.09375 -6.86712e-08
3.53429 1.09375 -1.74085e-07
4.31969 1.09375 -3.98876e-07
5.10509 1.09375 6.61756e-08
5.89049 1.09375 2.326e-07
6.67588 1.09375 -1.08562e-07
7.46128 1.09375 -2.0848e-07
8.24668 1.09375 8.22752e-08
9.03208 1.09375 1.798e-07
9.81748 1.09375 4.62705e-07
10.6029 1.09375 -2.44782e-07
11.3883 1.09375 -2.87751e-07
12.1737 1.09375 2.81066e-07
12.9591 1.09375 -6.41602e-07
13.7445 1.09375 -3.5747e-07
14.5299 1.09375 6.2658e-07
15.3153 1.09375 3.47382e-07
16.1007 1.09375 2.88232e-08
16.8861 1.09375 3.42128e-07
17.6715 1.09375 2.88391e-07
18.4569 1.09375 -5.35379e-07
19.2423 1.09375 -2.44929e-07
20.0277 1.09375 2.87145e-07
20.8131 1.09375 -3.58569e-07
21.5984 1.09375 -1.04457e-09
22.3838 1.09375 4.7239e-07
23.1692 1.09375 4.67182e-07
23.9546 1.09375 -2.62519e-07
24.74 1.09375 -2.41543e-07

0.392699 1.15625 -4.94768e-07
1.1781 1.15625 -8.83133e-08
1.9635 1.15625 5.96768e-07
2.74889 1.15625 -8.38903e-08
3.53429 1.15625 -2.10754e-07
4.31969 1.15625 -4.0212e-07
5.10509 1.15625 7.95336e-08
5.89049 1.15625 2.29359e-07
6.67588 1.15625 -7.75261e-08
7.46128 1.15625 -1.55489e-07
8.24668 1.15625 1.01264e-08
9.03208 1.15625 1.35668e-07
9.81748 1.15625 5.27533e-07
10.6029 1.15625 -2.55815e-07
11.3883 1.15625 -3.07434e-07
12.1737 1.15625 2.63908e-07
12.9591 1.15625 -6.72903e-07
13.7445 1.15625 -2.70871e-07
14.5299 1.15625 6.1021e-07
15.3153 1.15625 3.17328e-07
16.1007 1.15625 6.82036e-08
16.8861 1.15625 3.22185e-07
17.6715 1.15625 3.18267e-07
18.4569 1.15625 -5.69148e-07
19.2423 1.15625 -2.33328e-07
20.0277 1.15625 3.11598e-07
20.8131 1.15625 -3.912e-07
21.5984 1.15625 -6.67688e-09
22.3838 1.15625 4.99417e-07
23.1692 1.15625 4.48612e-07
23.9546 1.15625 -3.056e-07
24.74 1.15625 -1.93788e-07

0.392699 1.21875 -4.79873e-07
1.1781 1.21875 -1.01713e-07
1.9635 1.21875 6.00659e-07
2.74889 1.21875 -1.01278e-07
3.53429 1.21875 -2.38854e-07
4.31969 1.21875 -3.93774e-07
5.10509 1.21875 9.52295e-08
5.89049 1.21875 2.20929e-07
6.67588 1.21875 -5.37556e-08
7.46128 1.21875 -9.95022e-08
8.24668 1.21875 -5.60818e-08
9.03208 1.21875 8.96952e-08
9.81748 1.21875 5.89417e-07
10.6029 1.21875 -2.70263e-07
11.3883 1.21875 -3.25843e-07
12.1737 1.21875 2.48143e-07
12.9591 1.21875 -6.98144e-07
13.7445 1.21875 -1.87691e-07
14.5299 1.21875 5.88643e-07
15.3153 1.21875 2.94203e-07
16.1007 1.21875 1.06159e-07
16.8861 1.21875 2.87239e-07
17.6715 1.21875 3.43075e-07
18.4569 1.21875 -5.82038e-07
19.2423 1.21875 -2.13808e-07
20.0277 1.21875 3.23946e-07
20.8131 1.21875 -4.1951e-07
21.5984 1.21875 -7.97429e-09
22.3838 1.21875 5.17274e-07
23.1692 1.21875 4.19749e-07
23.9546 1.21875 -3.47468e-07
24.74 1.21875 -1.43478e-07

0.392699 1.28125 -4.5371e-07
1.1781 1.28125 -1.14347e-07
1.9635 1.28125 5.8434e-07
2.74889 1.28125 -1.18251e-07
3.53429 1.28125 -2.58327e-07
4.31969 1.28125 -3.74393e-07
5.10509 1.28125 1.16065e-07
5.89049 1.28125 2.09273e-07
6.67588 1.28125 -3.99828e-08
7.46128 1.28125 -4.84447e-08
8.24668 1.28125 -1.135e-07
9.03208 1.28125 4.73759e-08
9.81748 1.28125 6.45369e-07
10.6029 1.28125 -2.90572e-07
11.3883 1.28125 -3.41043e-07
12.1737 1.28125 2.36993e-07
12.9591 1.28125 -7.14524e-07
13.7445 1.28125 -1.09683e-07
14.5299 1.28125 5.60701e-07
15.3153 1.28125 2.8026e-07
16.1007 1.28125 1.39996e-07
16.8861 1.28125 2.38393e-07
17.6715 1.28125 3.60083e-07
18.4569 1.28125 -5.71655e-07
19.2423 1.28125 -1.84015e-07
20.0277 1.28125 3.20187e-07
20.8131 1.28125 -4.42481e-07
21.5984 1.28125 -6.6411e-09
22.3838 1.28125 5.24827e-07
23.1692 1.28125 3.85529e-07
23.9546 1.28125 -3.85933e-07
24.74 1.28125 -9.46838e-08

0.392699 1.34375 -4.16706e-07
1.1781 1.34375 -1.26329e-07
1.9635 1.34375 5.47621e-07
2.74889 1.34375 -1.32215e-07
3.53429 1.34375 -2.69127e-07
4.31969 1.34375 -3.45818e-07
5.10509 1.34375 1.44793e-07
5.89049 1.34375 1.95514e-07
6.67588 1.34375 -3.68286e-08
7.46128 1.34375 -9.46819e-09
8.24668 1.34375 -1.6064e-07
9.03208 1.34375 1.51404e-08
9.81748 1.34375 6.91195e-07
10.6029 1.34375 -3.18816e-07
11.3883 1.34375 -3.50156e-07
12.1737 1.34375 2.32537e-07
12.9591 1.34375 -7.22476e-07
13.7445 1.34375 -3.66615e-08
14.5299 1.34375 5.28167e-07
15.3153 1.34375 2.76548e-07
16.1007 1.34375 1.67094e-07
16.8861 1.34375 1.77893e-07
17.6715 1.34375 3.6798e-07
18.4569 1.34375 -5.3878e-07
19.2423 1.34375 -1.42418e-07
20.0277 1.34375 2.99026e-07
20.8131 1.34375 -4.60549e-07
21.5984 1.34375 -4.43158e-09
22.3838 1.34375 5.23707e-07
23.1692 1.34375 3.51082e-07
23.9546 1.34375 -4.21065e-07
24.74 1.34375 -5.12034e-08

0.392699 1.40625 -3.70972e-07
1.1781 1.40625 -1.3687e-07
1.9635 1.40625 4.91733e-07
2.74889 1.40625 -1.41509e-07
3.53429 1.40625 -2.71979e-07
4.31969 1.40625 -3.1036e-07
5.10509 1.40625 1.83057e-07
5.89049 1.40625 1.80109e-07
6.67588 1.40625 -4.25345e-08
7.46128 1.40625 1.16814e-08
8.24668 1.40625 -1.96402e-07
9.03208 1.40625 -9.74721e-10
9.81748 1.40625 7.20649e-07
10.6029 1.40625 -3.55068e-07
11.3883 1.40625 -3.48669e-07
12.1737 1.40625 2.33508e-07
12.9591 1.40625 -7.2446e-07
13.7445 1.40625 3.2878e-08
14.5299 1.40625 4.94534e-07
15.3153 1.40625 2.82355e-07
16.1007 1.40625 1.84591e-07
16.8861 1.40625 1.09463e-07
17.6715 1.40625 3.67506e-07
18.4569 1.40625 -4.87355e-07
19.2423 1.40625 -8.88581e-08
20.0277 1.40625 2.62475e-07
20.8131 1.40625 -4.7511e-07
21.5984 1.40625 -2.17353e-09
22.3838 1.40625 5.17552e-07
23.1692 1.40625 3.18984e-07
23.9546 1.40625 -4.54357e-07
24.74 1.40625 -1.50746e-08

0.392699 1.46875 -3.19933e-07
1.1781 1.46875 -1.45103e-07
1.9635 1.46875 4.20284e-07
2.74889 1.46875 -1.45692e-07
3.53429 1.46875 -2.68348e-07
4.31969 1.46875 -2.70479e-07
5.10509 1.46875 2.29804e-07
5.89049 1.46875 1.63283e-07
6.67588 1.46875 -5.33021e-08
7.46128 1.46875 1.21191e-08
8.24668 1.46875 -2.20435e-07
9.03208 1.46875 2.84963e-09
9.81748 1.46875 7.28225e-07
10.6029 1.46875 -3.97384e-07
11.3883 1.46875 -3.32165e-07
12.1737 1.46875 2.35953e-07
12.9591 1.46875 -7.23461e-07
13.7445 1.46875 1.00747e-07
14.5299 1.46875 4.63784e-07
15.3153 1.46875 2.94145e-07
16.1007 1.46875 1.89832e-07
16.8861 1.46875 3.90001e-08
17.6715 1.46875 3.61479e-07
18.4569 1.46875 -4.2376e-07
19.2423 1.46875 -2.54514e-08
20.0277 1.46875 2.14984e-07
20.8131 1.46875 -4.8776e-07
21.5984 1.46875 8.8275e-10
22.3838 1.46875 5.10141e-07
23.1692 1.46875 2.88662e-07
23.9546 1.46875 -4.87375e-07
24.74 1.46875 1.38473e-08

0.392699 1.53125 -2.68212e-07
1.1781 1.53125 -1.50302e-07
1.9635 1.53125 3.39293e-07
2.74889 1.53125 -1.46625e-07
3.53429 1.53125 -2.61043e-07
4.31969 1.53125 -2.26603e-07
5.10509 1.53125 2.8226e-07
5.89049 1.53125 1.4428e-07
6.67588 1.53125 -6.53987e-08
7.46128 1.53125 -8.22018e-09
8.24668 1.53125 -2.31317e-07
9.03208 1.53125 2.74548e-08
9.81748 1.53125 7.08929e-07
10.6029 1.53125 -4.41209e-07
11.3883 1.53125 -2.96489e-07
12.1737 1.53125 2.3228e-07
12.9591 1.53125 -7.20704e-07
13.7445 1.53125 1.69802e-07
14.5299 1.53125 4.3742e-07
15.3153 1.53125 3.06381e-07
16.1007 1.53125 1.81083e-07
16.8861 1.53125 -2.59452e-08
17.6715 1.53125 3.52744e-07
18.4569 1.53125 -3.55486e-07
19.2423 1.53125 4.45728e-08
20.0277 1.53125 1.60989e-07
20.8131 1.53125 -4.99506e-07
21.5984 1.53125 8.21391e-09
22.3838 1.53125 5.03315e-07
23.1692 1.53125 2.55492e-07
23.9546 1.53125 -5.19475e-07
24.74 1.53125 3.82218e-08

0.392699 1.59375 -2.21466e-07
1.1781 1.59375 -1.52176e-07
1.9635 1.59375 2.56693e-07
2.74889 1.59375 -1.47567e-07
3.53429 1.59375 -2.51858e-07
4.31969 1.59375 -1.77052e-07
5.10509 1.59375 3.35236e-07
5.89049 1.59375 1.20551e-07
6.67588 1.59375 -7.66583e-08
7.46128 1.59375 -4.49538e-08
8.24668 1.59375 -2.27323e-07
9.03208 1.59375 7.04325e-08
9.81748 1.59375 6.60774e-07
10.6029 1.59375 -4.8178e-07
11.3883 1.59375 -2.40347e-07
12.1737 1.59375 2.14626e-07
12.9591 1.59375 -7.14396e-07
13.7445 1.59375 2.43635e-07
14.5299 1.59375 4.14136e-07
15.3153 1.59375 3.11927e-07
16.1007 1.59375 1.58045e-07
16.8861 1.59375 -7.72642e-08
17.6715 1.59375 3.43422e-07
18.4569 1.59375 -2.89444e-07
19.2423 1.59375 1.15825e-07
20.0277 1.59375 1.01988e-07
20.8131 1.59375 -5.0935e-07
21.5984 1.59375 2.61613e-08
22.3838 1.59375 4.96028e-07
23.1692 1.59375 2.12126e-07
23.9546 1.59375 -5.46995e-07
24.74 1.59375 6.24153e-08

0.392699 1.65625 -1.8633e-07
1.1781 1.65625 -1.4941e-07
1.9635 1.65625 1.80247e-07
2.74889 1.65625 -1.52746e-07
3.53429 1.65625 -2.3971e-07
4.31969 1.65625 -1.16661e-07
5.10509 1.65625 3.8095e-07
5.89049 1.65625 8.64701e-08
6.67588 1.65625 -8.73817e-08
7.46128 1.65625 -8.95542e-08
8.24668 1.65625 -2.04636e-07
9.03208 1.65625 1.26859e-07
9.81748 1.65625 5.80594e-07
10.6029 1.65625 -5.13602e-07
11.3883 1.65625 -1.63772e-07
12.1737 1.65625 1.74236e-07
12.9591 1.65625 -6.9618e-07
13.7445 1.65625 3.27418e-07
14.5299 1.65625 3.87234e-07
15.3153 1.65625 3.03351e-07
16.1007 1.65625 1.21747e-07
16.8861 1.65625 -1.07518e-07
17.6715 1.65625 3.33377e-07
18.4569 1.65625 -2.30557e-07
19.2423 1.65625 1.80811e-07
20.0277 1.65625 3.43278e-08
20.8131 1.65625 -5.11391e-07
21.5984 1.65625 6.40986e-08
22.3838 1.65625 4.82546e-07
23.1692 1.65625 1.48349e-07
23.9546 1.65625 -5.61406e-07
24.74 1.65625 9.16891e-08

0.392699 1.71875 -1.69166e-07
1.1781 1.71875 -1.39141e-07
1.9635 1.71875 1.15415e-07
2.74889 1.71875 -1.62553e-07
3.53429 1.71875 -2.16403e-07
4.31969 1.71875 -4.17937e-08
5.10509 1.71875 4.04493e-07
5.89049 1.71875 3.48275e-08
6.67588 1.71875 -9.74043e-08
7.46128 1.71875 -1.27393e-07
8.24668 1.71875 -1.60066e-07
9.03208 1.71875 1.87652e-07
9.81748 1.71875 4.65333e-07
10.6029 1.71875 -5.3058e-07
11.3883 1.71875 -7.1279e-08
12.1737 1.71875 1.07159e-07
12.9591 1.71875 -6.48633e-07
13.7445 1.71875 4.21832e-07
14.5299 1.71875 3.45414e-07
15.3153 1.71875 2.73115e-07
16.1007 1.71875 7.47143e-08
16.8861 1.71875 -1.10131e-07
17.6715 1.71875 3.2047e-07
18.4569 1.71875 -1.81568e-07
19.2423 1.71875 2.25788e-07
20.0277 1.71875 -4.85467e-08
20.8131 1.71875 -4.89857e-07
21.5984 1.71875 1.30006e-07
22.3838 1.71875 4.49922e-07
23.1692 1.71875 5.55437e-08
23.9546 1.71875 -5.48003e-07
24.74 1.71875 1.29227e-07

0.392699 1.78125 -1.72715e-07
1.1781 1.78125 -1.15583e-07
1.9635 1.78125 6.39091e-08
2.74889 1.78125 -1.70256e-07
3.53429 1.78125 -1.69396e-07
4.31969 1.78125 4.26384e-08
5.10509 1.78125 3.83295e-07
5.89049 1.78125 -3.62507e-08
6.67588 1.78125 -1.01161e-07
7.46128 1.78125 -1.41305e-07
8.24668 1.78125 -9.24203e-08
9.03208 1.78125 2.35558e-07
9.81748 1.78125 3.09742e-07
10.6029 1.78125 -5.17555e-07
11.3883 1.78125 2.81037e-08
12.1737 1.78125 1.5804e-08
12.9591 1.78125 -5.44495e-07
13.7445 1.78125 5.12605e-07
14.5299 1.78125 2.70507e-07
15.3153 1.78125 2.16797e-07
16.1007 1.78125 2.44651e-08
16.8861 1.78125 -8.10418e-08
17.6715 1.78125 2.96419e-07
18.4569 1.78125 -1.44484e-07
19.2423 1.78125 2.32112e-07
20.0277 1.78125 -1.44708e-07
20.8131 1.78125 -4.16711e-07
21.5984 1.78125 2.18387e-07
22.3838 1.78125 3.74557e-07
23.1692 1.78125 -6.30088e-08
23.9546 1.78125 -4.83314e-07
24.74 1.78125 1.69565e-07

0.392699 1.84375 -1.86496e-07
1.1781 1.84375 -7.30184e-08
1.9635 1.84375 2.56831e-08
2.74889 1.84375 -1.57092e-07
3.53429 1.84375 -9.26577e-08
4.31969 1.84375 1.06286e-07
5.10509 1.84375 2.95565e-07
5.89049 1.84375 -1.0677e-07
6.67588 1.84375 -8.43402e-08
7.46128 1.84375 -1.17344e-07
8.24668 1.84375 -1.59342e-08
9.03208 1.84375 2.41248e-07
9.81748 1.84375 1.27793e-07
10.6029 1.84375 -4.49502e-07
11.3883 1.84375 1.10507e-07
12.1737 1.84375 -7.40529e-08
12.9591 1.84375 -3.66343e-07
13.7445 1.84375 5.48453e-07
14.5299 1.84375 1.52697e-07
15.3153 1.84375 1.41542e-07
16.1007 1.84375 -1.26053e-08
16.8861 1.84375 -2.64409e-08
17.6715 1.84375 2.46175e-07
18.4569 1.84375 -1.21869e-07
19.2423 1.84375 1.82698e-07
20.0277 1.84375 -2.20733e-07
20.8131 1.84375 -2.68089e-07
21.5984 1.84375 2.86154e-07
22.3838 1.84375 2.36782e-07
23.1692 1.84375 -1.68513e-07
23.9546 1.84375 -3.48281e-07
24.74 1.84375 1.88144e-07

0.392699 1.90625 -1.72344e-07
1.1781 1.90625 -1.60097e-08
1.9635 1.90625 3.50515e-09
2.74889 1.90625 -1.06807e-07
3.53429 1.90625 -1.48538e-08
4.31969 1.90625 1.01398e-07
5.10509 1.90625 1.5714e-07
5.89049 1.90625 -1.25847e-07
6.67588 1.90625 -3.92567e-08
7.46128 1.90625 -6.47689e-08
8.24668 1.90625 3.27665e-08
9.03208 1.90625 1.80555e-07
9.81748 1.90625 -2.46428e-08
10.6029 1.90625 -3.05371e-07
11.3883 1.90625 1.3976e-07
12.1737 1.90625 -1.13037e-07
12.9591 1.90625 -1.53356e-07
13.7445 1.90625 4.50385e-07
14.5299 1.90625 2.1885e-08
15.3153 1.90625 7.22313e-08
16.1007 1.90625 -1.742e-08
16.8861 1.90625 2.21719e-08
17.6715 1.90625 1.54573e-07
18.4569 1.90625 -1.07392e-07
19.2423 1.90625 9.32248e-08
20.0277 1.90625 -2.08427e-07
20.8131 1.90625 -8.04745e-08
21.5984 1.90625 2.53985e-07
22.3838 1.90625 6.94468e-08
23.1692 1.90625 -1.84222e-07
23.9546 1.90625 -1.67701e-07
24.74 1.90625 1.4795e-07

0.392699 1.96875 -7.97991e-08
1.1781 1.96875 1.95582e-08
1.9635 1.96875 5.02819e-09
2.74889 1.96875 -3.02058e-08
3.53429 1.96875 8.19126e-09
4.31969 1.96875 1.60411e-08
5.10509 1.96875 4.0591e-08
5.89049 1.96875 -5.39531e-08
6.67588 1.96875 4.89521e-09
7.46128 1.96875 -1.57611e-08
8.24668 1.96875 1.0614e-08
9.03208 1.96875 7.87202e-08
9.81748 1.96875 -4.83298e-08
10.6029 1.96875 -1.23708e-07
11.3883 1.96875 8.26565e-08
12.1737 1.96875 -5.1441e-08
12.9591 1.96875 -3.14663e-08
13.7445 1.96875 1.89024e-07
14.5299 1.96875 -2.4129e-08
15.3153 1.96875 2.3205e-08
16.1007 1.96875 1.57176e-09
16.8861 1.96875 1.88276e-08
17.6715 1.96875 4.38809e-08
18.4569 1.96875 -6.91865e-08
19.2423 1.96875 1.62019e-08
20.0277 1.96875 -7.93897e-08
20.8131 1.96875 1.61959e-08
21.5984 1.96875 9.76082e-08
22.3838 1.96875 -8.08865e-09
23.1692 1.96875 -7.39773e-08
23.9546 1.96875 -3.70879e-08
24.74 1.96875 5.31943e-08

