0.392699 0.03125 -2.25019e-08
0.392699 0.09375 -6.24894e-08
0.392699 0.15625 -1.41625e-07
0.392699 0.21875 -2.30353e-07
0.392699 0.28125 -3.04013e-07
0.392699 0.34375 -3.57311e-07
0.392699 0.40625 -3.94389e-07
0.392699 0.46875 -4.19899e-07
0.392699 0.53125 -4.36951e-07
0.392699 0.59375 -4.48047e-07
0.392699 0.65625 -4.55841e-07
0.392699 0.71875 -4.62964e-07
0.392699 0.78125 -4.71208e-07
0.392699 0.84375 -4.81054e-07
0.392699 0.90625 -4.91602e-07
0.392699 0.96875 -5.0091e-07
0.392699 1.03125 -5.06519e-07
0.392699 1.09375 -5.05934e-07
0.392699 1.15625 -4.96928e-07
0.392699 1.21875 -4.77817e-07
0.392699 1.28125 -4.47899e-07
0.392699 1.34375 -4.07848e-07
0.392699 1.40625 -3.59913e-07
0.392699 1.46875 -3.07503e-07
0.392699 1.53125 -2.55035e-07
0.392699 1.59375 -2.07815e-07
0.392699 1.65625 -1.72087e-07
0.392699 1.71875 -1.54058e-07
0.392699 1.78125 -1.56959e-07
0.392699 1.84375 -1.71852e-07
0.392699 1.90625 -1.62349e-07
0.392699 1.96875 -7.69591e-08
1.1781 0.03125 4.46001e-08
1.1781 0.09375 7.8347e-08
1.1781 0.15625 7.47757e-08
1.1781 0.21875 5.93715e-08
1.1781 0.28125 4.60087e-08
1.1781 0.34375 3.74679e-08
1.1781 0.40625 3.15563e-08
1.1781 0.46875 2.49248e-08
1.1781 0.53125 1.57437e-08
1.1781 0.59375 3.67659e-09
1.1781 0.65625 -1.03733e-08
1.1781 0.71875 -2.57868e-08
1.1781 0.78125 -4.27253e-08
1.1781 0.84375 -6.20806e-08
1.1781 0.90625 -8.39723e-08
1.1781 0.96875 -1.07236e-07
1.1781 1.03125 -1.29587e-07
1.1781 1.09375 -1.49093e-07
1.1781 1.15625 -1.64824e-07
1.1781 1.21875 -1.77043e-07
1.1781 1.28125 -1.86216e-07
1.1781 1.34375 -1.92524e-07
1.1781 1.40625 -1.9549e-07
1.1781 1.46875 -1.94805e-07
1.1781 1.53125 -1.90482e-07
1.1781 1.59375 -1.83092e-07
1.1781 1.65625 -1.72197e-07
1.1781 1.71875 -1.55631e-07
1.1781 1.78125 -1.27871e-07
1.1781 1.84375 -8.27416e-08
1.1781 1.90625 -2.34206e-08
1.1781 1.96875 1.59049e-08
1.9635 0.03125 4.45459e-08
1.9635 0.09375 7.92663e-08
1.9635 0.15625 6.75054e-08
1.9635 0.21875 4.0122e-08
1.9635 0.28125 2.20171e-08
1.9635 0.34375 2.11525e-08
1.9635 0.40625 3.68509e-08
1.9635 0.46875 6.60386e-08
1.9635 0.53125 1.04764e-07
1.9635 0.59375 1.49564e-07
1.9635 0.65625 1.98082e-07
1.9635 0.71875 2.49707e-07
1.9635 0.78125 3.04484e-07
1.9635 0.84375 3.62088e-07
1.9635 0.90625 4.20628e-07
1.9635 0.96875 4.76783e-07
1.9635 1.03125 5.25993e-07
1.9635 1.09375 5.63657e-07
1.9635 1.15625 5.85789e-07
1.9635 1.21875 5.89727e-07
1.9635 1.28125 5.73848e-07
1.9635 1.34375 5.378e-07
1.9635 1.40625 4.82777e-07
1.9635 1.46875 4.12394e-07
1.9635 1.53125 3.32714e-07
1.9635 1.59375 2.51704e-07
1.9635 1.65625 1.77235e-07
1.9635 1.71875 1.1483e-07
1.9635 1.78125 6.60683e-08
1.9635 1.84375 3.00975e-08
1.9635 1.90625 8.34233e-09
1.9635 1.96875 7.40196e-09
2.74889 0.03125 4.53613e-08
2.74889 0.09375 1.46792e-07
2.74889 0.15625 1.91725e-07
2.74889 0.21875 1.74087e-07
2.74889 0.28125 1.25622e-07
2.74889 0.34375 7.12605e-08
2.74889 0.40625 2.27218e-08
2.74889 0.46875 -1.52588e-08
2.74889 0.53125 -4.07683e-08
2.74889 0.59375 -5.3994e-08
2.74889 0.65625 -5.67414e-08
2.74889 0.71875 -5.18207e-08
2.74889 0.78125 -4.21031e-08
2.74889 0.84375 -3.03788e-08
2.74889 0.90625 -1.94065e-08
2.74889 0.96875 -1.19725e-08
2.74889 1.03125 -1.0289e-08
2.74889 1.09375 -1.52506e-08
2.74889 1.15625 -2.62276e-08
2.74889 1.21875 -4.13061e-08
2.74889 1.28125 -5.80424e-08
2.74889 1.34375 -7.38651e-08
2.74889 1.40625 -8.69824e-08
2.74889 1.46875 -9.66107e-08
2.74889 1.53125 -1.03992e-07
2.74889 1.59375 -1.1164e-07
2.74889 1.65625 -1.23154e-07
2.74889 1.71875 -1.38911e-07
2.74889 1.78125 -1.52799e-07
2.74889 1.84375 -1.46736e-07
2.74889 1.90625 -1.03188e-07
2.74889 1.96875 -2.97246e-08
3.53429 0.03125 1.77986e-08
3.53429 0.09375 1.12275e-07
3.53429 0.15625 2.47654e-07
3.53429 0.21875 3.4609e-07
3.53429 0.28125 3.92358e-07
3.53429 0.34375 4.01801e-07
3.53429 0.40625 3.89083e-07
3.53429 0.46875 3.62025e-07
3.53429 0.53125 3.24176e-07
3.53429 0.59375 2.77954e-07
3.53429 0.65625 2.25712e-07
3.53429 0.71875 1.69989e-07
3.53429 0.78125 1.12859e-07
3.53429 0.84375 5.58693e-08
3.53429 0.90625 7.43718e-11
3.53429 0.96875 -5.32603e-08
3.53429 1.03125 -1.0269e-07
3.53429 1.09375 -1.46607e-07
3.53429 1.15625 -1.83869e-07
3.53429 1.21875 -2.13663e-07
3.53429 1.28125 -2.35652e-07
3.53429 1.34375 -2.49483e-07
3.53429 1.40625 -2.55627e-07
3.53429 1.46875 -2.55351e-07
3.53429 1.53125 -2.51447e-07
3.53429 1.59375 -2.45866e-07
3.53429 1.65625 -2.37949e-07
3.53429 1.71875 -2.19751e-07
3.53429 1.78125 -1.78216e-07
3.53429 1.84375 -1.04855e-07
3.53429 1.90625 -2.48744e-08
3.53429 1.96875 6.35e-09
4.31969 0.03125 -1.01262e-07
4.31969 0.09375 -1.68104e-07
4.31969 0.15625 -1.16762e-07
4.31969 0.21875 -2.82075e-08
4.31969 0.28125 3.90675e-08
4.31969 0.34375 7.19909e-08
4.31969 0.40625 7.67028e-08
4.31969 0.46875 6.05896e-08
4.31969 0.53125 2.79835e-08
4.31969 0.59375 -1.85371e-08
4.31969 0.65625 -7.62143e-08
4.31969 0.71875 -1.40809e-07
4.31969 0.78125 -2.06822e-07
4.31969 0.84375 -2.68641e-07
4.31969 0.90625 -3.21987e-07
4.31969 0.96875 -3.6449e-07
4.31969 1.03125 -3.95235e-07
4.31969 1.09375 -4.1402e-07
4.31969 1.15625 -4.2068e-07
4.31969 1.21875 -4.154e-07
4.31969 1.28125 -3.98948e-07
4.31969 1.34375 -3.73328e-07
4.31969 1.40625 -3.40933e-07
4.31969 1.46875 -3.04133e-07
4.31969 1.53125 -2.63259e-07
4.31969 1.59375 -2.16357e-07
4.31969 1.65625 -1.57744e-07
4.31969 1.71875 -8.24529e-08
4.31969 1.78125 6.49168e-09
4.31969 1.84375 8.0196e-08
4.31969 1.90625 8.85491e-08
4.31969 1.96875 1.32818e-08
5.10509 0.03125 -6.37067e-08
5.10509 0.09375 -1.81742e-07
5.10509 0.15625 -2.19428e-07
5.10509 0.21875 -1.73114e-07
5.10509 0.28125 -9.70845e-08
5.10509 0.34375 -2.92863e-08
5.10509 0.40625 1.8849e-08
5.10509 0.46875 4.75613e-08
5.10509 0.53125 6.03706e-08
5.10509 0.59375 6.06972e-08
5.10509 0.65625 5.21693e-08
5.10509 0.71875 3.82618e-08
5.10509 0.78125 2.3004e-08
5.10509 0.84375 1.02978e-08
5.10509 0.90625 3.4716e-09
5.10509 0.96875 3.68101e-09
5.10509 1.03125 1.01508e-08
5.10509 1.09375 2.08436e-08
5.10509 1.15625 3.46603e-08
5.10509 1.21875 5.2119e-08
5.10509 1.28125 7.56534e-08
5.10509 1.34375 1.07625e-07
5.10509 1.40625 1.49386e-07
5.10509 1.46875 1.99729e-07
5.10509 1.53125 2.5598e-07
5.10509 1.59375 3.13286e-07
5.10509 1.65625 3.64515e-07
5.10509 1.71875 3.95357e-07
5.10509 1.78125 3.8303e-07
5.10509 1.84375 3.03086e-07
5.10509 1.90625 1.66405e-07
5.10509 1.96875 4.29825e-08
5.89049 0.03125 -2.75389e-08
5.89049 0.09375 -1.87894e-07
5.89049 0.15625 -3.79141e-07
5.89049 0.21875 -5.03219e-07
5.89049 0.28125 -5.43752e-07
5.89049 0.34375 -5.26322e-07
5.89049 0.40625 -4.75729e-07
5.89049 0.46875 -4.05161e-07
5.89049 0.53125 -3.20648e-07
5.89049 0.59375 -2.25938e-07
5.89049 0.65625 -1.25889e-07
5.89049 0.71875 -2.72425e-08
5.89049 0.78125 6.21124e-08
5.89049 0.84375 1.35351e-07
5.89049 0.90625 1.88623e-07
5.89049 0.96875 2.21956e-07
5.89049 1.03125 2.38327e-07
5.89049 1.09375 2.42209e-07
5.89049 1.15625 2.37966e-07
5.89049 1.21875 2.29166e-07
5.89049 1.28125 2.18133e-07
5.89049 1.34375 2.06207e-07
5.89049 1.40625 1.93827e-07
5.89049 1.46875 1.80856e-07
5.89049 1.53125 1.66044e-07
5.89049 1.59375 1.46267e-07
5.89049 1.65625 1.15361e-07
5.89049 1.71875 6.52266e-08
5.89049 1.78125 -7.40655e-09
5.89049 1.84375 -8.41571e-08
5.89049 1.90625 -1.1349e-07
5.89049 1.96875 -5.12156e-08
6.67588 0.03125 7.30467e-08
6.67588 0.09375 1.31929e-07
6.67588 0.15625 8.023e-08
6.67588 0.21875 -2.08878e-08
6.67588 0.28125 -1.11648e-07
6.67588 0.34375 -1.72936e-07
6.67588 0.40625 -2.08494e-07
6.67588 0.46875 -2.26853e-07
6.67588 0.53125 -2.35079e-07
6.67588 0.59375 -2.37533e-07
6.67588 0.65625 -2.35984e-07
6.67588 0.71875 -2.29864e-07
6.67588 0.78125 -2.17505e-07
6.67588 0.84375 -1.97631e-07
6.67588 0.90625 -1.70741e-07
6.67588 0.96875 -1.39079e-07
6.67588 1.03125 -1.0593e-07
6.67588 1.09375 -7.46176e-08
6.67588 1.15625 -4.83255e-08
6.67588 1.21875 -2.97639e-08
6.67588 1.28125 -2.08192e-08
6.67588 1.34375 -2.14485e-08
6.67588 1.40625 -2.9514e-08
6.67588 1.46875 -4.11772e-08
6.67588 1.53125 -5.29693e-08
6.67588 1.59375 -6.33243e-08
6.67588 1.65625 -7.34614e-08
6.67588 1.71875 -8.4445e-08
6.67588 1.78125 -9.16819e-08
6.67588 1.84375 -8.04844e-08
6.67588 1.90625 -4.01509e-08
6.67588 1.96875 3.65224e-09
7.46128 0.03125 1.62182e-08
7.46128 0.09375 5.59507e-08
7.46128 0.15625 5.31331e-08
7.46128 0.21875 4.8731e-09
7.46128 0.28125 -6.04698e-08
7.46128 0.34375 -1.21918e-07
7.46128 0.40625 -1.72409e-07
7.46128 0.46875 -2.11965e-07
7.46128 0.53125 -2.42401e-07
7.46128 0.59375 -2.66256e-07
7.46128 0.65625 -2.85963e-07
7.46128 0.71875 -3.02993e-07
7.46128 0.78125 -3.16744e-07
7.46128 0.84375 -3.24272e-07
7.46128 0.90625 -3.21052e-07
7.46128 0.96875 -3.02812e-07
7.46128 1.03125 -2.67813e-07
7.46128 1.09375 -2.17981e-07
7.46128 1.15625 -1.58791e-07
7.46128 1.21875 -9.76495e-08
7.46128 1.28125 -4.26968e-08
7.46128 1.34375 -1.0849e-09
7.46128 1.40625 2.16019e-08
7.46128 1.46875 2.27783e-08
7.46128 1.53125 2.57663e-09
7.46128 1.59375 -3.46028e-08
7.46128 1.65625 -8.05682e-08
7.46128 1.71875 -1.21054e-07
7.46128 1.78125 -1.38859e-07
7.46128 1.84375 -1.18616e-07
7.46128 1.90625 -6.71461e-08
7.46128 1.96875 -1.54548e-08
8.24668 0.03125 8.4431e-08
8.24668 0.09375 2.15211e-07
8.24668 0.15625 3.32581e-07
8.24668 0.21875 4.08024e-07
8.24668 0.28125 4.45568e-07
8.24668 0.34375 4.61899e-07
8.24668 0.40625 4.6781e-07
8.24668 0.46875 4.66831e-07
8.24668 0.53125 4.59512e-07
8.24668 0.59375 4.45796e-07
8.24668 0.65625 4.25366e-07
8.24668 0.71875 3.97162e-07
8.24668 0.78125 3.59772e-07
8.24668 0.84375 3.12214e-07
8.24668 0.90625 2.55137e-07
8.24668 0.96875 1.90826e-07
8.24668 1.03125 1.22907e-07
8.24668 1.09375 5.50793e-08
8.24668 1.15625 -9.1534e-09
8.24668 1.21875 -6.72894e-08
8.24668 1.28125 -1.17492e-07
8.24668 1.34375 -1.59232e-07
8.24668 1.40625 -1.92185e-07
8.24668 1.46875 -2.16396e-07
8.24668 1.53125 -2.30422e-07
8.24668 1.59375 -2.31998e-07
8.24668 1.65625 -2.163e-07
8.24668 1.71875 -1.78445e-07
8.24668 1.78125 -1.14951e-07
8.24668 1.84375 -3.74764e-08
8.24668 1.90625 1.79515e-08
8.24668 1.96875 4.99359e-09
9.03208 0.03125 -2.26118e-08
9.03208 0.09375 -2.98072e-08
9.03208 0.15625 3.16965e-08
9.03208 0.21875 1.21465e-07
9.03208 0.28125 2.01853e-07
9.03208 0.34375 2.62168e-07
9.03208 0.40625 3.05013e-07
9.03208 0.46875 3.34318e-07
9.03208 0.53125 3.51621e-07
9.03208 0.59375 3.57813e-07
9.03208 0.65625 3.54103e-07
9.03208 0.71875 3.42448e-07
9.03208 0.78125 3.24651e-07
9.03208 0.84375 3.01811e-07
9.03208 0.90625 2.73781e-07
9.03208 0.96875 2.39592e-07
9.03208 1.03125 1.98371e-07
9.03208 1.09375 1.50314e-07
9.03208 1.15625 9.73852e-08
9.03208 1.21875 4.34716e-08
9.03208 1.28125 -5.66025e-09
9.03208 1.34375 -4.33536e-08
9.03208 1.40625 -6.32473e-08
9.03208 1.46875 -6.12176e-08
9.03208 1.53125 -3.59813e-08
9.03208 1.59375 1.04477e-08
9.03208 1.65625 7.37426e-08
9.03208 1.71875 1.45223e-07
9.03208 1.78125 2.07656e-07
9.03208 1.84375 2.29411e-07
9.03208 1.90625 1.80815e-07
9.03208 1.96875 8.02044e-08
9.81748 0.03125 -8.98929e-09
9.81748 0.09375 -3.84114e-08
9.81748 0.15625 -9.4504e-08
9.81748 0.21875 -1.36272e-07
9.81748 0.28125 -1.55573e-07
9.81748 0.34375 -1.60125e-07
9.81748 0.40625 -1.53213e-07
9.81748 0.46875 -1.33552e-07
9.81748 0.53125 -9.89726e-08
9.81748 0.59375 -4.96912e-08
9.81748 0.65625 1.16196e-08
9.81748 0.71875 8.04676e-08
9.81748 0.78125 1.52213e-07
9.81748 0.84375 2.23394e-07
9.81748 0.90625 2.92397e-07
9.81748 0.96875 3.59211e-07
9.81748 1.03125 4.24172e-07
9.81748 1.09375 4.87574e-07
9.81748 1.15625 5.48923e-07
9.81748 1.21875 6.07399e-07
9.81748 1.28125 6.60637e-07
9.81748 1.34375 7.05124e-07
9.81748 1.40625 7.3518e-07
9.81748 1.46875 7.45547e-07
9.81748 1.53125 7.31014e-07
9.81748 1.59375 6.88961e-07
9.81748 1.65625 6.15206e-07
9.81748 1.71875 5.05253e-07
9.81748 1.78125 3.51619e-07
9.81748 1.84375 1.65497e-07
9.81748 1.90625 1.51752e-09
9.81748 1.96875 -3.69828e-08
10.6029 0.03125 3.55429e-08
10.6029 0.09375 1.02022e-07
10.6029 0.15625 1.25709e-07
10.6029 0.21875 1.00726e-07
10.6029 0.28125 6.04951e-08
10.6029 0.34375 2.32599e-08
10.6029 0.40625 -9.83262e-09
10.6029 0.46875 -4.17257e-08
10.6029 0.53125 -7.32396e-08
10.6029 0.59375 -1.02582e-07
10.6029 0.65625 -1.27349e-07
10.6029 0.71875 -1.46304e-07
10.6029 0.78125 -1.59892e-07
10.6029 0.84375 -1.69564e-07
10.6029 0.90625 -1.76702e-07
10.6029 0.96875 -1.82147e-07
10.6029 1.03125 -1.86402e-07
10.6029 1.09375 -1.90399e-07
10.6029 1.15625 -1.95731e-07
10.6029 1.21875 -2.04866e-07
10.6029 1.28125 -2.20484e-07
10.6029 1.34375 -2.45035e-07
10.6029 1.40625 -2.7925e-07
10.6029 1.46875 -3.21895e-07
10.6029 1.53125 -3.6918e-07
10.6029 1.59375 -4.1679e-07
10.6029 1.65625 -4.59538e-07
10.6029 1.71875 -4.91018e-07
10.6029 1.78125 -4.95152e-07
10.6029 1.84375 -4.43825e-07
10.6029 1.90625 -3.10739e-07
10.6029 1.96875 -1.28684e-07
11.3883 0.03125 -8.25809e-08
11.3883 0.09375 -8.18421e-08
11.3883 0.15625 1.96957e-08
11.3883 0.21875 1.04421e-07
11.3883 0.28125 1.32204e-07
11.3883 0.34375 1.16977e-07
11.3883 0.40625 7.83054e-08
11.3883 0.46875 2.88668e-08
11.3883 0.53125 -2.4638e-08
11.3883 0.59375 -7.7432e-08
11.3883 0.65625 -1.26231e-07
11.3883 0.71875 -1.68937e-07
11.3883 0.78125 -2.05166e-07
11.3883 0.84375 -2.35584e-07
11.3883 0.90625 -2.6146e-07
11.3883 0.96875 -2.8411e-07
11.3883 1.03125 -3.04646e-07
11.3883 1.09375 -3.24001e-07
11.3883 1.15625 -3.425e-07
11.3883 1.21875 -3.59969e-07
11.3883 1.28125 -3.74911e-07
11.3883 1.34375 -3.84796e-07
11.3883 1.40625 -3.85143e-07
11.3883 1.46875 -3.71247e-07
11.3883 1.53125 -3.38222e-07
11.3883 1.59375 -2.83876e-07
11.3883 1.65625 -2.07175e-07
11.3883 1.71875 -1.11748e-07
11.3883 1.78125 -5.75769e-09
11.3883 1.84375 8.6674e-08
11.3883 1.90625 1.27128e-07
11.3883 1.96875 7.73571e-08
12.1737 0.03125 -1.04639e-07
12.1737 0.09375 -2.67265e-07
12.1737 0.15625 -2.91283e-07
12.1737 0.21875 -2.0467e-07
12.1737 0.28125 -9.15848e-08
12.1737 0.34375 4.54537e-09
12.1737 0.40625 7.8585e-08
12.1737 0.46875 1.36796e-07
12.1737 0.53125 1.85169e-07
12.1737 0.59375 2.26345e-07
12.1737 0.65625 2.61031e-07
12.1737 0.71875 2.88805e-07
12.1737 0.78125 3.09139e-07
12.1737 0.84375 3.21586e-07
12.1737 0.90625 3.2612e-07
12.1737 0.96875 3.2323e-07
12.1737 1.03125 3.13946e-07
12.1737 1.09375 3.0005e-07
12.1737 1.15625 2.83921e-07
12.1737 1.21875 2.68824e-07
12.1737 1.28125 2.57817e-07
12.1737 1.34375 2.53131e-07
12.1737 1.40625 2.53977e-07
12.1737 1.46875 2.56982e-07
12.1737 1.53125 2.55068e-07
12.1737 1.59375 2.40491e-07
12.1737 1.65625 2.04029e-07
12.1737 1.71875 1.40306e-07
12.1737 1.78125 4.94512e-08
12.1737 1.84375 -4.52807e-08
12.1737 1.90625 -9.45301e-08
12.1737 1.96875 -4.41014e-08
12.9591 0.03125 -1.92072e-08
12.9591 0.09375 -1.88747e-07
12.9591 0.15625 -4.19535e-07
12.9591 0.21875 -5.70845e-07
12.9591 0.28125 -6.26269e-07
12.9591 0.34375 -6.25843e-07
12.9591 0.40625 -6.03215e-07
12.9591 0.46875 -5.74526e-07
12.9591 0.53125 -5.45826e-07
12.9591 0.59375 -5.19712e-07
12.9591 0.65625 -4.98162e-07
12.9591 0.71875 -4.83051e-07
12.9591 0.78125 -4.76044e-07
12.9591 0.84375 -4.78648e-07
12.9591 0.90625 -4.92031e-07
12.9591 0.96875 -5.16465e-07
12.9591 1.03125 -5.50207e-07
12.9591 1.09375 -5.89112e-07
12.9591 1.15625 -6.27301e-07
12.9591 1.21875 -6.59306e-07
12.9591 1.28125 -6.82016e-07
12.9591 1.34375 -6.95651e-07
12.9591 1.40625 -7.02681e-07
12.9591 1.46875 -7.06327e-07
12.9591 1.53125 -7.08389e-07
12.9591 1.59375 -7.0776e-07
12.9591 1.65625 -6.96883e-07
12.9591 1.71875 -6.58566e-07
12.9591 1.78125 -5.64635e-07
12.9591 1.84375 -3.93799e-07
12.9591 1.90625 -1.79118e-07
12.9591 1.96875 -4.2477e-08
13.7445 0.03125 1.01192e-07
13.7445 0.09375 1.95142e-07
13.7445 0.15625 9.44998e-08
13.7445 0.21875 -8.8383e-08
13.7445 0.28125 -2.53442e-07
13.7445 0.34375 -3.73878e-07
13.7445 0.40625 -4.60566e-07
13.7445 0.46875 -5.29139e-07
13.7445 0.53125 -5.88402e-07
13.7445 0.59375 -6.40124e-07
13.7445 0.65625 -6.81578e-07
13.7445 0.71875 -7.08052e-07
13.7445 0.78125 -7.14665e-07
13.7445 0.84375 -6.98071e-07
13.7445 0.90625 -6.57797e-07
13.7445 0.96875 -5.96887e-07
13.7445 1.03125 -5.21235e-07
13.7445 1.09375 -4.37907e-07
13.7445 1.15625 -3.53013e-07
13.7445 1.21875 -2.70503e-07
13.7445 1.28125 -1.91921e-07
13.7445 1.34375 -1.17323e-07
13.7445 1.40625 -4.56854e-08
13.7445 1.46875 2.43088e-08
13.7445 1.53125 9.53329e-08
13.7445 1.59375 1.71209e-07
13.7445 1.65625 2.58027e-07
13.7445 1.71875 3.58109e-07
13.7445 1.78125 4.59521e-07
13.7445 1.84375 5.12227e-07
13.7445 1.90625 4.33861e-07
13.7445 1.96875 1.8497e-07
14.5299 0.03125 1.4315e-07
14.5299 0.09375 3.62987e-07
14.5299 0.15625 4.96907e-07
14.5299 0.21875 5.27917e-07
14.5299 0.28125 5.14158e-07
14.5299 0.34375 5.03218e-07
14.5299 0.40625 5.10092e-07
14.5299 0.46875 5.30727e-07
14.5299 0.53125 5.56214e-07
14.5299 0.59375 5.79094e-07
14.5299 0.65625 5.95139e-07
14.5299 0.71875 6.0287e-07
14.5299 0.78125 6.02857e-07
14.5299 0.84375 5.97202e-07
14.5299 0.90625 5.88958e-07
14.5299 0.96875 5.8109e-07
14.5299 1.03125 5.74925e-07
14.5299 1.09375 5.69348e-07
14.5299 1.15625 5.61156e-07
14.5299 1.21875 5.47163e-07
14.5299 1.28125 5.25964e-07
14.5299 1.34375 4.99217e-07
14.5299 1.40625 4.70422e-07
14.5299 1.46875 4.43788e-07
14.5299 1.53125 4.21325e-07
14.5299 1.59375 4.02472e-07
14.5299 1.65625 3.81417e-07
14.5299 1.71875 3.47389e-07
14.5299 1.78125 2.81619e-07
14.5299 1.84375 1.71047e-07
14.5299 1.90625 4.023e-08
14.5299 1.96875 -1.56668e-08
15.3153 0.03125 3.77653e-08
15.3153 0.09375 1.90838e-07
15.3153 0.15625 3.89586e-07
15.3153 0.21875 5.32248e-07
15.3153 0.28125 5.98606e-07
15.3153 0.34375 6.16343e-07
15.3153 0.40625 6.13893e-07
15.3153 0.46875 6.07197e-07
15.3153 0.53125 6.01627e-07
15.3153 0.59375 5.97015e-07
15.3153 0.65625 5.90768e-07
15.3153 0.71875 5.7987e-07
15.3153 0.78125 5.61935e-07
15.3153 0.84375 5.3599e-07
15.3153 0.90625 5.02938e-07
15.3153 0.96875 4.65209e-07
15.3153 1.03125 4.26045e-07
15.3153 1.09375 3.88428e-07
15.3153 1.15625 3.55029e-07
15.3153 1.21875 3.28129e-07
15.3153 1.28125 3.1004e-07
15.3153 1.34375 3.02071e-07
15.3153 1.40625 3.03952e-07
15.3153 1.46875 3.12673e-07
15.3153 1.53125 3.23057e-07
15.3153 1.59375 3.28031e-07
15.3153 1.65625 3.19724e-07
15.3153 1.71875 2.89676e-07
15.3153 1.78125 2.31908e-07
15.3153 1.84375 1.52154e-07
15.3153 1.90625 7.59314e-08
15.3153 1.96875 2.26835e-08
16.1007 0.03125 -5.07717e-08
16.1007 0.09375 -5.73028e-08
16.1007 0.15625 3.55049e-08
16.1007 0.21875 1.56657e-07
16.1007 0.28125 2.40093e-07
16.1007 0.34375 2.67535e-07
16.1007 0.40625 2.49472e-07
16.1007 0.46875 2.02763e-07
16.1007 0.53125 1.42679e-07
16.1007 0.59375 8.09353e-08
16.1007 0.65625 2.62116e-08
16.1007 0.71875 -1.59484e-08
16.1007 0.78125 -4.26329e-08
16.1007 0.84375 -5.32119e-08
16.1007 0.90625 -4.85703e-08
16.1007 0.96875 -3.07823e-08
16.1007 1.03125 -2.82027e-09
16.1007 1.09375 3.18233e-08
16.1007 1.15625 6.96946e-08
16.1007 1.21875 1.07783e-07
16.1007 1.28125 1.43445e-07
16.1007 1.34375 1.73965e-07
16.1007 1.40625 1.96196e-07
16.1007 1.46875 2.06887e-07
16.1007 1.53125 2.03414e-07
16.1007 1.59375 1.84367e-07
16.1007 1.65625 1.49619e-07
16.1007 1.71875 1.00692e-07
16.1007 1.78125 4.47076e-08
16.1007 1.84375 -7.75814e-10
16.1007 1.90625 -1.32652e-08
16.1007 1.96875 2.17655e-09
16.8861 0.03125 -3.28988e-08
16.8861 0.09375 -1.21729e-07
16.8861 0.15625 -1.77031e-07
16.8861 0.21875 -1.72581e-07
16.8861 0.28125 -1.31595e-07
16.8861 0.34375 -8.08315e-08
16.8861 0.40625 -3.35989e-08
16.8861 0.46875 8.09677e-09
16.8861 0.53125 4.66764e-08
16.8861 0.59375 8.58644e-08
16.8861 0.65625 1.27727e-07
16.8861 0.71875 1.72096e-07
16.8861 0.78125 2.1628e-07
16.8861 0.84375 2.56651e-07
16.8861 0.90625 2.89513e-07
16.8861 0.96875 3.12029e-07
16.8861 1.03125 3.2193e-07
16.8861 1.09375 3.17755e-07
16.8861 1.15625 2.98771e-07
16.8861 1.21875 2.6534e-07
16.8861 1.28125 2.18562e-07
16.8861 1.34375 1.60594e-07
16.8861 1.40625 9.48783e-08
16.8861 1.46875 2.68393e-08
16.8861 1.53125 -3.64707e-08
16.8861 1.59375 -8.72846e-08
16.8861 1.65625 -1.182e-07
16.8861 1.71875 -1.22327e-07
16.8861 1.78125 -9.46368e-08
16.8861 1.84375 -3.96246e-08
16.8861 1.90625 1.29806e-08
16.8861 1.96875 1.62552e-08
17.6715 0.03125 -8.17864e-09
17.6715 0.09375 -3.16924e-08
17.6715 0.15625 -7.88835e-08
17.6715 0.21875 -1.23579e-07
17.6715 0.28125 -1.48023e-07
17.6715 0.34375 -1.50617e-07
17.6715 0.40625 -1.35736e-07
17.6715 0.46875 -1.07469e-07
17.6715 0.53125 -6.90134e-08
17.6715 0.59375 -2.29222e-08
17.6715 0.65625 2.80941e-08
17.6715 0.71875 8.12331e-08
17.6715 0.78125 1.33656e-07
17.6715 0.84375 1.83332e-07
17.6715 0.90625 2.29293e-07
17.6715 0.96875 2.71713e-07
17.6715 1.03125 3.10943e-07
17.6715 1.09375 3.46705e-07
17.6715 1.15625 3.77369e-07
17.6715 1.21875 4.00409e-07
17.6715 1.28125 4.13141e-07
17.6715 1.34375 4.14559e-07
17.6715 1.40625 4.05939e-07
17.6715 1.46875 3.90852e-07
17.6715 1.53125 3.73065e-07
17.6715 1.59375 3.55661e-07
17.6715 1.65625 3.39316e-07
17.6715 1.71875 3.22403e-07
17.6715 1.78125 2.96859e-07
17.6715 1.84375 2.4745e-07
17.6715 1.90625 1.57659e-07
17.6715 1.96875 4.67289e-08
18.4569 0.03125 -5.1609e-09
18.4569 0.09375 -1.49985e-08
18.4569 0.15625 -2.82849e-08
18.4569 0.21875 -4.5815e-08
18.4569 0.28125 -6.43484e-08
18.4569 0.34375 -8.21464e-08
18.4569 0.40625 -9.85059e-08
18.4569 0.46875 -1.13788e-07
18.4569 0.53125 -1.28828e-07
18.4569 0.59375 -1.45545e-07
18.4569 0.65625 -1.66238e-07
18.4569 0.71875 -1.93649e-07
18.4569 0.78125 -2.29924e-07
18.4569 0.84375 -2.75873e-07
18.4569 0.90625 -3.29874e-07
18.4569 0.96875 -3.87923e-07
18.4569 1.03125 -4.4405e-07
18.4569 1.09375 -4.91499e-07
18.4569 1.15625 -5.23951e-07
18.4569 1.21875 -5.36816e-07
18.4569 1.28125 -5.28067e-07
18.4569 1.34375 -4.98649e-07
18.4569 1.40625 -4.52355e-07
18.4569 1.46875 -3.95076e-07
18.4569 1.53125 -3.33691e-07
18.4569 1.59375 -2.74448e-07
18.4569 1.65625 -2.21668e-07
18.4569 1.71875 -1.77361e-07
18.4569 1.78125 -1.42879e-07
18.4569 1.84375 -1.20498e-07
18.4569 1.90625 -1.05273e-07
18.4569 1.96875 -6.74385e-08
19.2423 0.03125 -1.12297e-08
19.2423 0.09375 -2.57542e-08
19.2423 0.15625 -4.80851e-08
19.2423 0.21875 -7.25318e-08
19.2423 0.28125 -9.48828e-08
19.2423 0.34375 -1.14342e-07
19.2423 0.40625 -1.32302e-07
19.2423 0.46875 -1.49789e-07
19.2423 0.53125 -1.67729e-07
19.2423 0.59375 -1.86691e-07
19.2423 0.65625 -2.06995e-07
19.2423 0.71875 -2.28071e-07
19.2423 0.78125 -2.48707e-07
19.2423 0.84375 -2.67396e-07
19.2423 0.90625 -2.8286e-07
19.2423 0.96875 -2.94166e-07
19.2423 1.03125 -3.00503e-07
19.2423 1.09375 -3.00789e-07
19.2423 1.15625 -2.93186e-07
19.2423 1.21875 -2.75277e-07
19.2423 1.28125 -2.44399e-07
19.2423 1.34375 -1.99137e-07
19.2423 1.40625 -1.39831e-07
19.2423 1.46875 -6.93424e-08
19.2423 1.53125 8.33358e-09
19.2423 1.59375 8.72718e-08
19.2423 1.65625 1.59884e-07
19.2423 1.71875 2.12688e-07
19.2423 1.78125 2.26988e-07
19.2423 1.84375 1.84097e-07
19.2423 1.90625 9.66059e-08
19.2423 1.96875 1.64877e-08
20.0277 0.03125 5.0208e-09
20.0277 0.09375 2.2701e-08
20.0277 0.15625 3.93927e-08
20.0277 0.21875 5.22078e-08
20.0277 0.28125 6.16329e-08
20.0277 0.34375 6.90219e-08
20.0277 0.40625 7.5516e-08
20.0277 0.46875 8.13915e-08
20.0277 0.53125 8.72983e-08
20.0277 0.59375 9.42973e-08
20.0277 0.65625 1.0385e-07
20.0277 0.71875 1.17307e-07
20.0277 0.78125 1.35706e-07
20.0277 0.84375 1.59539e-07
20.0277 0.90625 1.88626e-07
20.0277 0.96875 2.21925e-07
20.0277 1.03125 2.57211e-07
20.0277 1.09375 2.90779e-07
20.0277 1.15625 3.17753e-07
20.0277 1.21875 3.33047e-07
20.0277 1.28125 3.32882e-07
20.0277 1.34375 3.16146e-07
20.0277 1.40625 2.84875e-07
20.0277 1.46875 2.4328e-07
20.0277 1.53125 1.95376e-07
20.0277 1.59375 1.41994e-07
20.0277 1.65625 7.85051e-08
20.0277 1.71875 -3.32654e-09
20.0277 1.78125 -1.0385e-07
20.0277 1.84375 -1.91343e-07
20.0277 1.90625 -1.94872e-07
20.0277 1.96875 -7.76131e-08
20.8131 0.03125 2.18918e-09
20.8131 0.09375 -9.52254e-09
20.8131 0.15625 -2.59518e-08
20.8131 0.21875 -3.41217e-08
20.8131 0.28125 -3.39257e-08
20.8131 0.34375 -3.05761e-08
20.8131 0.40625 -3.00247e-08
20.8131 0.46875 -3.69487e-08
20.8131 0.53125 -5.35002e-08
20.8131 0.59375 -7.90551e-08
20.8131 0.65625 -1.10712e-07
20.8131 0.71875 -1.44788e-07
20.8131 0.78125 -1.78109e-07
20.8131 0.84375 -2.0933e-07
20.8131 0.90625 -2.38995e-07
20.8131 0.96875 -2.68698e-07
20.8131 1.03125 -2.99425e-07
20.8131 1.09375 -3.30704e-07
20.8131 1.15625 -3.60832e-07
20.8131 1.21875 -3.88051e-07
20.8131 1.28125 -4.11484e-07
20.8131 1.34375 -4.31437e-07
20.8131 1.40625 -4.48985e-07
20.8131 1.46875 -4.65377e-07
20.8131 1.53125 -4.81476e-07
20.8131 1.59375 -4.96503e-07
20.8131 1.65625 -5.05241e-07
20.8131 1.71875 -4.92654e-07
20.8131 1.78125 -4.30249e-07
20.8131 1.84375 -2.90281e-07
20.8131 1.90625 -1.02062e-07
20.8131 1.96875 7.42156e-09
21.5984 0.03125 3.14979e-08
21.5984 0.09375 7.04838e-08
21.5984 0.15625 7.69008e-08
21.5984 0.21875 6.61604e-08
21.5984 0.28125 5.28377e-08
21.5984 0.34375 4.46036e-08
21.5984 0.40625 4.46214e-08
21.5984 0.46875 5.26702e-08
21.5984 0.53125 6.5276e-08
21.5984 0.59375 7.68485e-08
21.5984 0.65625 8.16589e-08
21.5984 0.71875 7.59895e-08
21.5984 0.78125 5.94497e-08
21.5984 0.84375 3.48532e-08
21.5984 0.90625 6.88209e-09
21.5984 0.96875 -1.97919e-08
21.5984 1.03125 -4.18565e-08
21.5984 1.09375 -5.78408e-08
21.5984 1.15625 -6.7689e-08
21.5984 1.21875 -7.23414e-08
21.5984 1.28125 -7.33045e-08
21.5984 1.34375 -7.24049e-08
21.5984 1.40625 -7.07518e-08
21.5984 1.46875 -6.7907e-08
21.5984 1.53125 -6.05598e-08
21.5984 1.59375 -4.21925e-08
21.5984 1.65625 -2.67205e-09
21.5984 1.71875 6.76881e-08
21.5984 1.78125 1.66078e-07
21.5984 1.84375 2.51297e-07
21.5984 1.90625 2.40121e-07
21.5984 1.96875 9.63467e-08
22.3838 0.03125 2.17505e-08
22.3838 0.09375 5.48653e-08
22.3838 0.15625 7.54896e-08
22.3838 0.21875 7.64528e-08
22.3838 0.28125 7.2243e-08
22.3838 0.34375 7.27657e-08
22.3838 0.40625 8.14291e-08
22.3838 0.46875 9.82007e-08
22.3838 0.53125 1.2254e-07
22.3838 0.59375 1.52974e-07
22.3838 0.65625 1.87541e-07
22.3838 0.71875 2.2389e-07
22.3838 0.78125 2.60236e-07
22.3838 0.84375 2.95657e-07
22.3838 0.90625 3.30319e-07
22.3838 0.96875 3.64744e-07
22.3838 1.03125 3.98916e-07
22.3838 1.09375 4.31294e-07
22.3838 1.15625 4.58957e-07
22.3838 1.21875 4.7874e-07
22.3838 1.28125 4.89097e-07
22.3838 1.34375 4.91104e-07
22.3838 1.40625 4.8799e-07
22.3838 1.46875 4.83475e-07
22.3838 1.53125 4.79883e-07
22.3838 1.59375 4.77093e-07
22.3838 1.65625 4.70613e-07
22.3838 1.71875 4.48365e-07
22.3838 1.78125 3.8593e-07
22.3838 1.84375 2.58812e-07
22.3838 1.90625 9.1666e-08
22.3838 1.96875 7.41211e-10
23.1692 0.03125 -7.96689e-09
23.1692 0.09375 3.92594e-08
23.1692 0.15625 1.4413e-07
23.1692 0.21875 2.37189e-07
23.1692 0.28125 2.94987e-07
23.1692 0.34375 3.25441e-07
23.1692 0.40625 3.40529e-07
23.1692 0.46875 3.48909e-07
23.1692 0.53125 3.55818e-07
23.1692 0.59375 3.64941e-07
23.1692 0.65625 3.78546e-07
23.1692 0.71875 3.97782e-07
23.1692 0.78125 4.22215e-07
23.1692 0.84375 4.49937e-07
23.1692 0.90625 4.77346e-07
23.1692 0.96875 4.99887e-07
23.1692 1.03125 5.12871e-07
23.1692 1.09375 5.13186e-07
23.1692 1.15625 5.00156e-07
23.1692 1.21875 4.76312e-07
23.1692 1.28125 4.46156e-07
23.1692 1.34375 4.14725e-07
23.1692 1.40625 3.84823e-07
23.1692 1.46875 3.56222e-07
23.1692 1.53125 3.24442e-07
23.1692 1.59375 2.81846e-07
23.1692 1.65625 2.17271e-07
23.1692 1.71875 1.20373e-07
23.1692 1.78125 -8.05311e-09
23.1692 1.84375 -1.30713e-07
23.1692 1.90625 -1.67145e-07
23.1692 1.96875 -7.04809e-08
23.9546 0.03125 -1.14508e-07
23.9546 0.09375 -2.69553e-07
23.9546 0.15625 -3.19324e-07
23.9546 0.21875 -2.9627e-07
23.9546 0.28125 -2.55277e-07
23.9546 0.34375 -2.22549e-07
23.9546 0.40625 -2.00939e-07
23.9546 0.46875 -1.85113e-07
23.9546 0.53125 -1.7017e-07
23.9546 0.59375 -1.53606e-07
23.9546 0.65625 -1.35667e-07
23.9546 0.71875 -1.18604e-07
23.9546 0.78125 -1.06169e-07
23.9546 0.84375 -1.02527e-07
23.9546 0.90625 -1.11109e-07
23.9546 0.96875 -1.33261e-07
23.9546 1.03125 -1.67681e-07
23.9546 1.09375 -2.10823e-07
23.9546 1.15625 -2.58066e-07
23.9546 1.21875 -3.05106e-07
23.9546 1.28125 -3.49145e-07
23.9546 1.34375 -3.89593e-07
23.9546 1.40625 -4.2751e-07
23.9546 1.46875 -4.64406e-07
23.9546 1.53125 -5.00106e-07
23.9546 1.59375 -5.31782e-07
23.9546 1.65625 -5.51951e-07
23.9546 1.71875 -5.46557e-07
23.9546 1.78125 -4.91465e-07
23.9546 1.84375 -3.64053e-07
23.9546 1.90625 -1.83389e-07
23.9546 1.96875 -4.32592e-08
24.74 0.03125 -1.30771e-08
24.74 0.09375 -1.07432e-07
24.74 0.15625 -2.24454e-07
24.74 0.21875 -3.02438e-07
24.74 0.28125 -3.35266e-07
24.74 0.34375 -3.42234e-07
24.74 0.40625 -3.40277e-07
24.74 0.46875 -3.38335e-07
24.74 0.53125 -3.39631e-07
24.74 0.59375 -3.43909e-07
24.74 0.65625 -3.4882e-07
24.74 0.71875 -3.51098e-07
24.74 0.78125 -3.47747e-07
24.74 0.84375 -3.36998e-07
24.74 0.90625 -3.18511e-07
24.74 0.96875 -2.92726e-07
24.74 1.03125 -2.60102e-07
24.74 1.09375 -2.21248e-07
24.74 1.15625 -1.77626e-07
24.74 1.21875 -1.32212e-07
24.74 1.28125 -8.88376e-08
24.74 1.34375 -5.11193e-08
24.74 1.40625 -2.0967e-08
24.74 1.46875 1.90625e-09
24.74 1.53125 2.04717e-08
24.74 1.59375 3.96743e-08
24.74 1.65625 6.57262e-08
24.74 1.71875 1.03061e-07
24.74 1.78125 1.47546e-07
24.74 1.84375 1.74787e-07
24.74 1.90625 1.44408e-07
24.74 1.96875 5.366e-08
