0.392699 0.03125 -3.09198e-08
0.392699 0.09375 -9.28156e-08
0.392699 0.15625 -1.91489e-07
0.392699 0.21875 -2.91308e-07
0.392699 0.28125 -3.68266e-07
0.392699 0.34375 -4.20407e-07
0.392699 0.40625 -4.54431e-07
0.392699 0.46875 -4.76286e-07
0.392699 0.53125 -4.89666e-07
0.392699 0.59375 -4.97119e-07
0.392699 0.65625 -5.00953e-07
0.392699 0.71875 -5.03117e-07
0.392699 0.78125 -5.04713e-07
0.392699 0.84375 -5.05807e-07
0.392699 0.90625 -5.05642e-07
0.392699 0.96875 -5.02894e-07
0.392699 1.03125 -4.95948e-07
0.392699 1.09375 -4.83092e-07
0.392699 1.15625 -4.62841e-07
0.392699 1.21875 -4.34257e-07
0.392699 1.28125 -3.97386e-07
0.392699 1.34375 -3.53468e-07
0.392699 1.40625 -3.04919e-07
0.392699 1.46875 -2.54785e-07
0.392699 1.53125 -2.06459e-07
0.392699 1.59375 -1.63654e-07
0.392699 1.65625 -1.30795e-07
0.392699 1.71875 -1.12944e-07
0.392699 1.78125 -1.14297e-07
0.392699 1.84375 -1.30721e-07
0.392699 1.90625 -1.32681e-07
0.392699 1.96875 -6.7959e-08
1.1781 0.03125 3.37203e-08
1.1781 0.09375 5.67868e-08
1.1781 0.15625 4.04604e-08
1.1781 0.21875 1.01648e-08
1.1781 0.28125 -1.83453e-08
1.1781 0.34375 -4.13276e-08
1.1781 0.40625 -6.09794e-08
1.1781 0.46875 -8.07707e-08
1.1781 0.53125 -1.02522e-07
1.1781 0.59375 -1.2667e-07
1.1781 0.65625 -1.52687e-07
1.1781 0.71875 -1.80436e-07
1.1781 0.78125 -2.10245e-07
1.1781 0.84375 -2.42675e-07
1.1781 0.90625 -2.7713e-07
1.1781 0.96875 -3.1155e-07
1.1781 1.03125 -3.42638e-07
1.1781 1.09375 -3.67339e-07
1.1781 1.15625 -3.83559e-07
1.1781 1.21875 -3.90612e-07
1.1781 1.28125 -3.88475e-07
1.1781 1.34375 -3.77528e-07
1.1781 1.40625 -3.58226e-07
1.1781 1.46875 -3.31851e-07
1.1781 1.53125 -3.00469e-07
1.1781 1.59375 -2.67002e-07
1.1781 1.65625 -2.33384e-07
1.1781 1.71875 -1.99399e-07
1.1781 1.78125 -1.60369e-07
1.1781 1.84375 -1.0897e-07
1.1781 1.90625 -4.43068e-08
1.1781 1.96875 5.01856e-09
1.9635 0.03125 4.07403e-08
1.9635 0.09375 6.48916e-08
1.9635 0.15625 4.91174e-08
1.9635 0.21875 2.53013e-08
1.9635 0.28125 1.43733e-08
1.9635 0.34375 2.08869e-08
1.9635 0.40625 4.20095e-08
1.9635 0.46875 7.33774e-08
1.9635 0.53125 1.10616e-07
1.9635 0.59375 1.50554e-07
1.9635 0.65625 1.91528e-07
1.9635 0.71875 2.33511e-07
1.9635 0.78125 2.76898e-07
1.9635 0.84375 3.2169e-07
1.9635 0.90625 3.66755e-07
1.9635 0.96875 4.10034e-07
1.9635 1.03125 4.48511e-07
1.9635 1.09375 4.78745e-07
1.9635 1.15625 4.97226e-07
1.9635 1.21875 5.0104e-07
1.9635 1.28125 4.88043e-07
1.9635 1.34375 4.57357e-07
1.9635 1.40625 4.09826e-07
1.9635 1.46875 3.48679e-07
1.9635 1.53125 2.79567e-07
1.9635 1.59375 2.09946e-07
1.9635 1.65625 1.47454e-07
1.9635 1.71875 9.75113e-08
1.9635 1.78125 6.13633e-08
1.9635 1.84375 3.60907e-08
1.9635 1.90625 1.91095e-08
1.9635 1.96875 1.33485e-08
2.74889 0.03125 4.50488e-08
2.74889 0.09375 1.28745e-07
2.74889 0.15625 1.46793e-07
2.74889 0.21875 1.08837e-07
2.74889 0.28125 5.16445e-08
2.74889 0.34375 -1.54168e-09
2.74889 0.40625 -4.18899e-08
2.74889 0.46875 -6.70052e-08
2.74889 0.53125 -7.66977e-08
2.74889 0.59375 -7.23308e-08
2.74889 0.65625 -5.63817e-08
2.74889 0.71875 -3.19314e-08
2.74889 0.78125 -1.99094e-09
2.74889 0.84375 3.04387e-08
2.74889 0.90625 6.21875e-08
2.74889 0.96875 8.98428e-08
2.74889 1.03125 1.10291e-07
2.74889 1.09375 1.21494e-07
2.74889 1.15625 1.22888e-07
2.74889 1.21875 1.15383e-07
2.74889 1.28125 1.00765e-07
2.74889 1.34375 8.13156e-08
2.74889 1.40625 5.90873e-08
2.74889 1.46875 3.57905e-08
2.74889 1.53125 1.19773e-08
2.74889 1.59375 -1.27044e-08
2.74889 1.65625 -3.99585e-08
2.74889 1.71875 -7.01205e-08
2.74889 1.78125 -9.91629e-08
2.74889 1.84375 -1.11994e-07
2.74889 1.90625 -8.86507e-08
2.74889 1.96875 -2.73723e-08
3.53429 0.03125 3.80514e-08
3.53429 0.09375 1.52085e-07
3.53429 0.15625 2.81113e-07
3.53429 0.21875 3.59549e-07
3.53429 0.28125 3.85551e-07
3.53429 0.34375 3.80279e-07
3.53429 0.40625 3.59598e-07
3.53429 0.46875 3.31235e-07
3.53429 0.53125 2.98466e-07
3.53429 0.59375 2.63112e-07
3.53429 0.65625 2.26446e-07
3.53429 0.71875 1.89458e-07
3.53429 0.78125 1.52489e-07
3.53429 0.84375 1.15386e-07
3.53429 0.90625 7.76931e-08
3.53429 0.96875 3.93688e-08
3.53429 1.03125 8.42136e-10
3.53429 1.09375 -3.68401e-08
3.53429 1.15625 -7.25697e-08
3.53429 1.21875 -1.05024e-07
3.53429 1.28125 -1.33059e-07
3.53429 1.34375 -1.55365e-07
3.53429 1.40625 -1.71577e-07
3.53429 1.46875 -1.8228e-07
3.53429 1.53125 -1.9004e-07
3.53429 1.59375 -1.97134e-07
3.53429 1.65625 -2.04116e-07
3.53429 1.71875 -2.04211e-07
3.53429 1.78125 -1.83578e-07
3.53429 1.84375 -1.2697e-07
3.53429 1.90625 -4.7985e-08
3.53429 1.96875 2.16746e-09
4.31969 0.03125 -8.41706e-08
4.31969 0.09375 -1.17487e-07
4.31969 0.15625 -4.15306e-08
4.31969 0.21875 5.31305e-08
4.31969 0.28125 1.14269e-07
4.31969 0.34375 1.36874e-07
4.31969 0.40625 1.31284e-07
4.31969 0.46875 1.06402e-07
4.31969 0.53125 6.69329e-08
4.31969 0.59375 1.55408e-08
4.31969 0.65625 -4.52644e-08
4.31969 0.71875 -1.1191e-07
4.31969 0.78125 -1.80073e-07
4.31969 0.84375 -2.45392e-07
4.31969 0.90625 -3.04466e-07
4.31969 0.96875 -3.54969e-07
4.31969 1.03125 -3.95408e-07
4.31969 1.09375 -4.24706e-07
4.31969 1.15625 -4.42143e-07
4.31969 1.21875 -4.47748e-07
4.31969 1.28125 -4.42544e-07
4.31969 1.34375 -4.28646e-07
4.31969 1.40625 -4.08444e-07
4.31969 1.46875 -3.83934e-07
4.31969 1.53125 -3.55201e-07
4.31969 1.59375 -3.19632e-07
4.31969 1.65625 -2.7029e-07
4.31969 1.71875 -1.98482e-07
4.31969 1.78125 -1.0131e-07
4.31969 1.84375 -1.70338e-09
4.31969 1.90625 4.57136e-08
4.31969 1.96875 4.4853e-09
5.10509 0.03125 -7.03517e-08
5.10509 0.09375 -1.65265e-07
5.10509 0.15625 -1.61258e-07
5.10509 0.21875 -7.97873e-08
5.10509 0.28125 1.38273e-08
5.10509 0.34375 8.30151e-08
5.10509 0.40625 1.21019e-07
5.10509 0.46875 1.3167e-07
5.10509 0.53125 1.20506e-07
5.10509 0.59375 9.22643e-08
5.10509 0.65625 5.20795e-08
5.10509 0.71875 5.56441e-09
5.10509 0.78125 -4.07403e-08
5.10509 0.84375 -8.06594e-08
5.10509 0.90625 -1.09398e-07
5.10509 0.96875 -1.25208e-07
5.10509 1.03125 -1.28912e-07
5.10509 1.09375 -1.22972e-07
5.10509 1.15625 -1.09183e-07
5.10509 1.21875 -8.80542e-08
5.10509 1.28125 -5.83924e-08
5.10509 1.34375 -1.90697e-08
5.10509 1.40625 3.04348e-08
5.10509 1.46875 8.86669e-08
5.10509 1.53125 1.53507e-07
5.10509 1.59375 2.21461e-07
5.10509 1.65625 2.87778e-07
5.10509 1.71875 3.40745e-07
5.10509 1.78125 3.57965e-07
5.10509 1.84375 3.07773e-07
5.10509 1.90625 1.8488e-07
5.10509 1.96875 4.81849e-08
5.89049 0.03125 -4.55325e-08
5.89049 0.09375 -2.22067e-07
5.89049 0.15625 -4.02017e-07
5.89049 0.21875 -4.97155e-07
5.89049 0.28125 -5.07994e-07
5.89049 0.34375 -4.68753e-07
5.89049 0.40625 -4.05526e-07
5.89049 0.46875 -3.30172e-07
5.89049 0.53125 -2.47049e-07
5.89049 0.59375 -1.58571e-07
5.89049 0.65625 -6.83775e-08
5.89049 0.71875 1.80498e-08
5.89049 0.78125 9.4305e-08
5.89049 0.84375 1.5506e-07
5.89049 0.90625 1.97736e-07
5.89049 0.96875 2.23029e-07
5.89049 1.03125 2.34074e-07
5.89049 1.09375 2.35155e-07
5.89049 1.15625 2.30598e-07
5.89049 1.21875 2.24157e-07
5.89049 1.28125 2.18584e-07
5.89049 1.34375 2.1533e-07
5.89049 1.40625 2.14482e-07
5.89049 1.46875 2.14823e-07
5.89049 1.53125 2.13873e-07
5.89049 1.59375 2.07262e-07
5.89049 1.65625 1.87837e-07
5.89049 1.71875 1.45466e-07
5.89049 1.78125 7.28664e-08
5.89049 1.84375 -1.75345e-08
5.89049 1.90625 -7.48234e-08
5.89049 1.96875 -4.2535e-08
6.67588 0.03125 6.35391e-08
6.67588 0.09375 8.83569e-08
6.67588 0.15625 8.34899e-09
6.67588 0.21875 -1.01786e-07
6.67588 0.28125 -1.84678e-07
6.67588 0.34375 -2.2869e-07
6.67588 0.40625 -2.42957e-07
6.67588 0.46875 -2.3844e-07
6.67588 0.53125 -2.22946e-07
6.67588 0.59375 -2.00995e-07
6.67588 0.65625 -1.74869e-07
6.67588 0.71875 -1.45328e-07
6.67588 0.78125 -1.12793e-07
6.67588 0.84375 -7.82411e-08
6.67588 0.90625 -4.3854e-08
6.67588 0.96875 -1.24836e-08
6.67588 1.03125 1.31554e-08
6.67588 1.09375 3.1315e-08
6.67588 1.15625 4.11393e-08
6.67588 1.21875 4.2606e-08
6.67588 1.28125 3.64381e-08
6.67588 1.34375 2.46314e-08
6.67588 1.40625 1.03298e-08
6.67588 1.46875 -2.76366e-09
6.67588 1.53125 -1.221e-08
6.67588 1.59375 -1.84417e-08
6.67588 1.65625 -2.54834e-08
6.67588 1.71875 -3.82206e-08
6.67588 1.78125 -5.53509e-08
6.67588 1.84375 -6.1912e-08
6.67588 1.90625 -3.86115e-08
6.67588 1.96875 4.02433e-10
7.46128 0.03125 1.25706e-08
7.46128 0.09375 3.52117e-08
7.46128 0.15625 -3.27562e-10
7.46128 0.21875 -8.20842e-08
7.46128 0.28125 -1.71639e-07
7.46128 0.34375 -2.46909e-07
7.46128 0.40625 -3.03325e-07
7.46128 0.46875 -3.43497e-07
7.46128 0.53125 -3.7103e-07
7.46128 0.59375 -3.89368e-07
7.46128 0.65625 -4.01129e-07
7.46128 0.71875 -4.07475e-07
7.46128 0.78125 -4.07471e-07
7.46128 0.84375 -3.98272e-07
7.46128 0.90625 -3.76276e-07
7.46128 0.96875 -3.3877e-07
7.46128 1.03125 -2.85711e-07
7.46128 1.09375 -2.20243e-07
7.46128 1.15625 -1.48514e-07
7.46128 1.21875 -7.80773e-08
7.46128 1.28125 -1.68635e-08
7.46128 1.34375 2.8673e-08
7.46128 1.40625 5.38729e-08
7.46128 1.46875 5.71308e-08
7.46128 1.53125 3.89346e-08
7.46128 1.59375 3.17009e-09
7.46128 1.65625 -4.38e-08
7.46128 1.71875 -8.99464e-08
7.46128 1.78125 -1.19164e-07
7.46128 1.84375 -1.12557e-07
7.46128 1.90625 -6.86871e-08
7.46128 1.96875 -1.27999e-08
8.24668 0.03125 8.72405e-08
8.24668 0.09375 2.21574e-07
8.24668 0.15625 3.22958e-07
8.24668 0.21875 3.68327e-07
8.24668 0.28125 3.73353e-07
8.24668 0.34375 3.61473e-07
8.24668 0.40625 3.45306e-07
8.24668 0.46875 3.28148e-07
8.24668 0.53125 3.09923e-07
8.24668 0.59375 2.89719e-07
8.24668 0.65625 2.66392e-07
8.24668 0.71875 2.38367e-07
8.24668 0.78125 2.04341e-07
8.24668 0.84375 1.63983e-07
8.24668 0.90625 1.1882e-07
8.24668 0.96875 7.17893e-08
8.24668 1.03125 2.64519e-08
8.24668 1.09375 -1.45023e-08
8.24668 1.15625 -4.96008e-08
8.24668 1.21875 -7.90444e-08
8.24668 1.28125 -1.04071e-07
8.24668 1.34375 -1.2698e-07
8.24668 1.40625 -1.49742e-07
8.24668 1.46875 -1.73549e-07
8.24668 1.53125 -1.97038e-07
8.24668 1.59375 -2.16578e-07
8.24668 1.65625 -2.24833e-07
8.24668 1.71875 -2.12244e-07
8.24668 1.78125 -1.68438e-07
8.24668 1.84375 -9.5823e-08
8.24668 1.90625 -2.5646e-08
8.24668 1.96875 -1.14073e-08
9.03208 0.03125 -6.50166e-09
9.03208 0.09375 1.42571e-08
9.03208 0.15625 1.06696e-07
9.03208 0.21875 2.18141e-07
9.03208 0.28125 3.08957e-07
9.03208 0.34375 3.71946e-07
9.03208 0.40625 4.12312e-07
9.03208 0.46875 4.34937e-07
9.03208 0.53125 4.41624e-07
9.03208 0.59375 4.33548e-07
9.03208 0.65625 4.12327e-07
9.03208 0.71875 3.80379e-07
9.03208 0.78125 3.39981e-07
9.03208 0.84375 2.92731e-07
9.03208 0.90625 2.39215e-07
9.03208 0.96875 1.79398e-07
9.03208 1.03125 1.13464e-07
9.03208 1.09375 4.24243e-08
9.03208 1.15625 -3.11919e-08
9.03208 1.21875 -1.03339e-07
9.03208 1.28125 -1.6816e-07
9.03208 1.34375 -2.19008e-07
9.03208 1.40625 -2.49101e-07
9.03208 1.46875 -2.53652e-07
9.03208 1.53125 -2.29935e-07
9.03208 1.59375 -1.78251e-07
9.03208 1.65625 -1.00217e-07
9.03208 1.71875 -1.8784e-09
9.03208 1.78125 1.01513e-07
9.03208 1.84375 1.7335e-07
9.03208 1.90625 1.67619e-07
9.03208 1.96875 7.89375e-08
9.81748 0.03125 -1.89138e-08
9.81748 0.09375 -5.8287e-08
9.81748 0.15625 -1.02347e-07
9.81748 0.21875 -1.17851e-07
9.81748 0.28125 -1.09899e-07
9.81748 0.34375 -9.22538e-08
9.81748 0.40625 -6.87514e-08
9.81748 0.46875 -3.72603e-08
9.81748 0.53125 4.78409e-09
9.81748 0.59375 5.73086e-08
9.81748 0.65625 1.17905e-07
9.81748 0.71875 1.82715e-07
9.81748 0.78125 2.47885e-07
9.81748 0.84375 3.10611e-07
9.81748 0.90625 3.69512e-07
9.81748 0.96875 4.2446e-07
9.81748 1.03125 4.75705e-07
9.81748 1.09375 5.23862e-07
9.81748 1.15625 5.69364e-07
9.81748 1.21875 6.12876e-07
9.81748 1.28125 6.53983e-07
9.81748 1.34375 6.9133e-07
9.81748 1.40625 7.212e-07
9.81748 1.46875 7.39454e-07
9.81748 1.53125 7.40782e-07
9.81748 1.59375 7.21184e-07
9.81748 1.65625 6.73968e-07
9.81748 1.71875 5.90415e-07
9.81748 1.78125 4.55718e-07
9.81748 1.84375 2.70176e-07
9.81748 1.90625 8.04478e-08
9.81748 1.96875 -1.70966e-09
10.6029 0.03125 4.0524e-08
10.6029 0.09375 9.40266e-08
10.6029 0.15625 9.00705e-08
10.6029 0.21875 4.57639e-08
10.6029 0.28125 5.32004e-10
10.6029 0.34375 -3.1179e-08
10.6029 0.40625 -5.18116e-08
10.6029 0.46875 -6.61786e-08
10.6029 0.53125 -7.61791e-08
10.6029 0.59375 -8.14035e-08
10.6029 0.65625 -8.10038e-08
10.6029 0.71875 -7.51668e-08
10.6029 0.78125 -6.52527e-08
10.6029 0.84375 -5.3125e-08
10.6029 0.90625 -4.02264e-08
10.6029 0.96875 -2.72809e-08
10.6029 1.03125 -1.46695e-08
10.6029 1.09375 -3.11643e-09
10.6029 1.15625 5.91475e-09
10.6029 1.21875 1.01244e-08
10.6029 1.28125 6.58476e-09
10.6029 1.34375 -7.82405e-09
10.6029 1.40625 -3.54974e-08
10.6029 1.46875 -7.72646e-08
10.6029 1.53125 -1.31945e-07
10.6029 1.59375 -1.97181e-07
10.6029 1.65625 -2.69646e-07
10.6029 1.71875 -3.43187e-07
10.6029 1.78125 -4.00388e-07
10.6029 1.84375 -4.04767e-07
10.6029 1.90625 -3.13313e-07
10.6029 1.96875 -1.37791e-07
11.3883 0.03125 -5.80912e-08
11.3883 0.09375 -2.84371e-08
11.3883 0.15625 7.00254e-08
11.3883 0.21875 1.2885e-07
11.3883 0.28125 1.26967e-07
11.3883 0.34375 8.74176e-08
11.3883 0.40625 3.03347e-08
11.3883 0.46875 -3.34069e-08
11.3883 0.53125 -9.84953e-08
11.3883 0.59375 -1.60684e-07
11.3883 0.65625 -2.16785e-07
11.3883 0.71875 -2.64693e-07
11.3883 0.78125 -3.04086e-07
11.3883 0.84375 -3.3576e-07
11.3883 0.90625 -3.61107e-07
11.3883 0.96875 -3.81564e-07
11.3883 1.03125 -3.98435e-07
11.3883 1.09375 -4.13088e-07
11.3883 1.15625 -4.26585e-07
11.3883 1.21875 -4.39855e-07
11.3883 1.28125 -4.52645e-07
11.3883 1.34375 -4.63585e-07
11.3883 1.40625 -4.687e-07
11.3883 1.46875 -4.62951e-07
11.3883 1.53125 -4.39866e-07
11.3883 1.59375 -3.94944e-07
11.3883 1.65625 -3.23991e-07
11.3883 1.71875 -2.27302e-07
11.3883 1.78125 -1.09024e-07
11.3883 1.84375 8.32347e-09
11.3883 1.90625 8.16196e-08
11.3883 1.96875 5.77415e-08
12.1737 0.03125 -1.03106e-07
12.1737 0.09375 -2.25959e-07
12.1737 0.15625 -1.953e-07
12.1737 0.21875 -7.33623e-08
12.1737 0.28125 4.9638e-08
12.1737 0.34375 1.389e-07
12.1737 0.40625 1.97489e-07
12.1737 0.46875 2.36469e-07
12.1737 0.53125 2.64329e-07
12.1737 0.59375 2.85477e-07
12.1737 0.65625 3.02026e-07
12.1737 0.71875 3.14706e-07
12.1737 0.78125 3.23735e-07
12.1737 0.84375 3.29117e-07
12.1737 0.90625 3.30923e-07
12.1737 0.96875 3.29342e-07
12.1737 1.03125 3.24587e-07
12.1737 1.09375 3.17124e-07
12.1737 1.15625 3.07764e-07
12.1737 1.21875 2.98311e-07
12.1737 1.28125 2.9104e-07
12.1737 1.34375 2.88356e-07
12.1737 1.40625 2.90765e-07
12.1737 1.46875 2.96734e-07
12.1737 1.53125 3.01131e-07
12.1737 1.59375 2.97143e-07
12.1737 1.65625 2.74903e-07
12.1737 1.71875 2.25304e-07
12.1737 1.78125 1.41774e-07
12.1737 1.84375 3.87421e-08
12.1737 1.90625 -3.71977e-08
12.1737 1.96875 -2.13551e-08
12.9591 0.03125 -4.56842e-08
12.9591 0.09375 -2.39415e-07
12.9591 0.15625 -4.4335e-07
12.9591 0.21875 -5.41196e-07
12.9591 0.28125 -5.44191e-07
12.9591 0.34375 -5.0255e-07
12.9591 0.40625 -4.4871e-07
12.9591 0.46875 -3.9521e-07
12.9591 0.53125 -3.45653e-07
12.9591 0.59375 -3.0185e-07
12.9591 0.65625 -2.66051e-07
12.9591 0.71875 -2.41014e-07
12.9591 0.78125 -2.29394e-07
12.9591 0.84375 -2.33357e-07
12.9591 0.90625 -2.53985e-07
12.9591 0.96875 -2.90644e-07
12.9591 1.03125 -3.40199e-07
12.9591 1.09375 -3.97092e-07
12.9591 1.15625 -4.54371e-07
12.9591 1.21875 -5.05724e-07
12.9591 1.28125 -5.47291e-07
12.9591 1.34375 -5.78522e-07
12.9591 1.40625 -6.01561e-07
12.9591 1.46875 -6.19898e-07
12.9591 1.53125 -6.36724e-07
12.9591 1.59375 -6.52949e-07
12.9591 1.65625 -6.6388e-07
12.9591 1.71875 -6.54145e-07
12.9591 1.78125 -5.94454e-07
12.9591 1.84375 -4.53084e-07
12.9591 1.90625 -2.43509e-07
12.9591 1.96875 -7.11036e-08
13.7445 0.03125 6.95053e-08
13.7445 0.09375 9.65918e-08
13.7445 0.15625 -6.10979e-08
13.7445 0.21875 -2.71249e-07
13.7445 0.28125 -4.41369e-07
13.7445 0.34375 -5.581e-07
13.7445 0.40625 -6.39629e-07
13.7445 0.46875 -7.03412e-07
13.7445 0.53125 -7.57952e-07
13.7445 0.59375 -8.04642e-07
13.7445 0.65625 -8.40952e-07
13.7445 0.71875 -8.62933e-07
13.7445 0.78125 -8.66828e-07
13.7445 0.84375 -8.50538e-07
13.7445 0.90625 -8.14521e-07
13.7445 0.96875 -7.61995e-07
13.7445 1.03125 -6.97887e-07
13.7445 1.09375 -6.27291e-07
13.7445 1.15625 -5.5388e-07
13.7445 1.21875 -4.79645e-07
13.7445 1.28125 -4.05264e-07
13.7445 1.34375 -3.31275e-07
13.7445 1.40625 -2.57965e-07
13.7445 1.46875 -1.85555e-07
13.7445 1.53125 -1.1229e-07
13.7445 1.59375 -3.42199e-08
13.7445 1.65625 5.68288e-08
13.7445 1.71875 1.67783e-07
13.7445 1.78125 2.94253e-07
13.7445 1.84375 3.92263e-07
13.7445 1.90625 3.72736e-07
13.7445 1.96875 1.67743e-07
14.5299 0.03125 1.43716e-07
14.5299 0.09375 3.41141e-07
14.5299 0.15625 4.17101e-07
14.5299 0.21875 3.8617e-07
14.5299 0.28125 3.24911e-07
14.5299 0.34375 2.81386e-07
14.5299 0.40625 2.64786e-07
14.5299 0.46875 2.66294e-07
14.5299 0.53125 2.75e-07
14.5299 0.59375 2.83543e-07
14.5299 0.65625 2.88884e-07
14.5299 0.71875 2.91093e-07
14.5299 0.78125 2.92108e-07
14.5299 0.84375 2.94713e-07
14.5299 0.90625 3.01558e-07
14.5299 0.96875 3.14122e-07
14.5299 1.03125 3.31615e-07
14.5299 1.09375 3.5093e-07
14.5299 1.15625 3.67442e-07
14.5299 1.21875 3.77119e-07
14.5299 1.28125 3.77912e-07
14.5299 1.34375 3.709e-07
14.5299 1.40625 3.5924e-07
14.5299 1.46875 3.47386e-07
14.5299 1.53125 3.38596e-07
14.5299 1.59375 3.34515e-07
14.5299 1.65625 3.32414e-07
14.5299 1.71875 3.24013e-07
14.5299 1.78125 2.90081e-07
14.5299 1.84375 2.08646e-07
14.5299 1.90625 8.68765e-08
14.5299 1.96875 7.64876e-09
15.3153 0.03125 6.52188e-08
15.3153 0.09375 2.45411e-07
15.3153 0.15625 4.44026e-07
15.3153 0.21875 5.68189e-07
15.3153 0.28125 6.16712e-07
15.3153 0.34375 6.27603e-07
15.3153 0.40625 6.29786e-07
15.3153 0.46875 6.35378e-07
15.3153 0.53125 6.45437e-07
15.3153 0.59375 6.56497e-07
15.3153 0.65625 6.63885e-07
15.3153 0.71875 6.6358e-07
15.3153 0.78125 6.52968e-07
15.3153 0.84375 6.3137e-07
15.3153 0.90625 6.00182e-07
15.3153 0.96875 5.62297e-07
15.3153 1.03125 5.21213e-07
15.3153 1.09375 4.79915e-07
15.3153 1.15625 4.40855e-07
15.3153 1.21875 4.06114e-07
15.3153 1.28125 3.78105e-07
15.3153 1.34375 3.58894e-07
15.3153 1.40625 3.49598e-07
15.3153 1.46875 3.49026e-07
15.3153 1.53125 3.53595e-07
15.3153 1.59375 3.57178e-07
15.3153 1.65625 3.51478e-07
15.3153 1.71875 3.25965e-07
15.3153 1.78125 2.69918e-07
15.3153 1.84375 1.83135e-07
15.3153 1.90625 8.99374e-08
15.3153 1.96875 2.30578e-08
16.1007 0.03125 -3.76141e-08
16.1007 0.09375 -4.49311e-09
16.1007 0.15625 1.29653e-07
16.1007 0.21875 2.75436e-07
16.1007 0.28125 3.66796e-07
16.1007 0.34375 3.93535e-07
16.1007 0.40625 3.72719e-07
16.1007 0.46875 3.24013e-07
16.1007 0.53125 2.62767e-07
16.1007 0.59375 1.99426e-07
16.1007 0.65625 1.41217e-07
16.1007 0.71875 9.27228e-08
16.1007 0.78125 5.66852e-08
16.1007 0.84375 3.42375e-08
16.1007 0.90625 2.54942e-08
16.1007 0.96875 2.96802e-08
16.1007 1.03125 4.53221e-08
16.1007 1.09375 7.03058e-08
16.1007 1.15625 1.02205e-07
16.1007 1.21875 1.3854e-07
16.1007 1.28125 1.76871e-07
16.1007 1.34375 2.1436e-07
16.1007 1.40625 2.4732e-07
16.1007 1.46875 2.71178e-07
16.1007 1.53125 2.81114e-07
16.1007 1.59375 2.72696e-07
16.1007 1.65625 2.42314e-07
16.1007 1.71875 1.88043e-07
16.1007 1.78125 1.14857e-07
16.1007 1.84375 4.26445e-08
16.1007 1.90625 3.72191e-09
16.1007 1.96875 4.88443e-09
16.8861 0.03125 -3.70549e-08
16.8861 0.09375 -1.15086e-07
16.8861 0.15625 -1.41419e-07
16.8861 0.21875 -1.05299e-07
16.8861 0.28125 -4.40283e-08
16.8861 0.34375 1.18167e-08
16.8861 0.40625 5.15398e-08
16.8861 0.46875 7.71298e-08
16.8861 0.53125 9.44841e-08
16.8861 0.59375 1.09865e-07
16.8861 0.65625 1.27361e-07
16.8861 0.71875 1.48466e-07
16.8861 0.78125 1.71896e-07
16.8861 0.84375 1.94979e-07
16.8861 0.90625 2.14504e-07
16.8861 0.96875 2.27669e-07
16.8861 1.03125 2.32031e-07
16.8861 1.09375 2.25919e-07
16.8861 1.15625 2.08484e-07
16.8861 1.21875 1.80038e-07
16.8861 1.28125 1.41609e-07
16.8861 1.34375 9.48627e-08
16.8861 1.40625 4.20598e-08
16.8861 1.46875 -1.32819e-08
16.8861 1.53125 -6.62545e-08
16.8861 1.59375 -1.10913e-07
16.8861 1.65625 -1.40776e-07
16.8861 1.71875 -1.48638e-07
16.8861 1.78125 -1.26764e-07
16.8861 1.84375 -7.39242e-08
16.8861 1.90625 -1.28584e-08
16.8861 1.96875 8.48629e-09
17.6715 0.03125 -1.14069e-08
17.6715 0.09375 -4.69145e-08
17.6715 0.15625 -9.93838e-08
17.6715 0.21875 -1.38204e-07
17.6715 0.28125 -1.50518e-07
17.6715 0.34375 -1.4023e-07
17.6715 0.40625 -1.14478e-07
17.6715 0.46875 -7.76356e-08
17.6715 0.53125 -3.20429e-08
17.6715 0.59375 2.10869e-08
17.6715 0.65625 8.02453e-08
17.6715 0.71875 1.43522e-07
17.6715 0.78125 2.08416e-07
17.6715 0.84375 2.72634e-07
17.6715 0.90625 3.34223e-07
17.6715 0.96875 3.91753e-07
17.6715 1.03125 4.43559e-07
17.6715 1.09375 4.87424e-07
17.6715 1.15625 5.20292e-07
17.6715 1.21875 5.39036e-07
17.6715 1.28125 5.4121e-07
17.6715 1.34375 5.26695e-07
17.6715 1.40625 4.98115e-07
17.6715 1.46875 4.60805e-07
17.6715 1.53125 4.20717e-07
17.6715 1.59375 3.83253e-07
17.6715 1.65625 3.51116e-07
17.6715 1.71875 3.24039e-07
17.6715 1.78125 2.94794e-07
17.6715 1.84375 2.48136e-07
17.6715 1.90625 1.64435e-07
17.6715 1.96875 5.423e-08
18.4569 0.03125 -3.26454e-09
18.4569 0.09375 -1.36151e-08
18.4569 0.15625 -3.06912e-08
18.4569 0.21875 -5.11812e-08
18.4569 0.28125 -6.87191e-08
18.4569 0.34375 -8.12345e-08
18.4569 0.40625 -8.88462e-08
18.4569 0.46875 -9.27781e-08
18.4569 0.53125 -9.44175e-08
18.4569 0.59375 -9.59984e-08
18.4569 0.65625 -1.00132e-07
18.4569 0.71875 -1.09972e-07
18.4569 0.78125 -1.28178e-07
18.4569 0.84375 -1.56106e-07
18.4569 0.90625 -1.92736e-07
18.4569 0.96875 -2.34729e-07
18.4569 1.03125 -2.76971e-07
18.4569 1.09375 -3.13795e-07
18.4569 1.15625 -3.40219e-07
18.4569 1.21875 -3.53014e-07
18.4569 1.28125 -3.51261e-07
18.4569 1.34375 -3.3613e-07
18.4569 1.40625 -3.10521e-07
18.4569 1.46875 -2.78309e-07
18.4569 1.53125 -2.43958e-07
18.4569 1.59375 -2.11197e-07
18.4569 1.65625 -1.82222e-07
18.4569 1.71875 -1.56745e-07
18.4569 1.78125 -1.34086e-07
18.4569 1.84375 -1.15218e-07
18.4569 1.90625 -9.873e-08
18.4569 1.96875 -6.16016e-08
19.2423 0.03125 -1.26781e-08
19.2423 0.09375 -3.09823e-08
19.2423 0.15625 -5.79772e-08
19.2423 0.21875 -8.80993e-08
19.2423 0.28125 -1.15939e-07
19.2423 0.34375 -1.39973e-07
19.2423 0.40625 -1.61552e-07
19.2423 0.46875 -1.82055e-07
19.2423 0.53125 -2.02922e-07
19.2423 0.59375 -2.25387e-07
19.2423 0.65625 -2.50539e-07
19.2423 0.71875 -2.78691e-07
19.2423 0.78125 -3.09401e-07
19.2423 0.84375 -3.41556e-07
19.2423 0.90625 -3.73591e-07
19.2423 0.96875 -4.03492e-07
19.2423 1.03125 -4.28607e-07
19.2423 1.09375 -4.45562e-07
19.2423 1.15625 -4.50247e-07
19.2423 1.21875 -4.38554e-07
19.2423 1.28125 -4.07134e-07
19.2423 1.34375 -3.54985e-07
19.2423 1.40625 -2.83768e-07
19.2423 1.46875 -1.98114e-07
19.2423 1.53125 -1.03731e-07
19.2423 1.59375 -7.45395e-09
19.2423 1.65625 8.35747e-08
19.2423 1.71875 1.57566e-07
19.2423 1.78125 1.96553e-07
19.2423 1.84375 1.77404e-07
19.2423 1.90625 1.01839e-07
19.2423 1.96875 1.69681e-08
20.0277 0.03125 3.02741e-09
20.0277 0.09375 1.99194e-08
20.0277 0.15625 3.48121e-08
20.0277 0.21875 4.32946e-08
20.0277 0.28125 4.66747e-08
20.0277 0.34375 4.7845e-08
20.0277 0.40625 4.91681e-08
20.0277 0.46875 5.17532e-08
20.0277 0.53125 5.64085e-08
20.0277 0.59375 6.37277e-08
20.0277 0.65625 7.42775e-08
20.0277 0.71875 8.85594e-08
20.0277 0.78125 1.07094e-07
20.0277 0.84375 1.30388e-07
20.0277 0.90625 1.58726e-07
20.0277 0.96875 1.91739e-07
20.0277 1.03125 2.27833e-07
20.0277 1.09375 2.63861e-07
20.0277 1.15625 2.9556e-07
20.0277 1.21875 3.1858e-07
20.0277 1.28125 3.29894e-07
20.0277 1.34375 3.28725e-07
20.0277 1.40625 3.16777e-07
20.0277 1.46875 2.97107e-07
20.0277 1.53125 2.72151e-07
20.0277 1.59375 2.40668e-07
20.0277 1.65625 1.95336e-07
20.0277 1.71875 1.23207e-07
20.0277 1.78125 1.68599e-08
20.0277 1.84375 -9.89673e-08
20.0277 1.90625 -1.48305e-07
20.0277 1.96875 -7.00029e-08
20.8131 0.03125 -2.58601e-09
20.8131 0.09375 -1.6158e-08
20.8131 0.15625 -2.82025e-08
20.8131 0.21875 -3.02814e-08
20.8131 0.28125 -2.53845e-08
20.8131 0.34375 -1.95014e-08
20.8131 0.40625 -1.81582e-08
20.8131 0.46875 -2.51842e-08
20.8131 0.53125 -4.15788e-08
20.8131 0.59375 -6.55057e-08
20.8131 0.65625 -9.30631e-08
20.8131 0.71875 -1.20047e-07
20.8131 0.78125 -1.43363e-07
20.8131 0.84375 -1.62186e-07
20.8131 0.90625 -1.7779e-07
20.8131 0.96875 -1.92601e-07
20.8131 1.03125 -2.0865e-07
20.8131 1.09375 -2.26811e-07
20.8131 1.15625 -2.46828e-07
20.8131 1.21875 -2.68079e-07
20.8131 1.28125 -2.90106e-07
20.8131 1.34375 -3.12795e-07
20.8131 1.40625 -3.36271e-07
20.8131 1.46875 -3.60854e-07
20.8131 1.53125 -3.87193e-07
20.8131 1.59375 -4.15624e-07
20.8131 1.65625 -4.43727e-07
20.8131 1.71875 -4.59914e-07
20.8131 1.78125 -4.3585e-07
20.8131 1.84375 -3.32822e-07
20.8131 1.90625 -1.55914e-07
20.8131 1.96875 -1.70901e-08
21.5984 0.03125 2.48391e-08
21.5984 0.09375 5.18385e-08
21.5984 0.15625 5.0667e-08
21.5984 0.21875 3.96681e-08
21.5984 0.28125 2.96864e-08
21.5984 0.34375 2.42516e-08
21.5984 0.40625 2.39127e-08
21.5984 0.46875 2.73732e-08
21.5984 0.53125 3.12663e-08
21.5984 0.59375 3.11499e-08
21.5984 0.65625 2.29827e-08
21.5984 0.71875 4.68489e-09
21.5984 0.78125 -2.31728e-08
21.5984 0.84375 -5.77633e-08
21.5984 0.90625 -9.51952e-08
21.5984 0.96875 -1.31791e-07
21.5984 1.03125 -1.64776e-07
21.5984 1.09375 -1.92398e-07
21.5984 1.15625 -2.13692e-07
21.5984 1.21875 -2.28545e-07
21.5984 1.28125 -2.37772e-07
21.5984 1.34375 -2.4308e-07
21.5984 1.40625 -2.46026e-07
21.5984 1.46875 -2.46862e-07
21.5984 1.53125 -2.42866e-07
21.5984 1.59375 -2.27451e-07
21.5984 1.65625 -1.88946e-07
21.5984 1.71875 -1.13086e-07
21.5984 1.78125 6.0037e-09
21.5984 1.84375 1.35925e-07
21.5984 1.90625 1.86652e-07
21.5984 1.96875 8.77117e-08
22.3838 0.03125 2.4843e-08
22.3838 0.09375 5.34209e-08
22.3838 0.15625 5.49556e-08
22.3838 0.21875 3.51852e-08
22.3838 0.28125 1.55195e-08
22.3838 0.34375 6.52015e-09
22.3838 0.40625 1.00921e-08
22.3838 0.46875 2.43144e-08
22.3838 0.53125 4.6733e-08
22.3838 0.59375 7.41115e-08
22.3838 0.65625 1.03174e-07
22.3838 0.71875 1.30936e-07
22.3838 0.78125 1.55815e-07
22.3838 0.84375 1.77823e-07
22.3838 0.90625 1.98542e-07
22.3838 0.96875 2.20041e-07
22.3838 1.03125 2.43767e-07
22.3838 1.09375 2.69325e-07
22.3838 1.15625 2.94477e-07
22.3838 1.21875 3.15982e-07
22.3838 1.28125 3.31404e-07
22.3838 1.34375 3.40321e-07
22.3838 1.40625 3.4468e-07
22.3838 1.46875 3.47845e-07
22.3838 1.53125 3.5347e-07
22.3838 1.59375 3.64374e-07
22.3838 1.65625 3.80449e-07
22.3838 1.71875 3.93495e-07
22.3838 1.78125 3.78311e-07
22.3838 1.84375 2.96611e-07
22.3838 1.90625 1.4539e-07
22.3838 1.96875 2.45356e-08
23.1692 0.03125 1.0863e-08
23.1692 0.09375 8.26317e-08
23.1692 0.15625 1.94971e-07
23.1692 0.21875 2.82305e-07
23.1692 0.28125 3.31187e-07
23.1692 0.34375 3.55236e-07
23.1692 0.40625 3.67717e-07
23.1692 0.46875 3.76453e-07
23.1692 0.53125 3.85554e-07
23.1692 0.59375 3.97647e-07
23.1692 0.65625 4.14386e-07
23.1692 0.71875 4.36731e-07
23.1692 0.78125 4.6465e-07
23.1692 0.84375 4.97062e-07
23.1692 0.90625 5.31467e-07
23.1692 0.96875 5.64232e-07
23.1692 1.03125 5.90988e-07
23.1692 1.09375 6.07987e-07
23.1692 1.15625 6.13063e-07
23.1692 1.21875 6.06821e-07
23.1692 1.28125 5.92132e-07
23.1692 1.34375 5.73259e-07
23.1692 1.40625 5.5327e-07
23.1692 1.46875 5.32822e-07
23.1692 1.53125 5.08185e-07
23.1692 1.59375 4.71572e-07
23.1692 1.65625 4.09925e-07
23.1692 1.71875 3.08275e-07
23.1692 1.78125 1.59238e-07
23.1692 1.84375 -7.56511e-09
23.1692 1.90625 -1.05146e-07
23.1692 1.96875 -5.57668e-08
23.9546 0.03125 -1.0497e-07
23.9546 0.09375 -2.29872e-07
23.9546 0.15625 -2.41715e-07
23.9546 0.21875 -1.8901e-07
23.9546 0.28125 -1.30458e-07
23.9546 0.34375 -8.87083e-08
23.9546 0.40625 -6.25094e-08
23.9546 0.46875 -4.37905e-08
23.9546 0.53125 -2.6131e-08
23.9546 0.59375 -6.33295e-09
23.9546 0.65625 1.54534e-08
23.9546 0.71875 3.67186e-08
23.9546 0.78125 5.33073e-08
23.9546 0.84375 6.06661e-08
23.9546 0.90625 5.49176e-08
23.9546 0.96875 3.40695e-08
23.9546 1.03125 -1.48181e-09
23.9546 1.09375 -4.89672e-08
23.9546 1.15625 -1.03993e-07
23.9546 1.21875 -1.61575e-07
23.9546 1.28125 -2.17525e-07
23.9546 1.34375 -2.69535e-07
23.9546 1.40625 -3.17463e-07
23.9546 1.46875 -3.62623e-07
23.9546 1.53125 -4.06282e-07
23.9546 1.59375 -4.48393e-07
23.9546 1.65625 -4.85314e-07
23.9546 1.71875 -5.06049e-07
23.9546 1.78125 -4.85719e-07
23.9546 1.84375 -3.91208e-07
23.9546 1.90625 -2.21561e-07
23.9546 1.96875 -5.98338e-08
24.74 0.03125 -2.37945e-08
24.74 0.09375 -1.27235e-07
24.74 0.15625 -2.31882e-07
24.74 0.21875 -2.86376e-07
24.74 0.28125 -2.96591e-07
24.74 0.34375 -2.86542e-07
24.74 0.40625 -2.72744e-07
24.74 0.46875 -2.62185e-07
24.74 0.53125 -2.56422e-07
24.74 0.59375 -2.54179e-07
24.74 0.65625 -2.52796e-07
24.74 0.71875 -2.4927e-07
24.74 0.78125 -2.41344e-07
24.74 0.84375 -2.28168e-07
24.74 0.90625 -2.10265e-07
24.74 0.96875 -1.88726e-07
24.74 1.03125 -1.6436e-07
24.74 1.09375 -1.37722e-07
24.74 1.15625 -1.0975e-07
24.74 1.21875 -8.24981e-08
24.74 1.28125 -5.87524e-08
24.74 1.34375 -4.12485e-08
24.74 1.40625 -3.12795e-08
24.74 1.46875 -2.81012e-08
24.74 1.53125 -2.80888e-08
24.74 1.59375 -2.50942e-08
24.74 1.65625 -1.07191e-08
24.74 1.71875 2.28525e-08
24.74 1.78125 7.59207e-08
24.74 1.84375 1.26443e-07
24.74 1.90625 1.26415e-07
24.74 1.96875 5.2482e-08
