0.392699 0.03125 -3.62756e-08
1.1781 0.03125 2.61233e-08
1.9635 0.03125 3.76478e-08
2.74889 0.03125 4.28607e-08
3.53429 0.03125 4.97339e-08
4.31969 0.03125 -7.06861e-08
5.10509 0.03125 -7.18983e-08
5.89049 0.03125 -5.73675e-08
6.67588 0.03125 5.62792e-08
7.46128 0.03125 9.19493e-09
8.24668 0.03125 8.71603e-08
9.03208 0.03125 5.37935e-09
9.81748 0.03125 -2.39062e-08
10.6029 0.03125 4.0937e-08
11.3883 0.03125 -4.24786e-08
12.1737 0.03125 -9.83519e-08
12.9591 0.03125 -5.97269e-08
13.7445 0.03125 4.68999e-08
14.5299 0.03125 1.38778e-07
15.3153 0.03125 8.22205e-08
16.1007 0.03125 -2.60606e-08
16.8861 0.03125 -3.86192e-08
17.6715 0.03125 -1.42383e-08
18.4569 0.03125 -2.09314e-09
19.2423 0.03125 -1.31637e-08
20.0277 0.03125 2.00415e-09
20.8131 0.03125 -5.14073e-09
21.5984 0.03125 1.99949e-08
22.3838 0.03125 2.46399e-08
23.1692 0.03125 2.24385e-08
23.9546 0.03125 -9.66428e-08
24.74 0.03125 -2.91382e-08

0.392699 0.09375 -1.12133e-07
1.1781 0.09375 4.05636e-08
1.9635 0.09375 5.58624e-08
2.74889 0.09375 1.12709e-07
3.53429 0.09375 1.72046e-07
4.31969 0.09375 -8.25614e-08
5.10509 0.09375 -1.47814e-07
5.89049 0.09375 -2.3945e-07
6.67588 0.09375 5.95368e-08
7.46128 0.09375 1.70981e-08
8.24668 0.09375 2.19077e-07
9.03208 0.09375 4.59309e-08
9.81748 0.09375 -6.54397e-08
10.6029 0.09375 8.30854e-08
11.3883 0.09375 8.57145e-10
12.1737 0.09375 -1.91636e-07
12.9591 0.09375 -2.59471e-07
13.7445 0.09375 3.07648e-08
14.5299 0.09375 3.13004e-07
15.3153 0.09375 2.74528e-07
16.1007 0.09375 3.42373e-08
16.8861 0.09375 -1.04949e-07
17.6715 0.09375 -5.62826e-08
18.4569 0.09375 -1.35668e-08
19.2423 0.09375 -3.39786e-08
20.0277 0.09375 1.80483e-08
20.8131 0.09375 -1.86605e-08
21.5984 0.09375 3.98143e-08
22.3838 0.09375 4.68008e-08
23.1692 0.09375 1.07058e-07
23.9546 0.09375 -1.99226e-07
24.74 0.09375 -1.33676e-07

0.392699 0.15625 -2.20768e-07
1.1781 0.15625 1.36847e-08
1.9635 0.15625 3.85812e-08
2.74889 0.15625 1.13503e-07
3.53429 0.15625 2.9199e-07
4.31969 0.15625 5.11634e-09
5.10509 0.15625 -1.15203e-07
5.89049 0.15625 -4.05327e-07
6.67588 0.15625 -3.43463e-08
7.46128 0.15625 -4.10243e-08
8.24668 0.15625 3.02785e-07
9.03208 0.15625 1.5569e-07
9.81748 0.15625 -9.539e-08
10.6029 0.15625 6.31965e-08
11.3883 0.15625 8.94566e-08
12.1737 0.15625 -1.28695e-07
12.9591 0.15625 -4.34873e-07
13.7445 0.15625 -1.55743e-07
14.5299 0.15625 3.44898e-07
15.3153 0.15625 4.62915e-07
16.1007 0.15625 1.92721e-07
16.8861 0.15625 -1.07415e-07
17.6715 0.15625 -1.08784e-07
18.4569 0.15625 -3.31362e-08
19.2423 0.15625 -6.42116e-08
20.0277 0.15625 3.05824e-08
20.8131 0.15625 -2.72245e-08
21.5984 0.15625 3.63934e-08
22.3838 0.15625 3.41876e-08
23.1692 0.15625 2.18554e-07
23.9546 0.15625 -1.86702e-07
24.74 0.15625 -2.2429e-07

0.392699 0.21875 -3.23348e-07
1.1781 0.21875 -2.84357e-08
1.9635 0.21875 1.71497e-08
2.74889 0.21875 6.44162e-08
3.53429 0.21875 3.54422e-07
4.31969 0.21875 9.83591e-08
5.10509 0.21875 -1.25806e-08
5.89049 0.21875 -4.76735e-07
6.67588 0.21875 -1.43701e-07
7.46128 0.21875 -1.42407e-07
8.24668 0.21875 3.21653e-07
9.03208 0.21875 2.74915e-07
9.81748 0.21875 -8.89771e-08
10.6029 0.21875 1.219e-08
11.3883 0.21875 1.25734e-07
12.1737 0.21875 8.08534e-09
12.9591 0.21875 -4.90625e-07
13.7445 0.21875 -3.71542e-07
14.5299 0.21875 2.71455e-07
15.3153 0.21875 5.64891e-07
16.1007 0.21875 3.49604e-07
16.8861 0.21875 -4.78562e-08
17.6715 0.21875 -1.39934e-07
18.4569 0.21875 -5.426e-08
19.2423 0.21875 -9.77665e-08
20.0277 0.21875 3.46958e-08
20.8131 0.21875 -2.58987e-08
21.5984 0.21875 2.8378e-08
22.3838 0.21875 1.28522e-09
23.1692 0.21875 2.96456e-07
23.9546 0.21875 -1.1744e-07
24.74 0.21875 -2.58507e-07

0.392699 0.28125 -3.97768e-07
1.1781 0.28125 -6.83226e-08
1.9635 0.28125 9.69615e-09
2.74889 0.28125 4.06213e-09
3.53429 0.28125 3.66568e-07
4.31969 0.28125 1.51462e-07
5.10509 0.28125 8.9233e-08
5.89049 0.28125 -4.6663e-07
6.67588 0.28125 -2.15418e-07
7.46128 0.28125 -2.43242e-07
8.24668 0.28125 3.00752e-07
9.03208 0.28125 3.65292e-07
9.81748 0.28125 -6.11577e-08
10.6029 0.28125 -2.96258e-08
11.3883 0.28125 1.02646e-07
12.1737 0.28125 1.28624e-07
12.9591 0.28125 -4.56753e-07
13.7445 0.28125 -5.33527e-07
14.5299 0.28125 1.79499e-07
15.3153 0.28125 5.9418e-07
16.1007 0.28125 4.41991e-07
16.8861 0.28125 2.71964e-08
17.6715 0.28125 -1.41978e-07
18.4569 0.28125 -6.91744e-08
19.2423 0.28125 -1.28208e-07
20.0277 0.28125 3.28265e-08
20.8131 0.28125 -1.92087e-08
21.5984 0.28125 2.30268e-08
22.3838 0.28125 -2.71571e-08
23.1692 0.28125 3.35292e-07
23.9546 0.28125 -5.07634e-08
24.74 0.28125 -2.50851e-07

0.392699 0.34375 -4.45069e-07
1.1781 0.34375 -1.01531e-07
1.9635 0.34375 1.88475e-08
2.74889 0.34375 -4.63258e-08
3.53429 0.34375 3.52683e-07
4.31969 0.34375 1.65478e-07
5.10509 0.34375 1.56157e-07
5.89049 0.34375 -4.14464e-07
6.67588 0.34375 -2.44007e-07
7.46128 0.34375 -3.22234e-07
8.24668 0.34375 2.68062e-07
9.03208 0.34375 4.23632e-07
9.81748 0.34375 -2.91847e-08
10.6029 0.34375 -5.20536e-08
11.3883 0.34375 4.84074e-08
12.1737 0.34375 2.0587e-07
12.9591 0.34375 -3.88567e-07
13.7445 0.34375 -6.38697e-07
14.5299 0.34375 1.15267e-07
15.3153 0.34375 5.95436e-07
16.1007 0.34375 4.66679e-07
16.8861 0.34375 8.57817e-08
17.6715 0.34375 -1.23078e-07
18.4569 0.34375 -7.63197e-08
19.2423 0.34375 -1.53705e-07
20.0277 0.34375 2.90952e-08
20.8131 0.34375 -1.29349e-08
21.5984 0.34375 2.09256e-08
22.3838 0.34375 -4.12648e-08
23.1692 0.34375 3.52468e-07
23.9546 0.34375 -5.81497e-09
24.74 0.34375 -2.28101e-07

0.392699 0.40625 -4.73733e-07
1.1781 0.40625 -1.30311e-07
1.9635 0.40625 4.07073e-08
2.74889 0.40625 -8.02262e-08
3.53429 0.40625 3.28698e-07
4.31969 0.40625 1.53381e-07
5.10509 0.40625 1.85176e-07
5.89049 0.40625 -3.46289e-07
6.67588 0.40625 -2.42182e-07
7.46128 0.40625 -3.77336e-07
8.24668 0.40625 2.3692e-07
9.03208 0.40625 4.57385e-07
9.81748 0.40625 3.35981e-09
10.6029 0.40625 -6.02413e-08
11.3883 0.40625 -1.75323e-08
12.1737 0.40625 2.48476e-07
12.9591 0.40625 -3.16293e-07
13.7445 0.40625 -7.09723e-07
14.5299 0.40625 8.32793e-08
15.3153 0.40625 5.96906e-07
16.1007 0.40625 4.45034e-07
16.8861 0.40625 1.1984e-07
17.6715 0.40625 -9.19187e-08
18.4569 0.40625 -7.66824e-08
19.2423 0.40625 -1.75841e-07
20.0277 0.40625 2.65768e-08
20.8131 0.40625 -1.182e-08
21.5984 0.40625 2.1154e-08
22.3838 0.40625 -4.06731e-08
23.1692 0.40625 3.6162e-07
23.9546 0.40625 2.16128e-08
24.74 0.40625 -2.05915e-07

0.392699 0.46875 -4.9037e-07
1.1781 0.46875 -1.58271e-07
1.9635 0.46875 7.03492e-08
2.74889 0.46875 -9.69563e-08
3.53429 0.46875 3.01779e-07
4.31969 0.46875 1.24759e-07
5.10509 0.46875 1.8262e-07
5.89049 0.46875 -2.72417e-07
6.67588 0.46875 -2.22124e-07
7.46128 0.46875 -4.13178e-07
8.24668 0.46875 2.09981e-07
9.03208 0.46875 4.72047e-07
9.81748 0.46875 3.95483e-08
10.6029 0.46875 -6.00578e-08
11.3883 0.46875 -8.62193e-08
12.1737 0.46875 2.70241e-07
12.9591 0.46875 -2.49329e-07
13.7445 0.46875 -7.64566e-07
14.5299 0.46875 7.16575e-08
15.3153 0.46875 6.07452e-07
16.1007 0.46875 3.97814e-07
16.8861 0.46875 1.34341e-07
17.6715 0.46875 -5.25286e-08
18.4569 0.46875 -7.20246e-08
19.2423 0.46875 -1.9643e-07
20.0277 0.46875 2.67092e-08
20.8131 0.46875 -1.89105e-08
21.5984 0.46875 2.20897e-08
22.3838 0.46875 -2.86297e-08
23.1692 0.46875 3.69508e-07
23.9546 0.46875 4.11701e-08
24.74 0.46875 -1.89537e-07

0.392699 0.53125 -4.98828e-07
1.1781 0.53125 -1.87301e-07
1.9635 0.53125 1.03306e-07
2.74889 0.53125 -9.7483e-08
3.53429 0.53125 2.74702e-07
4.31969 0.53125 8.42981e-08
5.10509 0.53125 1.55325e-07
5.89049 0.53125 -1.95732e-07
6.67588 0.53125 -1.91777e-07
7.46128 0.53125 -4.34579e-07
8.24668 0.53125 1.86431e-07
9.03208 0.53125 4.69468e-07
9.81748 0.53125 8.24605e-08
10.6029 0.53125 -5.39131e-08
11.3883 0.53125 -1.53739e-07
12.1737 0.53125 2.80937e-07
12.9591 0.53125 -1.89289e-07
13.7445 0.53125 -8.11108e-07
14.5299 0.53125 6.85413e-08
15.3153 0.53125 6.25051e-07
16.1007 0.53125 3.39618e-07
16.8861 0.53125 1.37417e-07
17.6715 0.53125 -6.22453e-09
18.4569 0.53125 -6.39113e-08
19.2423 0.53125 -2.17332e-07
20.0277 0.53125 3.01607e-08
20.8131 0.53125 -3.4476e-08
21.5984 0.53125 2.08166e-08
22.3838 0.53125 -8.68772e-09
23.1692 0.53125 3.79084e-07
23.9546 0.53125 5.99657e-08
24.74 0.53125 -1.79146e-07

0.392699 0.59375 -5.01516e-07
1.1781 0.59375 -2.17972e-07
1.9635 0.59375 1.36673e-07
2.74889 0.59375 -8.38343e-08
3.53429 0.59375 2.48715e-07
4.31969 0.59375 3.44535e-08
5.10509 0.59375 1.08841e-07
5.89049 0.59375 -1.17527e-07
6.67588 0.59375 -1.55545e-07
7.46128 0.59375 -4.45521e-07
8.24668 0.59375 1.64626e-07
9.03208 0.59375 4.5085e-07
9.81748 0.59375 1.32358e-07
10.6029 0.59375 -4.2162e-08
11.3883 0.59375 -2.16622e-07
12.1737 0.59375 2.85968e-07
12.9591 0.59375 -1.3719e-07
13.7445 0.59375 -8.50416e-07
14.5299 0.59375 6.69215e-08
15.3153 0.59375 6.44189e-07
16.1007 0.59375 2.79457e-07
16.8861 0.59375 1.36733e-07
17.6715 0.59375 4.69863e-08
18.4569 0.59375 -5.45371e-08
19.2423 0.59375 -2.40193e-07
20.0277 0.59375 3.70023e-08
20.8131 0.59375 -5.61142e-08
21.5984 0.59375 1.3952e-08
22.3838 0.59375 1.50535e-08
23.1692 0.59375 3.92005e-07
23.9546 0.59375 8.13951e-08
24.74 0.59375 -1.72674e-07

0.392699 0.65625 -5.00411e-07
1.1781 0.65625 -2.50036e-07
1.9635 0.65625 1.6922e-07
2.74889 0.65625 -5.87341e-08
3.53429 0.65625 2.24349e-07
4.31969 0.65625 -2.27716e-08
5.10509 0.65625 4.91473e-08
5.89049 0.65625 -4.03503e-08
6.67588 0.65625 -1.159e-07
7.46128 0.65625 -4.48735e-07
8.24668 0.65625 1.42813e-07
9.03208 0.65625 4.17926e-07
9.81748 0.65625 1.87241e-07
10.6029 0.65625 -2.48526e-08
11.3883 0.65625 -2.7213e-07
12.1737 0.65625 2.8835e-07
12.9591 0.65625 -9.51921e-08
13.7445 0.65625 -8.80232e-07
14.5299 0.65625 6.46673e-08
15.3153 0.65625 6.59102e-07
16.1007 0.65625 2.23198e-07
16.8861 0.65625 1.37405e-07
17.6715 0.65625 1.06635e-07
18.4569 0.65625 -4.64681e-08
19.2423 0.65625 -2.66527e-07
20.0277 0.65625 4.70375e-08
20.8131 0.65625 -7.9596e-08
21.5984 0.65625 -1.2435e-09
22.3838 0.65625 3.87536e-08
23.1692 0.65625 4.0938e-07
23.9546 0.65625 1.05254e-07
24.74 0.65625 -1.67268e-07

0.392699 0.71875 -4.9702e-07
1.1781 0.71875 -2.83639e-07
1.9635 0.71875 2.01266e-07
2.74889 0.71875 -2.52245e-08
3.53429 0.71875 2.01667e-07
4.31969 0.71875 -8.46669e-08
5.10509 0.71875 -1.70193e-08
5.89049 0.71875 3.15629e-08
6.67588 0.71875 -7.43023e-08
7.46128 0.71875 -4.45324e-07
8.24668 0.71875 1.19043e-07
9.03208 0.71875 3.73289e-07
9.81748 0.71875 2.4387e-07
10.6029 0.71875 -2.98862e-09
11.3883 0.71875 -3.18482e-07
12.1737 0.71875 2.89638e-07
12.9591 0.71875 -6.63288e-08
13.7445 0.71875 -8.97364e-07
14.5299 0.71875 6.28202e-08
15.3153 0.71875 6.6538e-07
16.1007 0.71875 1.74522e-07
16.8861 0.71875 1.41776e-07
17.6715 0.71875 1.71616e-07
18.4569 0.71875 -4.29012e-08
19.2423 0.71875 -2.97147e-07
20.0277 0.71875 6.008e-08
20.8131 0.71875 -1.00676e-07
21.5984 0.71875 -2.57119e-08
22.3838 0.71875 5.92327e-08
23.1692 0.71875 4.32025e-07
23.9546 0.71875 1.28885e-07
24.74 0.71875 -1.6018e-07

0.392699 0.78125 -4.92103e-07
1.1781 0.78125 -3.1919e-07
1.9635 0.78125 2.33467e-07
2.74889 0.78125 1.38076e-08
3.53429 0.78125 1.80041e-07
4.31969 0.78125 -1.48127e-07
5.10509 0.78125 -8.18852e-08
5.89049 0.78125 9.33007e-08
6.67588 0.78125 -3.22938e-08
7.46128 0.78125 -4.34441e-07
8.24668 0.78125 9.20083e-08
9.03208 0.78125 3.19475e-07
9.81748 0.78125 2.99066e-07
10.6029 0.78125 2.15733e-08
11.3883 0.78125 -3.55622e-07
12.1737 0.78125 2.90627e-07
12.9591 0.78125 -5.3604e-08
13.7445 0.78125 -8.99032e-07
14.5299 0.78125 6.40454e-08
15.3153 0.78125 6.60431e-07
16.1007 0.78125 1.35879e-07
16.8861 0.78125 1.49388e-07
17.6715 0.78125 2.39844e-07
18.4569 0.78125 -4.66868e-08
19.2423 0.78125 -3.32085e-07
20.0277 0.78125 7.62462e-08
20.8131 0.78125 -1.16468e-07
21.5984 0.78125 -5.83113e-08
22.3838 0.78125 7.50926e-08
23.1692 0.78125 4.60245e-07
23.9546 0.78125 1.48014e-07
24.74 0.78125 -1.49731e-07

0.392699 0.84375 -4.85635e-07
1.1781 0.84375 -3.57067e-07
1.9635 0.84375 2.66149e-07
2.74889 0.84375 5.5457e-08
3.53429 0.84375 1.58363e-07
4.31969 0.84375 -2.10031e-07
5.10509 0.84375 -1.38207e-07
5.89049 0.84375 1.4102e-07
6.67588 0.84375 7.98289e-09
7.46128 0.84375 -4.13676e-07
8.24668 0.84375 6.16508e-08
9.03208 0.84375 2.58444e-07
9.81748 0.84375 3.50577e-07
10.6029 0.84375 4.6772e-08
11.3883 0.84375 -3.84566e-07
12.1737 0.84375 2.91657e-07
12.9591 0.84375 -5.93454e-08
13.7445 0.84375 -8.84065e-07
14.5299 0.84375 7.13614e-08
15.3153 0.84375 6.43782e-07
16.1007 0.84375 1.08628e-07
16.8861 0.84375 1.58254e-07
17.6715 0.84375 3.09019e-07
18.4569 0.84375 -5.95182e-08
19.2423 0.84375 -3.70528e-07
20.0277 0.84375 9.60579e-08
20.8131 0.84375 -1.2646e-07
21.5984 0.84375 -9.63426e-08
22.3838 0.84375 8.68259e-08
23.1692 0.84375 4.93635e-07
23.9546 0.84375 1.58044e-07
24.74 0.84375 -1.35738e-07

0.392699 0.90625 -4.77141e-07
1.1781 0.90625 -3.96357e-07
1.9635 0.90625 2.98815e-07
2.74889 0.90625 9.65788e-08
3.53429 0.90625 1.35259e-07
4.31969 0.90625 -2.679e-07
5.10509 0.90625 -1.8052e-07
5.89049 0.90625 1.73343e-07
6.67588 0.90625 4.35837e-08
7.46128 0.90625 -3.80312e-07
8.24668 0.90625 2.97983e-08
9.03208 0.90625 1.91326e-07
9.81748 0.90625 3.97321e-07
10.6029 0.90625 7.11554e-08
11.3883 0.90625 -4.06841e-07
12.1737 0.90625 2.92821e-07
12.9591 0.90625 -8.4442e-08
13.7445 0.90625 -8.5344e-07
14.5299 0.90625 8.70064e-08
15.3153 0.90625 6.16987e-07
16.1007 0.90625 9.34924e-08
16.8861 0.90625 1.657e-07
17.6715 0.90625 3.76695e-07
18.4569 0.90625 -8.09171e-08
19.2423 0.90625 -4.10848e-07
20.0277 0.90625 1.20196e-07
20.8131 0.90625 -1.32238e-07
21.5984 0.90625 -1.36605e-07
22.3838 0.90625 9.6686e-08
23.1692 0.90625 5.30585e-07
23.9546 0.90625 1.55036e-07
24.74 0.90625 -1.19299e-07

0.392699 0.96875 -4.65869e-07
1.1781 0.96875 -4.34677e-07
1.9635 0.96875 3.30371e-07
2.74889 0.96875 1.33693e-07
3.53429 0.96875 1.09794e-07
4.31969 0.96875 -3.19728e-07
5.10509 0.96875 -2.06779e-07
5.89049 0.96875 1.91576e-07
6.67588 0.96875 7.15492e-08
7.46128 0.96875 -3.32737e-07
8.24668 0.96875 -5.4569e-10
9.03208 0.96875 1.18731e-07
9.81748 0.96875 4.39263e-07
10.6029 0.96875 9.40809e-08
11.3883 0.96875 -4.23939e-07
12.1737 0.96875 2.93994e-07
12.9591 0.96875 -1.27738e-07
13.7445 0.96875 -8.10196e-07
14.5299 0.96875 1.11504e-07
15.3153 0.96875 5.82917e-07
16.1007 0.96875 9.05177e-08
16.8861 0.96875 1.69303e-07
17.6715 0.96875 4.40555e-07
18.4569 0.96875 -1.08315e-07
19.2423 0.96875 -4.50529e-07
20.0277 0.96875 1.48941e-07
20.8131 0.96875 -1.36567e-07
21.5984 0.96875 -1.76277e-07
22.3838 0.96875 1.07501e-07
23.1692 0.96875 5.68259e-07
23.9546 0.96875 1.36776e-07
24.74 0.96875 -1.01908e-07

0.392699 1.03125 -4.50892e-07
1.1781 1.03125 -4.68375e-07
1.9635 1.03125 3.58953e-07
2.74889 1.03125 1.63445e-07
3.53429 1.03125 8.15906e-08
4.31969 1.03125 -3.63846e-07
5.10509 1.03125 -2.1778e-07
5.89049 1.03125 1.98931e-07
6.67588 1.03125 8.97518e-08
7.46128 1.03125 -2.71865e-07
8.24668 1.03125 -2.62221e-08
9.03208 1.03125 4.14614e-08
9.81748 1.03125 4.76772e-07
10.6029 1.03125 1.15278e-07
11.3883 1.03125 -4.37192e-07
12.1737 1.03125 2.94677e-07
12.9591 1.03125 -1.85481e-07
13.7445 1.03125 -7.58237e-07
14.5299 1.03125 1.42889e-07
15.3153 1.03125 5.44805e-07
16.1007 1.03125 9.91568e-08
16.8861 1.03125 1.66951e-07
17.6715 1.03125 4.97811e-07
18.4569 1.03125 -1.37638e-07
19.2423 1.03125 -4.8597e-07
20.0277 1.03125 1.81482e-07
20.8131 1.03125 -1.42e-07
21.5984 1.03125 -2.13214e-07
22.3838 1.03125 1.21542e-07
23.1692 1.03125 6.02728e-07
23.9546 1.03125 1.03192e-07
24.74 1.03125 -8.45739e-08

0.392699 1.09375 -4.3113e-07
1.1781 1.09375 -4.9392e-07
1.9635 1.09375 3.82097e-07
2.74889 1.09375 1.83303e-07
3.53429 1.09375 5.11037e-08
4.31969 1.09375 -3.98686e-07
5.10509 1.09375 -2.1613e-07
5.89049 1.09375 1.99366e-07
6.67588 1.09375 9.75715e-08
7.46128 1.09375 -2.01286e-07
8.24668 1.09375 -4.5432e-08
9.03208 1.09375 -3.91598e-08
9.81748 1.09375 5.10764e-07
10.6029 1.09375 1.34264e-07
11.3883 1.09375 -4.48065e-07
12.1737 1.09375 2.94285e-07
12.9591 1.09375 -2.51641e-07
13.7445 1.09375 -7.01021e-07
14.5299 1.09375 1.7708e-07
15.3153 1.09375 5.05222e-07
16.1007 1.09375 1.18115e-07
16.8861 1.09375 1.57266e-07
17.6715 1.09375 5.452e-07
18.4569 1.09375 -1.64456e-07
19.2423 1.09375 -5.12589e-07
20.0277 1.09375 2.15515e-07
20.8131 1.09375 -1.50196e-07
21.5984 1.09375 -2.45824e-07
22.3838 1.09375 1.39241e-07
23.1692 1.09375 6.30056e-07
23.9546 1.09375 5.6506e-08
24.74 1.09375 -6.77859e-08

0.392699 1.15625 -4.05645e-07
1.1781 1.15625 -5.0864e-07
1.9635 1.15625 3.96877e-07
2.74889 1.15625 1.92025e-07
3.53429 1.15625 1.91918e-08
4.31969 1.15625 -4.23104e-07
5.10509 1.15625 -2.03988e-07
5.89049 1.15625 1.96822e-07
6.67588 1.15625 9.56864e-08
7.46128 1.15625 -1.27046e-07
8.24668 1.15625 -5.81088e-08
9.03208 1.15625 -1.20625e-07
9.81748 1.15625 5.42293e-07
10.6029 1.15625 1.49873e-07
11.3883 1.15625 -4.57873e-07
12.1737 1.15625 2.92424e-07
12.9591 1.15625 -3.19045e-07
13.7445 1.15625 -6.40388e-07
14.5299 1.15625 2.08855e-07
15.3153 1.15625 4.66184e-07
16.1007 1.15625 1.45572e-07
16.8861 1.15625 1.39637e-07
17.6715 1.15625 5.78935e-07
18.4569 1.15625 -1.85109e-07
19.2423 1.15625 -5.251e-07
20.0277 1.15625 2.4765e-07
20.8131 1.15625 -1.61808e-07
21.5984 1.15625 -2.72874e-07
22.3838 1.15625 1.59056e-07
23.1692 1.15625 6.47259e-07
23.9546 1.15625 7.35286e-10
24.74 1.15625 -5.20676e-08

0.392699 1.21875 -3.73961e-07
1.1781 1.21875 -5.11318e-07
1.9635 1.21875 4.00482e-07
2.74889 1.21875 1.89785e-07
3.53429 1.21875 -1.26833e-08
4.31969 1.21875 -4.36804e-07
5.10509 1.21875 -1.82476e-07
5.89049 1.21875 1.94688e-07
6.67588 1.21875 8.57664e-08
7.46128 1.21875 -5.61316e-08
8.24668 1.21875 -6.61566e-08
9.03208 1.21875 -1.99298e-07
9.81748 1.21875 5.72926e-07
10.6029 1.21875 1.60216e-07
11.3883 1.21875 -4.68036e-07
12.1737 1.21875 2.89748e-07
12.9591 1.21875 -3.8122e-07
13.7445 1.21875 -5.76883e-07
14.5299 1.21875 2.33855e-07
15.3153 1.21875 4.29495e-07
16.1007 1.21875 1.79376e-07
16.8861 1.21875 1.14473e-07
17.6715 1.21875 5.95653e-07
18.4569 1.21875 -1.97504e-07
19.2423 1.21875 -5.18569e-07
20.0277 1.21875 2.74333e-07
20.8131 1.21875 -1.76945e-07
21.5984 1.21875 -2.93748e-07
22.3838 1.21875 1.78037e-07
23.1692 1.21875 6.53677e-07
23.9546 1.21875 -5.9065e-08
24.74 1.21875 -3.87349e-08

0.392699 1.28125 -3.36496e-07
1.1781 1.28125 -5.01636e-07
1.9635 1.28125 3.90581e-07
2.74889 1.28125 1.77768e-07
3.53429 1.28125 -4.29497e-08
4.31969 1.28125 -4.40662e-07
5.10509 1.28125 -1.51196e-07
5.89049 1.28125 1.95471e-07
6.67588 1.28125 7.01424e-08
7.46128 1.28125 4.35325e-09
8.24668 1.28125 -7.27015e-08
9.03208 1.28125 -2.69852e-07
9.81748 1.28125 6.0348e-07
10.6029 1.28125 1.62567e-07
11.3883 1.28125 -4.7898e-07
12.1737 1.28125 2.87797e-07
12.9591 1.28125 -4.34017e-07
13.7445 1.28125 -5.10435e-07
14.5299 1.28125 2.49672e-07
15.3153 1.28125 3.97552e-07
16.1007 1.28125 2.17271e-07
16.8861 1.28125 8.27142e-08
17.6715 1.28125 5.93136e-07
18.4569 1.28125 -2.01441e-07
19.2423 1.28125 -4.89384e-07
20.0277 1.28125 2.93102e-07
20.8131 1.28125 -1.95429e-07
21.5984 1.28125 -3.08772e-07
22.3838 1.28125 1.93492e-07
23.1692 1.28125 6.5092e-07
23.9546 1.28125 -1.18188e-07
24.74 1.28125 -2.96857e-08

0.392699 1.34375 -2.94685e-07
1.1781 1.34375 -4.80082e-07
1.9635 1.34375 3.6595e-07
2.74889 1.34375 1.57869e-07
3.53429 1.34375 -6.9718e-08
4.31969 1.34375 -4.36563e-07
5.10509 1.34375 -1.09767e-07
5.89049 1.34375 2.0027e-07
6.67588 1.34375 5.1925e-08
7.46128 1.34375 4.89712e-08
8.24668 1.34375 -8.17251e-08
9.03208 1.34375 -3.26211e-07
9.81748 1.34375 6.33998e-07
10.6029 1.34375 1.53743e-07
11.3883 1.34375 -4.9012e-07
12.1737 1.34375 2.88844e-07
12.9591 1.34375 -4.76345e-07
13.7445 1.34375 -4.41676e-07
14.5299 1.34375 2.56867e-07
15.3153 1.34375 3.72858e-07
16.1007 1.34375 2.56495e-07
16.8861 1.34375 4.55528e-08
17.6715 1.34375 5.71753e-07
18.4569 1.34375 -1.98035e-07
19.2423 1.34375 -4.36807e-07
20.0277 1.34375 3.03237e-07
20.8131 1.34375 -2.16928e-07
21.5984 1.34375 -3.1934e-07
22.3838 1.34375 2.04232e-07
23.1692 1.34375 6.42404e-07
23.9546 1.34375 -1.73503e-07
24.74 1.34375 -2.68548e-08

0.392699 1.40625 -2.50838e-07
1.1781 1.40625 -4.47653e-07
1.9635 1.40625 3.27033e-07
2.74889 1.40625 1.3216e-07
3.53429 1.40625 -9.20555e-08
4.31969 1.40625 -4.26687e-07
5.10509 1.40625 -5.81177e-08
5.89049 1.40625 2.08721e-07
6.67588 1.40625 3.47319e-08
7.46128 1.40625 7.40163e-08
8.24668 1.40625 -9.6586e-08
9.03208 1.40625 -3.61785e-07
9.81748 1.40625 6.62205e-07
10.6029 1.40625 1.30563e-07
11.3883 1.40625 -4.98089e-07
12.1737 1.40625 2.94076e-07
12.9591 1.40625 -5.09882e-07
13.7445 1.40625 -3.71569e-07
14.5299 1.40625 2.58085e-07
15.3153 1.40625 3.57424e-07
16.1007 1.40625 2.93319e-07
16.8861 1.40625 4.25514e-09
17.6715 1.40625 5.34716e-07
18.4569 1.40625 -1.89296e-07
19.2423 1.40625 -3.63116e-07
20.0277 1.40625 3.05933e-07
20.8131 1.40625 -2.41039e-07
21.5984 1.40625 -3.27007e-07
22.3838 1.40625 2.11408e-07
23.1692 1.40625 6.3106e-07
23.9546 1.40625 -2.24214e-07
24.74 1.40625 -3.09895e-08

0.392699 1.46875 -2.07504e-07
1.1781 1.46875 -4.06536e-07
1.9635 1.46875 2.76491e-07
2.74889 1.46875 1.02826e-07
3.53429 1.46875 -1.10045e-07
4.31969 1.46875 -4.12705e-07
5.10509 1.46875 2.31666e-09
5.89049 1.46875 2.1893e-07
6.67588 1.46875 2.19637e-08
7.46128 1.46875 7.85772e-08
8.24668 1.46875 -1.19189e-07
9.03208 1.46875 -3.71594e-07
9.81748 1.46875 6.84979e-07
10.6029 1.46875 9.09734e-08
11.3883 1.46875 -4.98066e-07
12.1737 1.46875 3.03148e-07
12.9591 1.46875 -5.3793e-07
13.7445 1.46875 -3.0132e-07
14.5299 1.46875 2.5757e-07
15.3153 1.46875 3.51376e-07
16.1007 1.46875 3.22754e-07
16.8861 1.46875 -3.92179e-08
17.6715 1.46875 4.88016e-07
18.4569 1.46875 -1.77427e-07
19.2423 1.46875 -2.73636e-07
20.0277 1.46875 3.03214e-07
20.8131 1.46875 -2.67639e-07
21.5984 1.46875 -3.323e-07
22.3838 1.46875 2.18059e-07
23.1692 1.46875 6.18007e-07
23.9546 1.46875 -2.71521e-07
24.74 1.46875 -4.10635e-08

0.392699 1.53125 -1.67107e-07
1.1781 1.53125 -3.59921e-07
1.9635 1.53125 2.19278e-07
2.74889 1.53125 7.14721e-08
3.53429 1.53125 -1.25965e-07
4.31969 1.53125 -3.94586e-07
5.10509 1.53125 6.99549e-08
5.89049 1.53125 2.27872e-07
6.67588 1.53125 1.52485e-08
7.46128 1.53125 6.31835e-08
8.24668 1.53125 -1.48397e-07
9.03208 1.53125 -3.51943e-07
9.81748 1.53125 6.97458e-07
10.6029 1.53125 3.43058e-08
11.3883 1.53125 -4.83099e-07
12.1737 1.53125 3.12455e-07
12.9591 1.53125 -5.64255e-07
13.7445 1.53125 -2.30012e-07
14.5299 1.53125 2.59084e-07
15.3153 1.53125 3.52524e-07
16.1007 1.53125 3.39034e-07
16.8861 1.53125 -8.17953e-08
17.6715 1.53125 4.38437e-07
18.4569 1.53125 -1.64951e-07
19.2423 1.53125 -1.7463e-07
20.0277 1.53125 2.96318e-07
20.8131 1.53125 -2.97452e-07
21.5984 1.53125 -3.32998e-07
22.3838 1.53125 2.28592e-07
23.1692 1.53125 6.00283e-07
23.9546 1.53125 -3.17619e-07
24.74 1.53125 -5.33058e-08

0.392699 1.59375 -1.31953e-07
1.1781 1.59375 -3.11972e-07
1.9635 1.59375 1.62059e-07
2.74889 1.59375 3.90574e-08
3.53429 1.59375 -1.42183e-07
4.31969 1.59375 -3.69446e-07
5.10509 1.59375 1.42435e-07
5.89049 1.59375 2.30798e-07
6.67588 1.59375 1.27933e-08
7.46128 1.59375 3.09282e-08
8.24668 1.59375 -1.8003e-07
9.03208 1.59375 -3.01668e-07
9.81748 1.59375 6.95298e-07
10.6029 1.59375 -3.87799e-08
11.3883 1.59375 -4.47597e-07
12.1737 1.59375 3.16227e-07
12.9591 1.59375 -5.90962e-07
13.7445 1.59375 -1.54056e-07
14.5299 1.59375 2.65574e-07
15.3153 1.59375 3.55945e-07
16.1007 1.59375 3.36146e-07
16.8861 1.59375 -1.19291e-07
17.6715 1.59375 3.92315e-07
18.4569 1.59375 -1.53651e-07
19.2423 1.59375 -7.29033e-08
20.0277 1.59375 2.82721e-07
20.8131 1.59375 -3.31882e-07
21.5984 1.59375 -3.22937e-07
22.3838 1.59375 2.47795e-07
23.1692 1.59375 5.70652e-07
23.9546 1.59375 -3.64413e-07
24.74 1.59375 -6.12994e-08

0.392699 1.65625 -1.04829e-07
1.1781 1.65625 -2.65871e-07
1.9635 1.65625 1.11897e-07
2.74889 1.65625 5.09344e-09
3.53429 1.65625 -1.60012e-07
4.31969 1.65625 -3.29822e-07
5.10509 1.65625 2.16856e-07
5.89049 1.65625 2.20475e-07
6.67588 1.65625 8.83649e-09
7.46128 1.65625 -1.36713e-08
8.24668 1.65625 -2.05713e-07
9.03208 1.65625 -2.19943e-07
9.81748 1.65625 6.70814e-07
10.6029 1.65625 -1.26898e-07
11.3883 1.65625 -3.85492e-07
12.1737 1.65625 3.04821e-07
12.9591 1.65625 -6.15506e-07
13.7445 1.65625 -6.45362e-08
14.5299 1.65625 2.76547e-07
15.3153 1.65625 3.53836e-07
16.1007 1.65625 3.0834e-07
16.8861 1.65625 -1.46443e-07
17.6715 1.65625 3.53249e-07
18.4569 1.65625 -1.44191e-07
19.2423 1.65625 2.5321e-08
20.0277 1.65625 2.5368e-07
20.8131 1.65625 -3.70894e-07
21.5984 1.65625 -2.90207e-07
22.3838 1.65625 2.78842e-07
23.1692 1.65625 5.15731e-07
23.9546 1.65625 -4.11215e-07
24.74 1.65625 -5.58846e-08

0.392699 1.71875 -8.95309e-08
1.1781 1.71875 -2.22478e-07
1.9635 1.71875 7.39391e-08
2.74889 1.71875 -3.07112e-08
3.53429 1.71875 -1.73804e-07
4.31969 1.71875 -2.64884e-07
5.10509 1.71875 2.83827e-07
5.89049 1.71875 1.86056e-07
6.67588 1.71875 -3.96973e-09
7.46128 1.71875 -6.09999e-08
8.24668 1.71875 -2.13431e-07
9.03208 1.71875 -1.09928e-07
9.81748 1.71875 6.12882e-07
10.6029 1.71875 -2.25115e-07
11.3883 1.71875 -2.94512e-07
12.1737 1.71875 2.67302e-07
12.9591 1.71875 -6.24559e-07
13.7445 1.71875 4.80749e-08
14.5299 1.71875 2.8602e-07
15.3153 1.71875 3.34996e-07
16.1007 1.71875 2.51186e-07
16.8861 1.71875 -1.56383e-07
17.6715 1.71875 3.2163e-07
18.4569 1.71875 -1.34801e-07
19.2423 1.71875 1.10127e-07
20.0277 1.71875 1.93628e-07
20.8131 1.71875 -4.06163e-07
21.5984 1.71875 -2.18215e-07
22.3838 1.71875 3.17087e-07
23.1692 1.71875 4.18184e-07
23.9546 1.71875 -4.49901e-07
24.74 1.71875 -2.7484e-08

0.392699 1.78125 -9.04229e-08
1.1781 1.78125 -1.77672e-07
1.9635 1.78125 4.92923e-08
2.74889 1.78125 -6.58594e-08
3.53429 1.78125 -1.69895e-07
4.31969 1.78125 -1.67718e-07
5.10509 1.78125 3.22088e-07
5.89049 1.78125 1.17838e-07
6.67588 1.78125 -2.66997e-08
7.46128 1.78125 -9.67327e-08
8.24668 1.78125 -1.8855e-07
9.03208 1.78125 1.61643e-08
9.81748 1.78125 5.01696e-07
10.6029 1.78125 -3.16588e-07
11.3883 1.78125 -1.75152e-07
12.1737 1.78125 1.9308e-07
12.9591 1.78125 -5.89466e-07
13.7445 1.78125 1.84562e-07
14.5299 1.78125 2.75636e-07
15.3153 1.78125 2.85713e-07
16.1007 1.78125 1.67436e-07
16.8861 1.78125 -1.39858e-07
17.6715 1.78125 2.90904e-07
18.4569 1.78125 -1.2343e-07
19.2423 1.78125 1.64841e-07
20.0277 1.78125 9.04212e-08
20.8131 1.78125 -4.10873e-07
21.5984 1.78125 -9.5042e-08
22.3838 1.78125 3.38405e-07
23.1692 1.78125 2.64833e-07
23.9546 1.78125 -4.56296e-07
24.74 1.78125 2.73673e-08

0.392699 1.84375 -1.06501e-07
1.1781 1.84375 -1.23601e-07
1.9635 1.84375 3.40158e-08
2.74889 1.84375 -8.80069e-08
3.53429 1.84375 -1.29273e-07
4.31969 1.84375 -5.59789e-08
5.10509 1.84375 2.96079e-07
5.89049 1.84375 2.34409e-08
6.67588 1.84375 -4.49944e-08
7.46128 1.84375 -1.00491e-07
8.24668 1.84375 -1.2628e-07
9.03208 1.84375 1.2056e-07
9.81748 1.84375 3.28428e-07
10.6029 1.84375 -3.60621e-07
11.3883 1.84375 -4.68496e-08
12.1737 1.84375 9.00084e-08
12.9591 1.84375 -4.72878e-07
13.7445 1.84375 3.06781e-07
14.5299 1.84375 2.18591e-07
15.3153 1.84375 2.00586e-07
16.1007 1.84375 7.72761e-08
16.8861 1.84375 -9.14848e-08
17.6715 1.84375 2.46299e-07
18.4569 1.84375 -1.09734e-07
19.2423 1.84375 1.63929e-07
20.0277 1.84375 -3.74518e-08
20.8131 1.84375 -3.4012e-07
21.5984 1.84375 5.54315e-08
22.3838 1.84375 2.96595e-07
23.1692 1.84375 7.74818e-08
23.9546 1.84375 -3.91007e-07
24.74 1.84375 8.98129e-08

0.392699 1.90625 -1.13825e-07
1.1781 1.90625 -5.68612e-08
1.9635 1.90625 2.29754e-08
2.74889 1.90625 -7.6929e-08
3.53429 1.90625 -5.71028e-08
4.31969 1.90625 1.51954e-08
5.10509 1.90625 1.89114e-07
5.89049 1.90625 -4.89554e-08
6.67588 1.90625 -3.45962e-08
7.46128 1.90625 -6.49097e-08
8.24668 1.90625 -5.20184e-08
9.03208 1.90625 1.47318e-07
9.81748 1.90625 1.30656e-07
10.6029 1.90625 -3.02963e-07
11.3883 1.90625 4.62833e-08
12.1737 1.90625 6.12557e-10
12.9591 1.90625 -2.74727e-07
13.7445 1.90625 3.24349e-07
14.5299 1.90625 1.09938e-07
15.3153 1.90625 1.00433e-07
16.1007 1.90625 1.87072e-08
16.8861 1.90625 -2.8079e-08
17.6715 1.90625 1.6702e-07
18.4569 1.90625 -9.38303e-08
19.2423 1.90625 1.00889e-07
20.0277 1.90625 -1.13906e-07
20.8131 1.90625 -1.8133e-07
21.5984 1.90625 1.43503e-07
22.3838 1.90625 1.68538e-07
23.1692 1.90625 -5.71365e-08
23.9546 1.90625 -2.38045e-07
24.74 1.90625 1.0933e-07

0.392699 1.96875 -6.17147e-08
1.1781 1.96875 -2.08607e-09
1.9635 1.96875 1.62556e-08
2.74889 1.96875 -2.52493e-08
3.53429 1.96875 5.21237e-10
4.31969 1.96875 -1.52237e-09
5.10509 1.96875 5.00307e-08
5.89049 1.96875 -3.6528e-08
6.67588 1.96875 -1.54424e-09
7.46128 1.96875 -9.68184e-09
8.24668 1.96875 -2.12229e-08
9.03208 1.96875 7.33285e-08
9.81748 1.96875 2.16944e-08
10.6029 1.96875 -1.38564e-07
11.3883 1.96875 4.21349e-08
12.1737 1.96875 -6.3242e-09
12.9591 1.96875 -8.61185e-08
13.7445 1.96875 1.5263e-07
14.5299 1.96875 2.09625e-08
15.3153 1.96875 2.46326e-08
16.1007 1.96875 7.51482e-09
16.8861 1.96875 3.39108e-09
17.6715 1.96875 5.83311e-08
18.4569 1.96875 -5.72178e-08
19.2423 1.96875 1.68677e-08
20.0277 1.96875 -6.3241e-08
20.8131 1.96875 -3.13763e-08
21.5984 1.96875 7.83692e-08
22.3838 1.96875 3.74326e-08
23.1692 1.96875 -4.29521e-08
23.9546 1.96875 -6.87266e-08
24.74 1.96875 4.97753e-08

